ClaimID,PatientID,ProviderID,ClaimDate,ServiceDate,DOB,DiagnosisCode,ProcedureCode,ClaimAmount,PatientGender,ZIP,State,ProviderSpecialty,ProviderLocation,ClaimStatus,ClaimType
f645d790-b365-49a7-92c4-97c7ade14442,58a2eb39-fc48-4d38-b228-a09d09591df2,2c799ea8-0106-4bb6-8d56-d888d66bb102,2024-05-02,2024-03-12,1980-02-27,Vu487,tN660,1821.56,M,99874,MA,Orthopedics,Garciaburgh,Denied,Emergency
7d4fcf46-8161-46f5-8620-c8536c609a52,5270bfcc-cb48-461a-ba63-12c905a0e224,b330be36-f041-4bbf-98d9-1050bf5c309c,2023-05-26,2025-08-13,2010-05-15,vQ181,mL117,6633.84,F,78549,ID,,East John,Denied,Inpatient
,a161cfa6-d2e1-4b31-84f5-18855a5eb868,a69c2947-2198-46d1-bb26-549db39d62e0,,2023-12-12,,Nq668,Ug993,9601.93,M,52463,SD,Neurology,Johnsonland,Denied,Routine
8bd96d46-53d2-41fb-907a-7d33c62992a4,daa96234-e32e-4f73-bd9b-5421acd80896,96b2be96-04ab-4c57-ac75-86c0ae9b5650,2023-11-12,2025-01-31,1957-09-13,Dy345,Sb138,3865.97,F,67357,,Cardiology,Lake Lauraton,Denied,Outpatient
1b34cdfe-81b3-4959-99cb-ca7bf6e57f63,0f91c64f-bdcf-4f85-9aca-873be92559d8,7084e6b4-a3eb-478d-a575-04031c75bd7c,2023-05-08,2025-03-09,1960-01-08,Zv703,Zl922,4134.68,M,82788,OK,Neurology,North Chase,Denied,Inpatient
508b6c06-a075-47c3-987d-2948a37a93fb,baad7a8e-055f-4ef8-a766-2ab0f23c4f6d,399656e9-0e26-4dbc-9270-3225c84da8ea,,2025-03-11,1956-08-09,wu340,Fq556,388.78,F,95856,WA,Cardiology,Lake Joe,Pending,Inpatient
c062dd2d-a5ee-4f8d-99c4-50c04080c3d0,7c0f6000-7361-421d-a76a-02b77e6cc991,b638bdfc-d32c-4a79-bb2e-76aab2e68a82,2023-09-29,2025-02-06,2004-09-29,ay725,vP086,7004.46,M,50687,PR,Neurology,North Jacquelinestad,Pending,Outpatient
7a882988-1077-4f96-adb7-35b56305bf2c,b7da466b-b73d-4206-969f-471f0ea2e4e0,d7e36498-3e31-49d1-9ab3-784c32857c86,2023-05-31,,1993-10-29,Zl855,rt987,1301.71,,70209,AL,Cardiology,Lake Patriciabury,Denied,Routine
0a0bc57a-aee8-45bb-a38d-9ba504043c98,5d67c634-5d5f-4c02-8806-e7be07a076f6,,2023-06-16,2024-03-18,1997-08-13,cz229,ND924,5291.46,F,73006,LA,Cardiology,Kaneshire,Approved,
42038164-94e7-4c1c-ace7-34c45c05d8ea,cef28ee4-8e19-4c37-9f64-4514610a6836,e328cc77-bb76-4227-ad5c-dc5cf4bf88be,2024-04-10,,1966-02-27,bz198,qm430,4376.99,M,90817,,Cardiology,North Michelle,Denied,Outpatient
e5361867-6ffa-467a-8ca6-79ed1b5b2543,802466fe-9790-47fe-a68f-99714cb768db,f191b517-7d1a-4073-b7b0-1b568d767353,2022-08-03,2025-08-24,1955-01-28,XR935,Lq265,9813.74,M,41502,OK,Orthopedics,South Lisa,Approved,Routine
c14a0b87-355c-4562-9116-25bcf2cadb0c,90cf1b2d-c501-464c-b567-0d1ad5e4efbe,57f72878-a3af-49c2-9ec7-822b472c66f3,2023-09-11,2025-11-24,1971-06-07,Tf429,Ed097,1219227.73,F,53028,WY,Neurology,Jarvisshire,Approved,Routine
a914792f-7b29-4435-8da5-1571c487edf0,014a3e25-7e6b-4087-8c81-22d3ca7433a8,a76acaf6-cd96-4a26-9196-21b5902c9f6d,2023-11-22,2025-02-02,1999-02-12,UN731,bz166,9350.89,M,95944,DC,Neurology,Peterside,Approved,Emergency
b9bc5e13-2485-4ebc-9594-5afe0766aa72,a9a0a0e8-2168-4a21-9542-9a2e2afdc646,06951788-e20e-47e7-9b81-2fa9a3af90f5,2023-11-23,2025-04-12,2014-12-15,NO855,vd245,9532.87,M,81909,IL,,Crystalberg,Approved,Emergency
bda8f643-8bce-44c9-ba3d-d1391c8bd80c,905ceb88-3ab8-4c02-b5d7-81bf68da0ba7,238ca500-cd1b-40dd-b9fb-006244613cea,,2025-10-24,1977-03-28,YE721,,9977.72,F,92738,IL,General Practice,East Ronald,Approved,Emergency
e2d3bd68-76d7-415d-880b-89c51cc53f95,84eb4a29-fad8-485b-a154-8aa49cdce9e5,b985a086-5921-40b7-863d-b465a403c1de,2024-02-05,2024-11-12,1968-03-29,,Gf829,3572.05,,01134,MO,Orthopedics,North Michelleview,Pending,Emergency
da1c36ee-9e1c-4f9a-bfaa-5acc91cd3254,b1df4880-e5e7-49bb-a788-850f43435c7b,485c4150-34e9-48fb-9fd0-12f141beaefd,2022-08-27,2024-01-27,,DJ116,nP140,4394.79,F,44673,TX,Neurology,Garychester,Pending,Inpatient
49c028b6-b84a-4dcd-97d4-ff5f78993a22,c030fc75-7145-4085-a82b-eb8f082ba7b0,f7ad6e13-6950-4c3e-95b1-6afbc73a0879,,2025-07-21,2001-07-01,Ja453,Cd324,8727.46,M,06247,IL,Cardiology,Pittsfurt,Approved,Emergency
74db595e-6fe1-4e8f-a260-96b850fecd28,4ce92fad-af1f-496b-874f-5800d40a9b1a,b60c5a82-c2fa-42cb-a095-94741826a431,2022-08-11,2025-10-21,1990-08-07,CZ894,TK203,1893.38,F,47190,GA,Cardiology,East Gregory,Denied,Inpatient
,053822e8-9eac-4423-ad9c-6b13026bf323,876b3316-2d53-4468-a1ae-62ee7110bac7,2022-07-13,2024-01-27,1993-06-02,cD577,,,M,78855,VT,Neurology,Brandonmouth,Approved,Outpatient
7bcfd6bf-a5d6-4bc9-a82c-c2e5d874a98a,37a25e10-dd2e-4707-96e0-e818df3c42f4,57c8a9ab-5772-4979-8a50-c83cb569b21e,2023-06-24,2024-09-16,1955-11-18,GM036,fI232,1894.21,F,55150,KY,General Practice,Thomasmouth,Pending,Outpatient
9cb9a5fa-5b43-48b8-a39d-0e6ced628ddb,601cd902-2131-4e2f-8daa-f638d32c86bd,0d9fe1e3-8bf5-42ea-ae59-fafeb7add3e4,2023-11-23,2024-05-10,1981-03-09,KE878,eR318,6766.98,F,88090,GU,Neurology,Hernandezberg,Pending,Inpatient
,373163e2-8524-4588-8e0e-242a21c441c2,9e82e263-8ce9-4265-8d0b-b8f0df2e4fed,2023-08-16,2024-12-23,2008-12-08,sM189,Gj032,3369.13,F,70216,UT,Neurology,Petersbury,Denied,Emergency
849ea8f6-af79-48e1-b9c4-976239301a20,2e98bfe4-7ed5-4cbe-b50c-17e50480e5ba,641b5d48-e7d3-407a-bae4-c23f36d9df84,2022-12-01,2024-01-23,2005-08-01,Fn579,up499,6620.75,F,85723,IN,Neurology,South Catherinemouth,Pending,Inpatient
825d5dce-1a01-4ba0-b9cb-d74114c007ad,4b93465e-517f-48fb-9f5d-ca05eb47b374,088279bc-7087-4851-8d98-5ad27c7df9d3,2022-08-07,2024-01-22,2014-01-08,Zm386,Ji760,5175.28,F,,PA,Cardiology,Williamsfort,Approved,Routine
fc57423a-ca2a-41e1-b982-bbad891d407d,1ff2d739-436e-4d6e-9e53-2e9beb5a2ad9,36448573-9acf-4aad-9a47-1d77575dc1cb,2022-09-26,2023-12-25,1999-02-06,YF405,Bp319,5196.69,M,09627,NC,Cardiology,Troyborough,Approved,Inpatient
7de7dc22-8e18-4cf6-bf11-c07f76ca37b2,c143d4f7-2f5c-40dc-9a95-1b8a5050f51b,d690ca33-7b66-415f-9908-a3a5ef23948a,2023-03-31,2024-01-23,1952-01-02,kW596,qq227,6996.84,F,77508,ID,Pediatrics,Jessicahaven,Pending,Inpatient
ce599626-c88b-4ba2-bd77-74bb3ef0ef0a,b1b13fa8-5bd3-456c-a8f1-c4ba628cab13,e63bf4c9-1cdc-416a-95e9-36ce5167c490,2023-08-27,2024-06-17,2000-05-17,ol098,xi732,354.33,M,02417,ND,Orthopedics,Frenchstad,Pending,Outpatient
490f8ce3-d141-42b7-bfac-e473b80fbd9c,6d04f003-d1b5-40d7-87e4-4e98227ce02a,c2e3d816-140e-4673-a913-65056d243893,2022-07-29,2025-04-23,1981-08-04,Au063,XY123,9712.31,M,67740,MN,General Practice,Lanceview,Pending,Outpatient
ab6b425f-957e-4448-a715-97d8aabddb6d,67f76baf-3c23-45ee-8898-ec4a25c85e11,866b8799-1436-4c1b-ae34-37e1fda57c99,2022-07-10,2024-03-20,1954-10-26,WR149,nT413,9838.42,F,06726,MS,Orthopedics,Davidhaven,Pending,Routine
776ea979-c2bb-4206-97bc-f7da92c3213a,5d0106c5-1c18-439e-a307-495ef709a2eb,9ede5384-2f90-4bce-b1e3-30b60aebf161,2023-08-13,2025-04-22,1954-03-22,tu642,cj273,757.79,M,57534,PA,Pediatrics,Ashleyberg,Denied,Outpatient
becf705c-b9bd-4683-a0fc-0aefee240fa1,effb6603-09f1-438c-864a-c8718d5dfea7,c173a52c-39fe-44b4-a3d5-4e4324a423e5,2024-06-04,2025-08-30,1973-10-06,MT326,yc208,3222.53,M,44095,RI,Pediatrics,New Josehaven,,Inpatient
b15cc5cd-3ab8-4d05-8ac4-57240abfa3b6,2af1f7d0-f926-4811-b4b9-6268b3824c3e,5571a7ce-cc18-422a-b8a2-8739eeb19b85,2023-01-14,2025-10-23,1943-10-14,pj639,KD928,,F,62483,WV,Cardiology,Ramirezmouth,Approved,Inpatient
,0eef6fdf-d7d4-4243-ab6c-d6388c7d81cb,fbd50514-af0b-4e65-b9ce-db522b1e9507,2024-03-12,2024-01-28,2004-06-05,In523,to368,7175.72,M,46977,IA,General Practice,Danatown,Denied,
3d32d529-7d94-4c30-8202-62c7071fa853,76044e78-c450-48fe-94fc-53dab57a44ad,dce8e6bf-e324-4c34-be99-519427a3d5fe,2024-03-25,2025-06-05,2010-07-09,qL681,zK757,7820.23,F,09350,TN,Cardiology,,Denied,Inpatient
2ac6f569-5066-4768-be92-1d32b9f70862,bdf07a54-b39d-493e-bad1-29538784c5b4,06a883fb-d5d5-4f29-895c-8f725dec4488,2024-02-03,2024-09-14,1946-09-10,jq940,Vw085,4633.5,F,52550,OR,Pediatrics,,Denied,Emergency
18a879e3-fac8-4724-a54e-583380515159,54886803-2210-495d-b108-5fb8d4a8e933,60287c82-0d55-4da2-a1ea-15c193b5a567,2024-05-03,,1936-05-06,Ha674,iU956,7968.63,M,37268,TX,Neurology,Sarahburgh,Denied,Routine
2f78ff1b-3050-4a9a-b95f-bc6da7334fbf,2274c0a0-7652-4ae9-a48d-fdcf022b4a3f,5dd2e0ed-43a6-4a77-8f3c-cabb71b2cbc9,2023-08-12,2025-11-10,1996-09-01,rR446,,6190.67,M,22808,NJ,Pediatrics,Nancyberg,Approved,Inpatient
dd44a83f-f2ff-4e45-bc75-66537ac4e32d,1de4e496-14a9-4c52-aed3-7ec1060f61f9,aadd710c-a49f-4ba7-adba-a09f41b0db64,2023-06-29,2025-05-28,1986-12-08,mV223,Vx861,3906.66,F,55160,CA,Orthopedics,Foxside,,Inpatient
314f55ad-c029-4b65-8c1a-b9401452186a,77c7b2a9-ee47-45ff-90ad-1213597b534d,b8c25646-0131-491c-b80d-00f657f3a32e,2023-07-17,2025-09-16,2006-02-01,rQ430,lT360,5311.39,M,,AZ,Pediatrics,Grayport,Pending,Outpatient
e7fea5d7-9967-4dc7-815f-0ed028f3e122,cadc2501-d4ac-41e5-9a81-483f571f5e7b,5603da3f-569e-4f54-8b15-dc14e93bc5ef,2023-04-28,2025-06-21,1954-12-30,tS636,Fa455,4979.36,,87002,ND,General Practice,Perezshire,Approved,Routine
73ad61ba-7e25-44ba-a85f-3f93c1c7fb7b,76a5a833-37d6-40ee-8851-39d7059a0278,68e37f80-6cfc-463b-94d9-0e633fe220ef,2024-05-25,2023-12-18,2015-04-06,VM499,GY628,9784.38,F,84304,OR,Orthopedics,New Thomasberg,Approved,Routine
bbba9d10-7b00-4016-83f0-c3f6ba979afa,48788bfb-71c6-40f8-b8ee-43ce207fc754,bd2bf50a-a681-4dee-a98b-0ab31df1782d,2023-03-05,2023-12-25,1940-09-25,RB485,LX714,7298.97,,15011,CA,Orthopedics,Bautistaton,Approved,Inpatient
8e728321-128e-4ca0-bd6b-7166b209afac,6e841630-e978-4311-b48a-3e4b4e7ecf03,b29f39b1-baaf-417a-ae06-af9e3653ffc1,2023-06-22,2025-10-13,1941-01-02,,aL788,3029.73,F,88537,MI,Pediatrics,Keithshire,Approved,Inpatient
c34b2222-5952-4863-80f4-348a6b2398a0,b08e709a-3cd0-4ff0-b8f3-6abc7dcac7c7,5698f53b-02ec-4353-a958-62801bdd2b43,2022-08-20,2025-03-06,1952-08-25,Ue097,PK681,1002.94,M,14708,OK,Pediatrics,Robertston,Approved,Inpatient
9a8f2358-fcad-4e13-b911-05b8e7a9eb84,de727ff6-2a1c-4afb-8e35-8b4234e32739,341d2cc8-84ef-4c85-af75-a1c662e6a0a0,2023-01-01,2024-06-06,1959-09-24,,,3069.43,M,97828,RI,Neurology,Lake Derrickstad,Pending,
cbc47838-bc95-4c6d-b7a4-4a2010e0b0ef,aaa08ff5-e2c2-4bc3-a2e5-f0aa907aa7ea,13fac692-582c-4f65-8a1c-ce745ec9a2eb,2024-06-08,2025-04-21,1998-06-06,LC869,Eb402,2412.72,F,28990,NV,Pediatrics,New Ambershire,Pending,Emergency
4865312f-b6ce-462e-807b-b0b4e6dfa1d2,06a5e0ed-09d0-4346-aaa0-8d101065c601,c068fda9-2485-468a-a4c2-475187bff993,2023-04-15,2024-02-11,1968-10-04,KM392,dr220,8163.24,F,20567,WY,Pediatrics,Mayfort,Pending,Emergency
1905b6ea-13db-4bbb-afd2-de02e8c669fd,35f1ad63-adb3-494b-9c46-ed0862ef7aed,cc89acf2-92a1-4e7f-9199-fdf2d7b34ae1,2022-08-26,2025-04-16,1962-12-23,JZ695,NE284,8821.63,M,81796,TN,Orthopedics,Cooperfort,Approved,Outpatient
d3fd7ad0-c9db-4d7f-832e-f783426fe332,8ab924ae-1830-4823-bf8f-7997454365bc,feefcda7-bd36-4ef1-bb40-787f68c56157,2023-02-28,2025-11-24,1959-12-19,bq558,,2230.5,,63077,MI,Pediatrics,Goodport,Denied,Outpatient
d89b3582-bab1-42a5-938e-db627df920fa,2c069726-ebee-49c0-9334-4863a9afd0f8,f41ed7a2-ed4a-4965-bb60-3a50560e78ec,2023-08-24,2025-02-10,1947-04-05,kI145,UC914,6299.72,M,99790,HI,Pediatrics,East Kellyhaven,Approved,Inpatient
264f9234-35b7-48e0-863e-3038f05e51a8,977390da-7037-497c-8da8-05b785fc8aae,2410738f-52d7-4a35-8a3c-820813284abc,2022-11-17,2024-11-23,1993-05-03,bD094,XX500,5251.05,M,01174,ME,Neurology,West Vincent,Denied,Outpatient
204cdc8f-5e27-4227-be28-be68581550d7,403ce887-4477-4a50-9ea5-7b4fc1dea0d2,d11fb9f8-001b-4761-8217-736921e31677,2023-10-29,2025-04-07,1951-07-21,zw798,dM105,755.04,F,23230,VT,Orthopedics,Paynebury,Denied,Outpatient
cc2cff21-0fcc-42c8-a997-6dd8d5fedf78,ab4e2691-2c39-470d-bb1c-b16da8da3b0c,e82d69d6-6d1e-4222-8b2e-537fe0c7f23a,2022-09-20,2025-07-12,1947-05-04,aE034,La171,,F,54509,NM,Pediatrics,Anthonybury,Pending,Emergency
269ad059-6880-4b8d-b5c9-821eee2436c0,57feb219-6852-4bb9-845e-7f6336745a9d,294b533b-eb45-427a-b929-b35cd4d9759e,2024-04-19,2025-02-16,1961-07-22,za711,KF975,2789.17,M,29720,WY,Pediatrics,Christopherborough,Approved,Inpatient
a3dec2b5-d579-41f1-b00b-2a73afedf8e6,aa34bf80-360b-4735-b6b1-48381d7d58a1,a044a278-faed-4704-9772-2a691abadb7b,2022-12-29,,1984-04-05,,Ll950,663.13,F,52393,HI,,Kirkton,Approved,Emergency
43ed13d6-60f0-4bcf-b746-d0e2950faa6a,4bc12c10-2337-4093-b42c-501e66d54b09,0789f906-20f4-4023-a7a6-f5ca7e4957ad,2023-10-16,2024-06-25,1955-08-03,Dz400,QE173,,F,59141,MS,Neurology,Hughesville,Approved,Emergency
03f425fe-86f0-40b1-99e6-c33776bdaed8,f2be3b87-2673-46db-b240-036c53c4e054,724b3a42-7655-4a3e-bfbd-1087930d96a0,2023-03-21,2024-05-18,2006-12-18,NL361,NP749,9099.42,F,58290,DC,General Practice,Collinsview,Denied,Emergency
7f5ee525-386d-4d33-9590-e51d02ec754a,66489b7f-8172-4547-b4a8-4211c390bd11,7f71d93e-3199-4043-acb0-751426249654,2023-05-09,2025-02-23,1936-04-25,rJ279,Xo725,3109.03,M,79536,SC,Pediatrics,Lake Leslie,Denied,Routine
9ce9d83d-5636-40ff-af42-9c3dcae228a1,50a04068-776e-40d2-aa10-52fa07a7a016,9fa77aba-4579-4809-bb66-f12ffd4af8aa,,2025-02-03,2003-03-05,QZ232,Nx789,-320.43,M,21409,MP,General Practice,East Lisafurt,Denied,Routine
a3b781de-3394-4067-a016-d5bba0882c34,58838d1d-d8a8-49b0-903e-eb33df54ac75,1df38577-a45a-4b0c-95d3-c37af32fa2ec,2024-05-23,2025-05-17,2012-03-27,Qw580,iR290,6751.74,F,05231,AK,General Practice,Melissahaven,Pending,Emergency
0dd3e79d-f8a3-4328-bb01-be0e0c16db39,,,2024-05-17,2025-03-31,1981-01-19,,oR763,8192.69,M,80751,WV,Neurology,Port Amymouth,Approved,Routine
1d8fe1ae-b519-4740-b340-769d309b40e8,9cad9942-631e-4b10-a316-53067a13f6ca,c7b253cd-2b32-4b0e-9c68-eeb21650b360,2023-11-29,2025-10-06,1996-11-23,Ua826,oJ803,2650.31,F,58222,GA,Pediatrics,Ashleyton,Pending,Emergency
4121f223-d4b0-4c8b-bbcc-e4b8c6def848,71062e2e-23db-449e-8351-731ca2f8b29b,9838f0d1-b095-4473-be3a-1f002d056604,2022-11-19,2024-02-16,2002-11-10,nI974,MJ187,5598.1,M,55889,RI,Cardiology,Port James,Denied,Emergency
7009e61f-6981-4581-bab3-feee8117c103,d222236b-a343-4043-8bd8-9047c55f9405,585714bd-9a3f-4fc0-ae18-6538e571e705,2023-12-06,2025-03-05,2009-07-02,Xn388,ll865,5818.17,F,01135,ID,Pediatrics,Joshuamouth,Approved,Emergency
69c9d152-84cd-4eb5-b686-ed6878e38089,ce72fa3c-d509-4302-8ddf-78a7a53ce703,eecf4a23-09f6-4304-b614-fb7f0cc68cf6,2022-12-29,2024-02-22,1963-07-14,TJ740,hC758,8660.12,M,96784,MO,Orthopedics,South Melissabury,Denied,Emergency
d748e7ec-490a-4929-8eee-5526bc16b220,8d9a785c-3f7c-479f-857b-f076ff9eef9c,4ceb08c6-4964-42d2-a892-d8f31ead3ad1,2023-12-16,2024-09-20,1982-11-29,Cx590,ZI090,9327.08,F,75408,NH,Cardiology,Judithville,Denied,Outpatient
6f53031b-fae3-4d00-ab66-69bc826e0dbc,e89f07f6-f444-462f-b6f2-039aac1fb6d2,88480035-2d88-4713-9d5b-fce65a4f5e32,2023-12-11,2024-10-24,1989-09-16,LT405,eZ895,6671.52,M,59022,NJ,Cardiology,Timothymouth,Approved,Routine
5ed6b770-061e-4e0f-b31b-c19fec2f46e0,0fb5738d-45c0-489f-9be6-c48072a4f227,341a33b7-4abd-4899-a924-d9f8da92e87f,2024-02-27,2024-07-14,1998-02-09,DR058,mK845,5569.76,M,61341,MO,General Practice,New Lorraine,Approved,Inpatient
7fe6405a-f185-4562-86fb-09e72ef59004,88415c5b-2a0b-4313-a09d-8418a350dc31,aa00aad9-c9cf-42ca-b8d6-98ec11a92f89,2022-10-07,2024-12-15,1947-01-16,eq437,mN879,3083.64,M,90934,,General Practice,Clarkfurt,Approved,Routine
2f798f11-0c9e-4ae9-b580-d3c4107967b1,003662ef-f5b8-4920-8873-45ea0d926b0c,16712a1d-6a2a-461b-9a0f-3be8c1b35b7a,2022-08-09,2024-10-01,1938-03-28,YX981,Gw680,2241.69,F,27354,KY,General Practice,South Charles,Approved,Inpatient
186b7d3d-8f43-4d5a-bbe2-2f84d404eef7,,270433fa-e0e7-4042-99ec-583306c704c0,,2025-03-12,1980-04-09,Hb928,xC026,2875.31,F,40835,SC,Orthopedics,Lake Patrickhaven,Pending,Emergency
136c7c34-3f72-4621-afae-278028a4add1,40d0c89e-f563-423c-ba94-3d40a708d59c,4147a922-b138-40cf-8e99-843fb1de9fae,2022-09-01,2025-08-14,1949-02-06,hV561,lZ545,7524.78,F,85697,MS,Neurology,East Lindsey,Pending,Emergency
34eeee5f-41fb-4d03-8f30-8b148a138cd4,670af201-33a1-4f0c-a6ce-36daae077a9f,7ebcfadc-e602-4861-b00e-387ccf0fd70c,2024-07-06,2025-01-23,1952-09-07,RE044,SE321,6789.06,F,,PR,Neurology,Sarahland,Approved,Routine
3117c863-2fd0-45f2-967b-b65f39c6b096,659bef39-1dd1-448f-a9ac-51bd8a0184e0,a9584165-75df-4440-959c-a27cfcf9fd19,2023-01-02,2024-09-22,1980-07-21,DZ448,ec152,5875.35,F,48490,MS,General Practice,Carterburgh,Pending,Routine
5df71982-957f-4138-aa91-6d72e30516aa,59852ed4-a813-4541-90bb-953e9b57edb5,06864e7e-27db-4b48-96a9-91bb1d1b1dca,2023-06-10,2025-04-29,2005-04-19,Fz005,ZD464,6116.59,F,98308,SC,General Practice,North Patricia,Pending,
e8db965a-ce98-4def-922f-24d543860144,259c1fa1-9394-4b47-8780-e7d6e8842b1b,13005332-61e1-4f5d-bc25-2b041a7f3fa0,2023-03-27,2025-02-09,1974-02-14,,RB443,2414.03,M,15570,OK,General Practice,Port Dennis,Denied,Emergency
2cb49060-45c8-486c-ab1c-91c3071a30b4,a19a125c-091c-4bf4-ad37-af82df1f023c,f66942c4-1bd5-4b80-8781-333914cb15ad,2024-05-23,2024-03-26,1938-02-24,Me231,RO425,7101.66,,,MT,Neurology,Wardport,Approved,Emergency
11c84337-bf8f-4752-95d4-a18c0a61ee9a,ea1f378d-56f7-4090-ac9a-2e9558975121,ba7e39ad-7329-466c-9416-9a07119c767d,2022-09-17,2024-10-14,1973-03-18,Tn926,pa689,7212.69,M,93524,WA,Neurology,Lambertmouth,Approved,Emergency
0babcc60-9f5c-40f0-8083-d540ec29a1b9,5cbe08b6-ce9a-4592-a645-626d9ca6a3ed,050553d1-f6d0-4a9c-be57-efec9b051366,2022-08-03,2025-03-23,1955-06-15,DT939,SV175,6232.95,M,71218,NM,Pediatrics,Port Nicholasstad,Pending,Outpatient
e1011b74-9904-4661-b638-e3ef4c93b69a,70fd7050-d9bc-4f72-84de-d26e65227e76,0138a957-985e-4331-a449-802d83188aa5,2023-03-18,2024-11-25,1975-01-20,hm494,bq257,9269.32,,78342,KY,Pediatrics,South Lindsey,Approved,Emergency
95707a1c-e7a3-4160-8d96-96b74495d404,3c03027e-5595-47d4-b7ca-01c045113e8c,54223284-8ca6-4878-8ec8-51712bf7019d,2022-11-23,2024-03-03,2008-02-13,Bx908,le374,9842.43,F,16770,PR,Orthopedics,Lake Carolyn,Approved,Outpatient
090a93bd-7aec-4d8c-b1ce-26e0f633588b,c3e691dd-718e-4f27-9d59-5a67722c62df,3f12e08e-8c5f-4f8a-bb39-88e2c009d8ad,2022-09-02,2024-09-01,1973-01-02,Gx834,dR987,2401.81,M,26307,NY,Orthopedics,Tranmouth,Denied,Outpatient
82c053e7-feeb-4546-9464-006274c8860c,afc4969a-6d65-4fad-8455-80469ae29745,,2023-04-20,2025-05-28,1981-11-16,MX271,rW349,8635.81,F,,OH,Orthopedics,Port Jennifershire,Pending,Emergency
7f837806-0a1a-45bd-b343-68d6345ce2d3,72135d30-0688-40fa-83ad-47674035aa0d,9ec1999b-552a-4ddc-95f9-79e7e50e7479,2022-11-13,2024-07-17,1937-12-11,Dm148,JI263,,F,11547,,Pediatrics,Lake Loriland,Denied,Routine
96c89063-f215-4db9-9066-535b2734630d,f886b5d1-5518-4c0d-b1e6-f3d30e0f8cb1,23de3297-3095-4262-8082-8d17a38a81b9,2022-12-06,2023-12-19,1959-08-23,Af642,iS053,5514.6,F,58271,NE,,West Joseph,Denied,Routine
7f837806-0a1a-45bd-b343-68d6345ce2d3,72135d30-0688-40fa-83ad-47674035aa0d,9ec1999b-552a-4ddc-95f9-79e7e50e7479,2022-11-13,2024-07-17,1937-12-11,Dm148,,,F,11547,AR,Pediatrics,Lake Loriland,Denied,Routine
,4404effc-0e13-497a-92bb-0d8f38cf1458,8bc590a3-a61a-43bf-b2c7-52c4b1051bfe,2023-12-01,2024-11-01,1958-12-02,ue738,QQ991,4598.34,F,76957,MI,General Practice,Lake Kathryn,,Outpatient
45b192a2-d4bf-4cda-9624-eac438781e91,c995c9f8-664a-4108-9c91-104e95d52dba,f1aff71f-c7ec-453c-889b-06b3eb12bae5,2023-03-11,2025-02-04,2012-01-08,Go467,lY038,6980.85,M,61258,KS,General Practice,New Rachelstad,Approved,Emergency
dde850e2-8fda-4a6d-b92a-c4d456c697ab,12b5fea4-006e-43d3-a3b9-43e8eda4fd7e,179483dd-df27-4c17-b44a-1a4d6f03ee7c,2023-05-29,2024-08-05,,cj955,Hn295,9585.37,M,06573,AR,Cardiology,Amberfurt,Approved,Emergency
bdc1b9c3-e39e-4e28-b9ea-8f1f52653eb0,daff99d1-1fe3-414b-9574-4b1b0e14942b,8e2df2d6-5928-48c8-9d4c-8e565573303a,2023-11-25,2025-08-03,1975-02-13,BB201,pE294,4768.6,F,07126,OR,General Practice,Lake Josephburgh,Denied,Outpatient
4d31d2b7-6261-4ba9-9c4a-6bba749dbd28,10cc66b2-759e-4102-b134-7ca9738b99ba,60fa86ad-a45d-49d1-941c-caadd2c3ffb0,2022-08-30,2025-07-28,1973-08-29,ic467,gg777,8485.9,F,53998,VT,Neurology,East Ronniehaven,Approved,Emergency
8e36367d-4db0-4681-ab03-9b4c514aeaa0,62c20d35-b2c1-4849-9a56-7b8c7f82b38d,7dedfd31-9129-4656-99b5-0828a855454d,2023-08-28,2025-04-14,1965-06-02,Cw478,NB957,893.05,M,99153,CO,Pediatrics,Thomasfort,Denied,Routine
d1a5b3ac-6834-45c4-8f81-78fff93ecb64,3aec54bd-07b9-4049-95fd-981fa833e191,7c58d03a-97c5-4b6a-90af-fe68e13146cc,2023-03-15,2025-05-21,1962-10-18,tM420,Np727,7383.06,F,79047,VA,Cardiology,Colemanstad,Approved,Outpatient
85e51dbf-decd-41ba-a1e7-a72aa15671df,42d3b833-f5dd-4384-940b-8adfd51c8488,49e2cc0d-93b2-4657-a63c-ff2b4de8b31f,2023-07-01,2024-03-07,1945-10-17,VH164,Bg087,8860.07,M,82211,HI,Pediatrics,Garciachester,Pending,Outpatient
95c459ef-a394-41f6-b75b-1d371a126cc5,ac8e464b-3169-4dbe-b610-b7e76c4196c8,6863ef97-1116-4a85-92bd-2914c12db84f,2023-04-02,2024-06-02,1984-09-23,mx177,Ly228,2180.06,M,07180,AS,General Practice,Michaelmouth,Denied,Emergency
09b1d25d-ea1e-4add-b22b-7728af49fa40,6f568bf5-d70d-4cdb-8afe-b08fc48e3f1c,22f3c3d7-0828-4ddb-bf79-fa84d8deddc2,2024-04-09,2024-07-29,2009-10-25,ph359,Ai989,443.26,M,19501,FM,Pediatrics,Lake Andre,Pending,Inpatient
829553b2-a1f7-4531-8093-32ff7c1de854,f8996927-15f8-4bf7-b0cf-fb55bfe15998,b4c7115d-4509-4d6b-8313-a346f07da17f,2023-03-06,2024-04-26,1938-06-14,yp373,uq617,2213.76,M,26246,,Cardiology,North John,Approved,Routine
e70e35ca-cf3b-4654-9f44-f7963d055f2b,e32d1da1-8ad5-4f77-b5d9-bf0d4f3a1908,b5cb32e9-50f9-4850-b228-f095183e9094,2023-12-21,2025-10-05,1996-10-07,yq123,SS102,2067.29,F,08719,KS,Cardiology,Martinland,Pending,Routine
dc592f59-ef4a-45d3-be86-e34719f0f5de,015932aa-3ad0-460f-8525-399f9ccfdc27,512d2349-f5ff-4fc5-a74c-cd5df0ea9fb4,2022-08-28,2024-12-11,1952-08-31,Bi396,vp393,9279.06,,16741,RI,Orthopedics,Port Jessicabury,Denied,Routine
cea4513f-f3c2-4853-b405-f3ddbdcb4911,d70298b3-aa4e-466e-af82-426e2c47644b,ef1abcb6-e483-48cd-ae79-736c75d7c2a3,2024-07-05,2024-02-15,2009-01-22,iU244,zp579,9494.91,F,41125,PW,Neurology,Gonzalezchester,Approved,Outpatient
00efc5e2-5fbf-4fc0-8e3c-c24d88fc03ac,78408679-5836-48e0-a569-5d43a7fbdbea,12088a14-3023-4f37-9c97-9dbfc09ea6f8,2023-09-29,2025-10-24,1976-11-05,FK664,fY931,,F,88120,MD,General Practice,North Peter,Pending,Routine
780d864c-1196-4814-97e3-780b3690e042,30bdac88-c7a1-4991-9f09-1c6c0aa51f48,e2bbf068-dfec-4277-9bee-ec26bfc40f17,,2024-11-06,1995-07-28,Wr128,MM535,9720.64,F,24014,PA,Orthopedics,Wattsshire,Approved,Emergency
5707e854-2722-4346-b76b-88cdb8f0393d,ff8d8ac8-2207-4fa1-8c9c-7efb768a5c2d,133d3b5e-ed68-44d7-b457-96411d718d9c,2022-09-03,2024-10-24,1979-01-25,HO216,un239,2567.99,F,33490,PR,Orthopedics,Melissabury,Pending,Outpatient
b6d652a9-e57d-473a-83df-9111bf4426c9,3aff72d2-0dfa-46f9-83a2-863893586f63,a5bc3e05-2c8e-49ad-9a0f-ea490883d607,2023-09-10,2025-04-14,1953-09-30,zh488,Fa697,2124.04,M,35640,MP,,North Amandaland,Approved,Routine
5e2751ed-c6af-44ed-b95d-c91a19784c9e,71e037fc-cc4d-4a54-bdb1-ab2eda84f310,bedfcca2-7c2c-4d1e-a86b-d2694cbd334b,2024-05-01,2024-12-16,1935-06-19,tZ864,hJ616,675.03,M,30937,MT,Neurology,Morenoton,Approved,Inpatient
4e903048-b974-41ef-89f1-ff4153c7e03f,2bbad71c-3b20-45b6-b689-e8a03eba7866,c7208d70-b9dd-4b80-811e-eae36deb8fa4,2024-01-10,2025-04-27,1993-12-14,zl253,Am765,783.18,M,21395,MD,Orthopedics,Lake Jason,Denied,Inpatient
41d3d85a-739a-4e0f-91ee-08bfb1923f9f,a0dd4766-49f9-4f0b-8005-93aee8ada274,7f5c28e8-8204-4850-bc9c-6bbdbf7ffd6f,2022-08-01,,2000-03-30,ji639,Cx134,3608.81,M,29624,ND,Cardiology,Shirleyburgh,Pending,Emergency
4dc5a5fa-fd6a-4079-85d8-605ea6284a74,8e9799d0-c742-45ae-b01f-b98933034302,5c50fd66-cff5-43e4-abf2-c6dec21da505,2023-12-29,2024-07-16,,zs958,he875,8309.94,F,75959,VI,Orthopedics,North Justinborough,Denied,Outpatient
2a634bba-0c65-4b19-a56c-5ba827c7a749,eb4b2b1b-f6d7-4041-9fc6-462607c91933,c3528598-6726-4f49-b6c3-a3002d929236,,2025-09-05,2013-02-12,go281,tY099,1485.88,F,14132,IA,Cardiology,Lake Kelly,Denied,Emergency
9a08463a-7088-46d8-b6d2-cfeaad233f49,b171b654-a175-4232-a6ec-a70a804d8bed,26814c12-8c23-42f9-9c98-94695a7f7ce1,2024-07-03,2025-02-27,1961-12-23,,yW675,4384.88,M,38257,SC,Pediatrics,Port Trevor,Approved,Outpatient
,6e15cfc5-62fd-4150-9e7b-bcfd327088f5,5f9f177b-94ba-4359-b397-d39863d5eaf8,2023-10-03,2025-05-11,1970-08-04,VU135,ZC605,1962.4,F,04962,PW,Pediatrics,Pruittton,Approved,Outpatient
b922af4d-07dd-42a2-a08c-249fc379c92b,2e546f69-98ca-48b4-8cb3-d8bd93f3fcf1,,2024-04-12,2024-09-04,1971-05-02,A.123,ok352,3002.16,F,96472,UT,,Johnsonmouth,Denied,Routine
d46b8111-deb6-4f6c-b2d1-ad43ef8c5360,4fefc043-8933-4cd6-a1e5-9338b8a1ec55,6d73ae27-b8be-4b35-bee8-b4b3890d2514,2023-04-20,2024-08-19,1963-01-09,zg712,GZ974,6266.62,M,67229,,Pediatrics,East Jessicaport,Pending,Routine
5f404e6e-2ad5-4e38-b270-df35502dd525,c8c8c094-f1df-4b59-b2af-dbb2d11afd4b,e5cba6c0-243e-4b56-afcc-8cedf7320f53,2023-08-25,2024-02-17,2013-03-02,Na555,IL498,9519.76,M,07443,KY,Orthopedics,Lauraview,Approved,Emergency
,,b87a7a58-4df9-4b87-8b76-93884650f057,2024-02-21,2024-10-22,2014-06-01,AB411,jB135,9295.71,M,73330,VA,Pediatrics,North Michael,Approved,
fc9b9ef1-01c5-4301-a1bb-6f639e4c8777,08f967cf-f4d0-4abc-8f69-c22f006a6209,ad794e73-44b4-47c8-8ad7-119f21721ada,2022-08-22,2024-10-25,1998-11-06,GB637,kI903,6954.35,M,62321,NH,Neurology,North Julialand,Approved,Routine
84f38d00-00ab-4357-b4d9-e4bfce4c2675,76ade350-2290-472f-88e5-250af1f3972a,4d7046b9-1a05-445c-9c38-f7938e55ff8c,2023-12-21,2025-04-10,2012-11-28,UW954,Qo173,6562.19,M,24773,VT,Neurology,,Denied,Routine
067354c0-80c2-4126-b1cf-09b0c4695f64,f7c9a9a1-ff4d-475b-879f-75618f55c565,40f9f180-02b2-4f12-86b2-7657911f9ab2,2023-01-14,2025-03-15,2010-09-26,xT076,,6795.97,F,21803,MD,Neurology,Juanport,Pending,Routine
0a79b7de-e7d8-408b-a610-ff0caf3444f2,aeb24664-91a6-46a7-9777-fec70a22864d,dca6f76f-5ffb-4f5f-849a-9ef8c98f6df0,2022-10-28,2025-11-27,1941-06-28,bt500,hi591,8692.39,M,53535,HI,Orthopedics,East Henry,,Outpatient
54641b95-ae41-4cd4-bce9-b3a6598f491a,b0407c66-0215-413d-815b-45af16da4819,7d4af958-368b-484f-bd7e-ef9312ffd159,2023-04-23,2025-10-24,1992-10-02,Xs793,Fq896,975.01,M,17815,WV,Neurology,West Kyle,Pending,Routine
,6d1eff58-510f-4ba3-b4e6-c35ebc6fad3d,7ef8ffae-4803-44c8-9f14-79b9d693520b,2024-01-31,2025-11-06,2008-11-08,pq521,NY051,8564.24,M,16620,NV,General Practice,East Christopher,,Inpatient
d0cf1d88-6ca8-477a-bdec-c10b7fd92b07,78c8146c-fb47-462b-bd95-6076945395ac,,2023-10-06,2025-11-21,1963-06-19,Ox708,UZ089,9966.7,F,66273,ME,Pediatrics,North Brian,Denied,Emergency
,4ac2030e-1b3f-426f-8efe-8ac4db6de65c,,2022-08-04,2025-06-22,1952-10-28,AE967,BI159,4169.85,F,24649,MI,Pediatrics,Fryeville,Denied,Outpatient
42e5004f-17db-4a67-b692-3387439b6451,29666211-45dd-45a3-a45d-a07c9a98d5b6,26aa0660-cfb5-41da-a960-b334cd294d92,,,1987-04-21,Fe640,Gg394,9983.64,M,00935,TN,General Practice,Port Adrianburgh,Denied,Outpatient
cfdf852f-6bb6-4863-83b5-e2d309ba5732,2927aad9-3802-49cf-ab44-21b7edca3249,4d2eb87a-0dce-44bc-8f06-c128edb84380,2024-01-23,2024-11-10,1938-06-18,Xm111,iN217,1902.97,M,12820,FL,Cardiology,Kristinamouth,Approved,Routine
,be3114e7-787b-4514-8d42-f224b868d967,33406cde-8962-4d1f-82ff-f52020523bec,2024-04-13,2024-09-05,1979-06-10,AX459,TF531,3524.24,M,42539,FL,Cardiology,Stonefurt,Denied,Emergency
1d186ee3-bdb4-424a-adb1-7f4d396a0b1c,f5471e87-b861-41ee-8c4e-c993035492b2,a35153b8-a76a-4a34-97c9-d3114dfdce89,2023-08-16,2025-06-04,2014-01-21,DY177,lO327,9476.2,M,,NE,Neurology,West Beth,Pending,Outpatient
1643e899-f251-4ad1-8587-2d867a8b67a7,48413a0e-a27e-4f81-a3ab-e21873320a8f,8c0613e1-0d06-4269-b457-e10fd32de8c8,2022-07-18,2024-08-03,1963-06-21,Pd005,Cf120,7169.12,F,46164,,Cardiology,North Johnburgh,Approved,Emergency
b83a480c-c833-4c84-b66c-c97bc130017e,aeb0d1c2-7423-44b3-af0e-47b389e04ccf,c111039c-7b4a-4f33-ab48-a4a56f4f4153,2023-10-25,2023-12-24,1991-02-11,cC346,EN744,3979.41,F,09522,ID,General Practice,Kevinside,Denied,Routine
7562e3d5-92ca-436d-8422-4da5a8ff0fcc,f9d18579-6721-48c3-b3fb-d0e2175c2bb8,771d7985-021c-4c96-8e99-42d883827952,2023-06-14,2024-07-11,1936-04-16,,Qb229,2877.95,F,68053,MH,,Lake Cassandra,Approved,Outpatient
0b6d3277-e771-4df6-9246-22ba1864fdb1,027dae1f-c48c-44e2-b349-04887565349b,9063f57a-b0a6-4864-a817-f820dd87a2ac,2022-09-15,2024-05-05,1987-06-01,je612,ry664,3769.36,F,56505,LA,Pediatrics,Bridgesfort,Approved,Routine
a9e30f25-b6a1-4b4c-8033-c577350eb661,570b3438-770a-4775-ae9d-bb14a9bb224d,ca61210a-24da-46b4-a8d9-51b6e7d1a543,2023-06-10,2024-04-02,1973-08-15,vB725,Aj698,3645.81,M,55480,ND,Cardiology,Anthonyside,Pending,Outpatient
de61a246-7260-450c-9d59-3f858371fec1,fad81b9d-f538-4579-9623-ceab305e41b7,06d15240-0b19-49ae-9ae4-9904bf6f09fb,2022-10-07,,1951-04-30,AY568,Hn262,2559.0,F,70774,FL,Pediatrics,Palmerland,Pending,Outpatient
22213b33-91b7-4349-8ace-2d4d8265b795,9a843207-eb47-4272-8fd5-d8d575956760,d6e1fa58-54ef-4433-8317-fc8de001732a,2022-10-30,2024-01-18,1943-08-23,AP394,,3517.71,M,23000,DC,General Practice,Jasonborough,Pending,
ea975348-2014-4d9c-935e-10a7167853de,ba26afb4-7eb6-46e1-8b4a-4892ea90bdb0,dc4c9057-dcca-4548-8bc6-22ebc7d908e7,2023-05-19,2025-11-29,1936-12-08,aS224,BI013,1833.72,F,76256,,General Practice,East Kristiberg,Approved,Outpatient
5166e9dd-d477-4513-9da3-8c863aaded11,b852ee16-9b7e-4cb1-9d82-6fceaf39fb6a,7ac6ac99-688e-484b-9e3a-7682c4f90fe5,2023-04-02,2025-02-05,1977-08-15,FG044,nt279,6461.4,M,68658,MD,General Practice,West Heatherstad,Denied,Outpatient
a61471b3-df84-4234-9c72-4b4cbb82f96d,4531691c-dc47-4d06-a960-3e9e415451e4,ae021048-9c7b-42c4-abdf-2bfcab879c35,2022-12-09,2025-04-05,1960-02-04,,qS265,8849.48,M,82329,MN,General Practice,Nathantown,Approved,Emergency
afd4c278-4ba6-4258-851e-5538057d73ee,576a67c7-6bbe-475e-8d61-756f7f4d8bf5,e02019cd-cce7-47f3-816e-1deb57c904ee,2023-01-23,2025-06-23,2000-12-06,Jc952,hj167,7362.78,F,,NY,Neurology,Theresaville,Approved,Outpatient
fa556a53-3063-4786-929e-deed142006ff,d190cb18-412b-40e5-8f1d-9fe3ffaeee75,07bf85c7-c6a3-4740-9664-e3cc1c347056,2023-02-26,2024-05-17,1952-04-14,,ON601,2065650.99,F,40103,AS,Neurology,Port Allison,Pending,Outpatient
3fb0dd89-5643-4ed2-a150-a858a42bd8d6,7773ff09-e9aa-4a9b-aebb-d75f9cc47582,59e58f89-1584-4f29-8269-c08e366b3d45,2023-11-19,2024-02-21,2015-07-16,wb680,bA637,4646.73,M,04298,GU,Neurology,Nguyenton,Denied,
82b56f1a-4f21-4eb7-a042-ed2f9055d3bd,e5f34351-f972-4443-9559-1fbc4440f39d,2b3883d1-fa66-4fda-a380-c3b6377620e2,2023-11-19,2024-11-30,2014-07-22,Hb931,id034,8526.25,F,31452,CT,Neurology,Kellymouth,Pending,Outpatient
2a0ea416-1888-4fd7-9bbb-f2c1e83f7b95,dd9e1918-fd5f-467c-ac05-aa6b198b9840,6c63c530-9c18-49ea-b0f1-ae3d4233a8f6,2023-11-21,2025-08-25,2007-11-09,ge989,NQ913,7827.2,F,73974,MO,General Practice,West Angela,Denied,
0ac78c5c-0ae0-497f-a66f-fc5d12bf2b8b,cd3f793e-171e-4f88-97a8-bf4f34832d94,fc6a1b68-20f6-421b-96ef-66c44a3c6fe8,2023-12-16,2024-10-17,1997-10-05,ir363,DD999,3275.72,F,55814,LA,Orthopedics,New Andrea,Pending,Outpatient
dfe93b05-b158-4a2c-8367-1a62cc7110ac,179cd0cb-bd1d-4923-a831-ef5a75713a4f,d5ec51fa-d2ce-4f34-92f7-4972a105625f,,2024-02-08,1948-05-12,bh665,Yg753,1805.97,F,39606,TX,Pediatrics,South Brenda,Pending,Outpatient
66abebee-8b22-441e-bd69-fa3f59f32678,ee11ae5a-4ac3-4528-a48d-005e670327f7,b2e05a39-8de3-4d0e-a34d-8c7074d14955,2023-09-21,2024-08-08,1963-10-13,Zj991,zY520,7076.34,M,,LA,Orthopedics,Port Christopher,Denied,Outpatient
cac2bd99-ec73-47a0-a17a-71d9585a9d89,51f4ecdb-3cfb-4c7d-86ce-7bf00053d15b,ff4eb4b1-f8f2-4760-9e82-6e37e01f8a7e,2024-05-08,2025-01-31,2015-01-06,sA844,AZ990,640.2,F,69343,MO,Orthopedics,Lake Timothy,Denied,Outpatient
aa0526fe-ed8c-4007-93e7-cdabb76c694f,9287cf6f-b053-412a-8886-b1b6948d0bb6,98d408de-124b-4c1b-be55-155cc7bd2e4f,2023-06-24,2024-10-06,,ma654,Zc871,4478.71,F,61331,TN,Pediatrics,West Edwardton,Denied,Emergency
bfe2276d-de74-4dcd-bace-183d7fdcbe06,0e5b1b03-7766-461b-a74b-7cac66adc548,,2023-03-17,2025-03-24,2012-01-26,NU768,co224,1847.63,F,73026,DE,General Practice,Harrellport,Approved,Routine
b7c0338b-7e9b-45c7-aa4d-28d6e7119e8f,39c83123-867e-48b6-86c7-d46e53936a2a,91ab0d64-6c2b-4e02-848c-22b2373ef0ea,2023-05-06,2024-03-28,1936-04-30,Td176,aJ257,9519.3,F,123456,VT,General Practice,Millermouth,Approved,Routine
458d2cd1-1b57-4c6c-a98a-826c9762b871,c26312ff-3f33-47a2-a5bc-01ec4bc2678d,7b3152b5-d615-43fb-9445-4a7bc3c2b52a,2024-06-23,2023-12-12,1950-06-24,,Iv023,3859.54,M,91835,PW,General Practice,North Jeffreyhaven,Pending,Routine
b98997b7-eaa1-47f7-8e1c-8aca938f0b77,bc6c6a61-574f-4c6c-a1df-1e5cd886cb22,d0cf2432-789a-4d8f-8348-2481765c4bcb,2022-11-06,2025-05-29,1957-02-12,dP799,of544,,M,85733,WY,Cardiology,Schneiderborough,Denied,Inpatient
95f83d2b-9075-4b34-ae7a-ce880bf488c6,683fb69d-79cf-468e-9362-e93e91125cfc,a107e1b8-ba48-42a5-abec-2a1f15a56b74,2024-01-25,2024-08-07,2003-05-18,eN880,wr233,2814.19,M,18237,MA,Cardiology,,,Inpatient
3e86439a-5770-4311-9c0f-b0c2bd8593ee,e76e6262-24e0-4c40-9c67-7bd4cb51fb9a,9f923618-f0ef-4784-8a7b-459e2b439fa5,2023-06-29,2025-08-10,2011-11-27,ie145,Tb376,3167.09,F,89236,MO,Cardiology,South Daisy,Approved,Outpatient
73f51deb-e362-4922-ad4f-4f6bd3433a19,ef6f0195-ce25-41fc-8ec6-c07ddd14e63e,4a62e5f2-fad9-4994-bda0-1f9c4fe05cce,2024-02-02,2025-09-06,1943-11-27,wn959,vd468,787.0,M,01605,,Cardiology,Markhaven,Approved,Routine
cde6b115-76cf-4c56-9284-c384f72a1ddc,1b6dcadc-12c7-4dc3-aa2d-e44c60a1c270,9d15fb63-7604-4258-8db8-b08cfc557397,2022-10-13,2025-02-03,1940-12-29,rj008,DB902,3928.68,F,85012,PW,General Practice,Flynnfort,Denied,Routine
67682aa7-cbba-48b0-adf5-fdcc65254949,7840ae1e-65c2-4a63-9a8d-dcba19093e90,108d2793-0e94-42a1-a45f-21c3a78d7537,2024-05-02,2024-03-10,2011-04-02,Qv155,Wr285,8452.13,F,68601,VA,Cardiology,Keithberg,,Inpatient
,22449ed8-13ec-4708-915a-a83cc49eceed,579ccb8f-d37a-4f11-a402-f283ec4e9a5c,2023-03-16,2025-11-15,1971-04-21,Zo210,CK468,2669.81,F,26425,,Orthopedics,East Kelseymouth,Pending,Emergency
474f7aa9-cade-4ec1-a6a5-d8c1bfe7ecd0,598b63aa-a8a5-4d77-85b4-3dd073143dbc,889860a9-5847-46d6-bd7e-0ded17d2e36b,2024-05-27,2024-10-03,1961-08-06,kI641,Ke095,547.75,F,11370,CO,General Practice,West Jill,Pending,Routine
f88a94ef-4cd5-469b-8a0d-5fa734ed439a,2ddd023c-ed00-4007-a24c-41b0844eefa4,daf203b1-58a0-4af0-9411-8757ad4067a8,2024-06-14,2025-06-29,1985-10-26,hw837,ex253,9522.94,M,82587,MS,Pediatrics,New Allenside,Approved,Routine
50e48cbe-a84e-4a40-b13e-f19bd12a390a,5b324629-1caa-4036-ab80-38930bd37854,364300d3-c3ee-422c-9d57-6573836e503e,2022-08-21,2022-09-04,1985-11-03,dw567,gH240,2987.46,M,97208,,Orthopedics,Harrisonland,Pending,Inpatient
a99cd3b7-8fd6-437c-b8c0-c35e611c7bf0,42dfae85-2b17-470a-97f8-23d90173be7b,46768154-31d9-42aa-be25-d87d36fee42c,2024-05-27,2025-07-09,1953-06-24,EI312,vt951,9669.88,M,35250,NH,Cardiology,Lisaton,Denied,Routine
57316f85-44c4-4c46-af3e-dac3a2ac6265,94178829-05dc-4389-a195-e3d6d269012c,8688e6ac-b792-435c-aad9-c35c2e84209c,2022-11-22,2024-02-26,2004-07-01,Sr877,ym980,5957.8,F,00850,TX,Orthopedics,East Randy,Pending,Outpatient
90a3d08e-fde9-4ce5-94b6-f1043e5afda9,817c2173-18d9-4c06-b931-f067f02a6145,9189159b-aead-4706-8c83-8f03706e1096,2024-03-29,2024-05-20,1992-07-06,DW954,gw895,4925.57,F,,IN,Orthopedics,North Courtney,,Routine
73ed8f3d-30ad-4a86-9868-68749adf2590,fad9719b-4ef7-4e6c-ac97-ed22b403ef4e,4056b3c1-1bb0-4a0e-863d-4e0b9467be44,2022-09-19,,1969-06-23,,NW551,1901.09,M,60797,NC,Neurology,Howellport,Approved,Inpatient
1bf14ec5-ee20-43ea-832d-42c8c91318ce,2ffb1ac8-3825-403a-bc25-af766c875810,,2023-06-14,2025-01-31,1946-06-09,FP973,yi423,6531.5,,ABCDE,MD,Cardiology,Jacquelinefort,Pending,Emergency
9d982438-94b6-41f1-a99c-0e8d6b9a8061,e67a01e4-3b13-41b5-aa28-0d9f9a490021,37e795af-87a4-46ef-b863-d44f6e9c0c30,2024-02-16,2025-01-21,1991-06-12,hk762,we467,5940.19,F,13761,NE,General Practice,West Timothy,Denied,Emergency
9eaa7827-a060-41e5-ab4e-2cd276b3a29c,8b46d4f7-c989-4e47-af10-6c81aee247eb,186ab5b6-9ada-4409-97e4-aa3f5990629e,2022-09-26,2025-11-16,1961-07-25,fO083,Tl504,5001.95,F,71472,WY,Cardiology,Christopherchester,Pending,Emergency
5545858d-81ed-4d56-8d66-dc318a8061e0,5aa1fc0f-01c2-4b79-ab2a-a19743bb70d4,d68c9a69-63c5-4850-83c5-371b205e8e2a,2023-10-07,2024-12-25,1988-03-30,ur074,Dp741,551.29,F,62011,,General Practice,Michaelview,,Inpatient
bd019458-e8ba-4c44-a85b-cd487681760f,4402c3d9-82d4-4682-98a2-b50ecfdabacb,c83d4b1a-a624-4aa9-9874-e8211d61ea7f,2022-07-30,2025-08-31,1984-12-17,MQ893,Hm123,7400.52,F,13001,KS,Cardiology,Kimberlyview,Denied,Inpatient
21edaad2-541a-47aa-8c0d-2a0db16db9e8,00b504f5-79eb-4247-92ba-0b117f2913be,105540ad-06be-4108-a057-8748cd57d5a2,2023-12-27,2023-12-20,1972-02-14,FX130,Bo799,3916.57,F,92469,MT,General Practice,Mikaylaborough,Pending,Routine
1185664a-aa7b-46bc-be9e-8a1bfaf1f7c4,75dfd4a0-9d88-41d2-838f-857ed624c6c5,3d5d3ca9-f865-45e8-9a05-495b9840aaea,2023-12-08,2025-01-25,1990-01-22,Ro947,yI376,3562.06,F,34041,CO,Orthopedics,South Melissaville,Pending,Outpatient
423ae3b0-5513-42a5-b298-5dafdb2ce1be,47908eb9-b792-4572-b2cf-3c3ff2159a1a,28f5e171-cb72-4c33-a3fc-cb81752fe262,2023-03-18,2024-01-26,2004-05-21,Hi325,vg588,8281.93,M,06744,TN,General Practice,North Markborough,Denied,Outpatient
78e1ee78-88e5-42dc-98d1-3738bb2c043e,0fec4cd7-4b8a-451a-b390-e0af884bd198,7ee1f4d7-2e05-4851-b5ac-c7b7a77011d9,2024-02-14,2024-09-04,2006-08-27,io015,uO951,3673.64,M,92102,UT,Cardiology,Melissamouth,Pending,Outpatient
4f6c8f13-b3fe-4bc2-afe0-9fb2730f121b,d706048a-46b8-4856-b7cc-d9b4c4d181b7,,2023-01-04,2025-03-31,1942-11-04,hZ913,zY446,6745.58,F,67763,VA,Orthopedics,East Janetberg,Pending,Routine
1cc01ae7-576b-47d1-9b30-044e0a8f6823,b636d789-14b8-4c59-85ca-e0f55531518f,8e09cab6-2110-4a98-b9e8-3919efaafaee,2022-10-02,,,zP503,ZA160,6101.9,M,86671,IN,General Practice,Kingfort,Approved,Inpatient
69a9732d-8de9-44b9-8598-c7f6ef3088ac,a711d66d-15fa-408b-8018-76ffdd61c316,194065aa-0c95-4bfc-8c81-caf47a7d461d,2022-08-18,2022-09-24,1982-05-25,Vh262,vL952,1862.56,F,17086,DC,Pediatrics,Port Timothy,Pending,Routine
8624c77f-84e4-4994-8c35-c7e1abd78403,a0eead5b-95e8-43c3-a890-18d3a31b6033,a3f7dc02-6c37-4b1b-9977-25705fba3fdc,,2024-02-27,1950-06-08,fD625,cX940,5798.37,M,26847,DC,Cardiology,Port Francis,Denied,
7654dc39-7eb0-4188-a0ca-919eb1f7d40c,789fba3c-5418-43ba-95a4-6c50867f6376,47831e5e-4fc6-4cfb-b1ee-f95819585c70,2023-10-19,2024-05-16,2001-07-31,zd546,gU462,2859.72,F,56419,NE,Neurology,Lake William,Pending,Outpatient
7437d7b6-a6cf-43de-b52d-c87835612fb7,31ec8dfe-92e0-4a27-b6ad-ee17b2b09b15,9dc8e27b-484e-45af-8ba8-d08dbe0b3464,2024-07-01,2024-02-12,2010-11-28,hU802,eK101,2541.38,M,55507,AR,Cardiology,Susanton,Approved,Outpatient
a38cca28-d0d7-4d04-b844-72eb2989efab,6ca54684-3e9b-4394-b21a-0dc3f2f0dd84,33b15709-e478-488c-9a33-61186c866024,2024-07-05,,1968-08-15,Be892,bz344,2768.17,F,52036,MN,Orthopedics,Adamton,Approved,Outpatient
d5a42c56-8b5f-4296-8731-1e672a8a8d2d,dd90bdfe-1774-4ac1-9ffa-6cc214e4e586,b4e15618-e4d2-44aa-8f66-d66b998415d7,2022-09-04,2024-03-17,1988-02-11,PB416,zW098,3255.65,F,24920,KY,Pediatrics,Nicoleland,Approved,Inpatient
f8b3d1c1-46e0-42a2-8877-9144d7d16a13,7eddcd21-7d77-4e5d-b139-f853a6c0b05a,f8a7751c-7baf-4cce-a72c-02226276e7c6,2024-01-25,2024-10-09,1984-09-17,hA874,jG616,2290.26,M,74268,MI,Pediatrics,Adambury,Approved,Emergency
0cb4235d-bf98-4879-8c8c-1c5ebfbb8273,411a10ae-51f9-4b9d-9185-28aa2c3c4ca1,7ed93b73-b265-4212-8591-0ffdb2ac90b2,2023-05-05,2024-10-24,1976-07-30,vl175,YT556,9310.94,F,23497,WV,Pediatrics,East Brandon,Pending,Routine
,51f9f64b-e411-483b-b199-005a876faec0,0d1dee04-58e9-4d12-9072-49903edc4847,2023-11-19,,1977-05-12,XW035,Zt537,9284.75,M,,KS,Pediatrics,East Karenton,Denied,Routine
e8f555a7-5943-4532-b816-8a65665ffb5a,c17a5a92-a753-4ac1-b098-907c311c77ea,,2023-04-20,2024-05-21,2012-05-19,lL735,KJ869,1684.25,F,46570,VA,Orthopedics,Port Jessemouth,Pending,Emergency
4b44d951-4e91-4520-b174-97ff42b01fc1,52930a32-9a1c-47ff-91e5-d1344753c158,783941f7-b19f-499c-857e-b52268ca7d18,2023-04-11,2024-03-06,1972-05-27,Ub613,Xz057,2370.72,F,00621,CO,Cardiology,Careyburgh,Pending,Inpatient
8463e18b-9159-4723-b8da-f2730b36a862,d0aaa235-6a29-4eca-b235-e6c6dab8d927,b6c4069a-02fd-4162-8921-0de039b5e863,2023-03-20,2023-12-20,2004-01-09,KO988,gv759,2265.28,M,23913,NJ,Pediatrics,Wheelerstad,Approved,Outpatient
,b9a54dc0-d395-4f1d-b99e-b716b8e56749,f69b6e09-6db7-4712-9d83-533a25661b26,2023-03-11,2024-09-04,1936-02-24,mT082,oZ645,1900.07,M,35129,DC,Cardiology,West James,Denied,Emergency
c0e9157a-a7ae-4527-adc0-7bffdcbf1a33,dd428da9-2d44-4c5c-8802-65708f22c6b8,0a2e5cbd-a2e5-441e-bc3c-b1b1c3a18486,2022-12-24,2025-06-04,2013-03-25,nu119,tI935,8018.57,M,35005,,Orthopedics,Johnstonmouth,,Outpatient
fb55d389-d9fe-4d4d-ab3a-132fb82e836a,c8a50f08-f411-47f7-b7db-d89b9beaee10,06f2e31d-8045-4716-bd22-592e2ccb29bf,2024-04-02,2024-06-03,2003-03-18,ky710,fL105,,F,,VA,Pediatrics,Walkerport,Approved,Inpatient
92a50f59-6519-48e2-9bbe-9658921e63e5,7459c876-7f39-42f8-86a2-5f985de21210,277287e3-446f-4887-b1c6-3d6d77852b1a,2022-09-03,2025-09-14,1988-09-12,Gr704,Gc386,6283.68,F,84742,LA,Neurology,Sanchezburgh,,Routine
b96480a1-11c2-4913-af8e-f57ae48e9ca5,cc7ee937-0477-43a3-9b06-0a878b88d237,8e19848a-7669-41a0-af02-ecdb825c1f9a,2022-10-23,2024-07-26,1942-05-03,zS656,bV511,8507.31,F,79814,PW,Neurology,Anthonytown,Pending,Outpatient
1ae5cc91-31a5-4537-a6a5-2bddd797f342,55dd5220-1ddc-4d4a-912e-8678c45598ed,dc769d50-e9cb-4267-92c0-6236ef26ca57,2023-01-26,2025-11-19,1987-07-04,,Cg837,3981.73,M,82234,VI,Orthopedics,Wileyton,Denied,Outpatient
79e93c6d-5d61-4c12-a13e-370c11c544b8,075308ac-94c3-4dab-8c58-e5cd6c0c3ea5,43f82531-682f-4558-ac7f-596ceb09d6f0,2024-03-18,2024-11-07,1945-04-03,yS561,IP900,8130.13,F,17735,MA,Cardiology,New Allison,Approved,Outpatient
4a8b0c88-6bf1-424f-a707-4e8b8258c340,184246f8-b131-4b66-8ffc-e9b22d96abe6,c08e7966-39af-413c-8f0b-eb0d4b5579b9,2024-02-13,2024-07-15,2014-11-04,HR101,tS995,2126.33,F,66113,CO,General Practice,East Anaborough,Denied,Routine
8895ec9f-4a6e-4d2c-9baf-a775002e7394,9a883f59-9a33-4866-a85b-49be71d74524,26b81acc-2646-46bf-a533-43d54ff80bf9,2023-03-01,2024-11-18,2000-10-14,NZ653,ip251,1706.11,F,48116,SC,Cardiology,Phyllisfort,Approved,Emergency
c419cb4d-828d-475e-b37a-6bdb6a3058eb,,5ea6876f-1a1f-4662-870a-960667a38f49,2022-07-31,2025-09-08,1948-01-14,FQ137,tF408,4568.73,M,24210,MA,Pediatrics,South Cynthialand,Pending,Inpatient
04168910-2a03-4f92-86b0-73dc66171626,25b191c6-2b40-4937-b2c1-2a7c89a53da4,976505f2-ef08-4c9b-84fc-489e27b302f5,2023-11-18,2025-04-07,1949-02-27,yi767,Xz154,2621.24,,43773,VA,Pediatrics,Lorifort,Pending,Routine
bc5dc5b4-8e5b-4d60-8b7f-fb320e13295b,8de199c5-d4ec-4e08-b66a-d0ed3d8c610b,05ca8517-07a9-464d-a789-6dfc8c78f950,2023-02-17,2023-12-06,1949-03-30,Pk551,uO104,4486.03,F,69294,MI,Pediatrics,Nancyside,Pending,Outpatient
76349e44-7220-4ae1-924d-184393ad1428,3d3c2140-f127-42ce-bd60-f473fbeabdef,006ed7e1-155a-4f74-812e-ce02188734ea,2024-02-02,2024-04-10,1957-12-08,CW739,Yu425,7894.98,F,91889,MA,Neurology,New Rebeccaside,Approved,Inpatient
3a52594a-af3e-44d3-8ae4-0820ae36cef8,1536de40-6ed1-438d-baa3-287bf44df423,156e1272-5a7c-4cb3-bcbb-f282782320b1,2024-06-12,2024-10-24,1957-08-10,oK601,lD551,2753.83,F,98513,WA,Pediatrics,Montgomeryton,Pending,Inpatient
680f9040-d9e7-47ea-bbb8-5c39da56a377,feacf18b-52c8-428f-b284-e8ef1b976d5c,d7e1f1a2-713e-41fc-ba5a-b9fe689263f0,2023-02-27,2024-01-17,1967-01-13,,fN707,9174.69,M,16504,TX,Pediatrics,Lake Cynthiaton,Denied,Inpatient
ef573f4d-c88e-4fc5-9839-1d570f7ccd62,21cf6c79-cf7e-4666-b02e-5a1eb849fa73,47e3fff9-ec79-46ce-b75c-a78334f2b63e,2024-04-06,2025-03-07,1985-05-06,Gn867,FU049,8564.8,M,,KY,Neurology,Lake Mollyland,Denied,Outpatient
adbea9b4-69a4-4f71-b767-4a6bccc7738d,68db0f60-c655-445a-92f9-74c4cd8491e3,19288ef2-c0e8-404c-ad9c-cb103a46fcaf,2024-02-09,2025-03-23,2009-09-24,cz067,is234,8906.24,F,49167,OH,Cardiology,Jenniferburgh,Pending,Inpatient
,839ea7e6-91c4-4edb-95f1-2d5790fcea18,feb662f9-c237-43f4-b892-1511b4092836,2023-01-08,2024-08-24,1940-06-12,vh099,IM810,3795.19,F,77373,OR,General Practice,East Lukeside,Denied,Outpatient
0cce05c5-2254-4584-9d4c-6100a34897f8,2de05777-9cc5-44a7-9fec-961744f098df,9adb23b6-403b-43be-8237-d363c3bdf26e,2023-09-19,2025-08-04,1941-11-23,vh541,gq244,1577.57,F,12411,NH,Pediatrics,Mariemouth,Approved,Inpatient
96c89063-f215-4db9-9066-535b2734630d,f886b5d1-5518-4c0d-b1e6-f3d30e0f8cb1,23de3297-3095-4262-8082-8d17a38a81b9,2022-12-06,2023-12-19,1959-08-23,Af642,iS053,5514.6,F,58271,NE,Orthopedics,West Joseph,Denied,Routine
9240d6dc-d0b3-45e8-98ea-97d96ca601b2,76243415-1291-4aa4-9767-106e152884d7,79ff328c-10af-4c4b-8724-ccdece2d0b47,2022-07-15,2025-09-02,1942-05-02,TS330,xt118,7634.18,M,44204,AZ,General Practice,Drakeview,Approved,Emergency
df4eb4a8-26b3-4162-9d7a-508243767d1c,5b20b2ae-d5e1-4d31-8ac0-881cf433fb0d,a6f22d1b-f5cb-4aa8-8094-8b8c1805c11f,2023-07-20,2023-12-06,2000-04-23,un057,,2337.69,F,18749,DC,Pediatrics,West April,Approved,Inpatient
5cf5027d-7cc0-48e1-9dfd-f5d7b379e53d,eadb042b-f247-4d79-9f06-af1e5fcb9551,798d4161-1f90-4994-a52a-f4a79eb0a84f,2023-10-01,2025-09-13,1983-05-06,YO143,mw220,1056.78,F,56725,PR,General Practice,Charleshaven,Pending,Routine
83440386-8496-4f67-8680-0b24393affe6,dbd1e693-d5b3-457c-8698-3ac7c5a4c326,e0d23784-2d8d-49d2-99f1-51f9d4ee6f3a,2023-03-10,2024-04-09,1958-06-11,AI659,lN850,3979.91,M,08209,LA,Neurology,North Sabrinaville,Pending,Inpatient
fffd8ba0-720f-4814-b0d0-d78599d50fb5,29eb0015-e2d7-4715-bdaa-6f2232fe5716,95f0b858-8133-4aa9-9b3f-42b996f3ae00,2022-09-22,2024-03-10,1961-07-29,Mk139,sD435,4881.39,M,46023,WY,Pediatrics,South Nicholas,Approved,Emergency
b4b839e1-5219-49d9-913f-57fb3c3aa73f,b2c6d25c-fb2b-4673-ab29-18692ad99879,72009b26-5e32-4d31-8491-6bbab4d0154e,2024-04-19,2025-08-27,2007-09-12,wN573,hh962,5596.49,M,11458,ID,Pediatrics,South David,Pending,Inpatient
31efe673-e9d9-4ba3-8d33-801e0bbe0e49,,f1e92e42-bc80-4836-aa71-398cc0823757,2023-03-24,2024-10-24,1954-09-04,vI768,wM950,5813.51,M,80087,OH,,Lake Stacy,Approved,Routine
683b5803-4cd0-4c85-bdbf-e95af3fca9c2,,96a81cae-23c6-438b-a412-e5d6e2e56829,2023-02-17,2024-11-05,1943-07-09,Sl102,br703,5401.98,F,38024,ID,General Practice,East Katherine,Denied,Routine
71e229ae-1cc2-4ae5-b398-e0b2241aa475,7074b593-242b-4eec-990c-25005f1227c7,3ada42e1-0448-47b9-a3f7-0a8ff9d6a257,2023-03-16,2025-03-19,1964-11-23,Ws787,JT426,7103.23,M,70198,NY,Pediatrics,,Approved,Outpatient
7780e6c7-621f-4803-96d5-cd191bb6f90d,43426b97-a7fa-4b3c-a6de-e4445e4bbb82,08b8d12a-8ca0-44f9-a431-0f07894636fc,2024-02-28,2025-05-27,2009-12-15,Zi184,bw449,6915.18,M,43450,VT,Cardiology,Isabellabury,Approved,Outpatient
30cf3a62-eac2-45cc-a0d3-4c9384ffe162,451318a2-685b-429c-81ad-c6f46524d4ee,c2512b44-0aef-4c09-8199-084e41b85417,2022-07-12,2024-08-16,,ds800,wW132,7186.67,M,08939,ND,Cardiology,Joseland,Denied,Emergency
6c726133-155c-4404-b937-40a0e6c59953,ccb0dba6-813e-4cb8-858f-516122ab21b3,1fac0c72-8ff1-4d34-a6f3-ef237e07ad4a,2022-12-27,2024-03-14,1954-06-01,lO699,GP377,,F,82429,MD,Pediatrics,Johnville,Approved,
84069cfe-cff8-4fdd-be3a-f6df7e676426,,8b7c53f6-fe07-4163-ae2c-a61f25a8749a,2022-09-07,2025-03-23,2009-06-22,YZ698,IV903,6267.37,F,01604,AL,Orthopedics,West Mariaburgh,Denied,Emergency
ad26ad3a-cff1-4b53-aa94-35fba3537b26,9b9af69d-80ca-4c6e-ba44-83506141d664,e8954dee-a00c-4f06-9bb2-8beddf2733db,2023-11-10,2024-08-02,2003-08-12,jf750,FS420,3971.71,F,98576,MA,Orthopedics,South Williamburgh,Denied,Emergency
047dd048-708d-430c-8840-37b96cbd5004,b145ac21-0b2f-4e30-a03d-fcbdcbab5b63,b7804693-45fc-4df3-bac9-1b0026506141,2023-06-24,2025-04-14,1967-09-16,rE278,Ex017,862.1,F,43631,GA,Orthopedics,South Alyssa,Approved,Outpatient
63a028f4-bce4-477f-81f0-24a045fadf29,f3e254c3-85e7-4452-8e92-2c53a98c62cd,68c8187c-d417-4aa4-b5d6-62201a4cb4b2,2022-07-15,2025-01-20,1976-08-29,SP406,uw764,5700.75,M,97044,,Cardiology,Deborahchester,Approved,Inpatient
f3197019-d510-4bcb-83d9-c70e8dfc73e6,29bee9b0-6aa3-4ae8-a71a-f583c44a6d66,da0a9a45-949e-41a5-939e-4668971f4c07,2024-01-03,2024-03-17,1971-07-11,BV787,Nf585,8937.45,F,97855,AS,General Practice,Walkerchester,Approved,Inpatient
cd8e9b12-c647-4403-b878-889795f95c53,753671ed-bc75-450d-bde3-559f75067086,011f216d-0025-455d-9f3d-af5f940538dd,2023-05-25,2024-02-13,2006-12-24,CF411,KQ311,9895.57,M,10809,OH,General Practice,South Chris,Denied,Outpatient
155bdc5d-60c8-423e-9963-ecdb192c28f5,fff413fd-7e6c-4053-b35b-b356f5c1eab1,73f6a91f-6724-4f49-9fa6-c2a7e0c29f06,2023-06-20,2024-03-25,1963-08-28,XM328,BU131,9478.11,F,90918,WA,Neurology,North Alexis,Pending,Routine
0e6a76f3-f182-46c0-8c7d-8874ae517637,f91b50ab-2a54-47b1-9dea-ae5d48360a69,70af5caa-75ca-4fab-914b-089c4921222a,2022-09-11,2024-09-04,1935-10-21,Be981,FW264,3187.45,F,44065,NV,Orthopedics,Penningtonview,Approved,Inpatient
11340ba6-61c2-4172-81cb-729b608bae57,e745aef3-bdfb-44ba-b893-0009afd17cdf,822e5605-56d1-440e-b00a-5463d6c8406e,2024-01-11,2025-05-14,,fH833,lj720,,F,02243,MD,Cardiology,,Approved,Emergency
961ae714-d0b3-471b-99a4-cb1fbac5861d,8f89b480-6024-45dc-bd79-d91d0e2f884d,e538e995-8c61-4234-9725-4088fea6ebaf,2024-04-14,2025-10-24,1977-02-10,wf302,cv579,5022.76,M,17926,FM,Pediatrics,Omarberg,Denied,Emergency
aed0fba5-1f14-4692-9ab3-71859b7037fe,1ef5fd7f-d90f-4012-879a-0fc22bba36a9,e15b04cd-8b36-447f-9076-894b78cd99dc,2023-09-20,2024-08-15,1967-03-02,iK519,qT427,516.72,F,50493,IL,Pediatrics,East Tylerfort,Denied,Outpatient
7bf9dc6c-d1a3-403e-9808-cbf10b2e1d0d,a270bdb6-1d4f-4909-aaac-db201b485fa8,db87fdcf-e19f-4ad4-a08d-1a802456a068,2024-02-21,2024-05-02,1940-10-31,RN011,qO598,1526.38,M,99538,MS,Neurology,Michaelhaven,Pending,Inpatient
ec246c66-a4ba-4901-b048-17908f75fc40,fbb4a586-a1c4-47b8-a619-41883e7c816c,f0293b94-1efa-4773-bd36-d743e8d7026c,2023-09-18,2025-05-25,1990-05-17,Ye069,ir589,3903.65,F,80426,MN,Pediatrics,North Cynthia,Denied,Routine
a007b53d-9bf4-417c-89df-64863d1ea8bf,1b679436-1e70-44db-89f5-2a78c9b1bd4c,0a3fc2f1-7607-4fab-912c-eac5c597f18a,2023-01-19,2024-05-28,1984-07-15,Pj110,Kj451,461.84,,86771,WY,General Practice,Walterville,Denied,Routine
57348d49-bfb4-4e8b-9b82-260476e2a105,29090547-f5ef-4dd3-92d2-a59bacde6b7d,cfb19a4f-3a05-4f6d-bc74-70c0119fcc1a,2023-03-20,2025-11-13,1952-10-31,Os109,cm328,9673.65,M,02764,MN,Neurology,Waltersside,Pending,Outpatient
66aef253-7737-4f56-a5ec-840ae9040bc3,ac99451d-e7f7-4954-8770-e7831b9d7d44,e945df49-688e-497e-bdcd-a83f46640041,2022-08-22,2024-11-21,99/99/9999,yp187,QT914,9583.66,M,89104,LA,Pediatrics,Barneshaven,,Inpatient
95d4db3a-ea14-4d53-bfea-10ca0619ef1c,e0d38db8-5f97-456b-8505-bfed03ac841e,2d5f18f9-779a-4308-9141-31575c4966b6,2022-12-18,,1966-03-09,yf343,RS999,2570.51,M,93843,VA,General Practice,North Elizabethside,Denied,Routine
949d60b8-0b5e-4c2a-8734-07043a2aba8c,9edec206-aa2f-44fa-99bd-9788d9d80f06,c4da27b4-8579-4c43-9800-a72831d1d71a,2024-05-01,,2011-01-30,on518,ZM669,2149.23,M,56057,AL,Cardiology,Port Christopher,Pending,
5231e586-c253-4e69-9ded-0d8d9be37ba4,66cca107-f416-4005-97ae-e626f07662c8,a99dbf30-b1e8-488a-bffe-10399b298420,2023-05-21,2024-01-14,2002-05-17,dt083,yF154,5370.96,M,58011,VI,Cardiology,Danielville,Pending,Emergency
cb135c04-b885-4a12-9fd4-decbae61c3ac,9592a3b7-e248-4384-8bae-77e673e35e22,caeb999c-558e-435c-8758-c82fdb29ac4e,2023-09-12,,1938-09-21,tl427,LH014,4820.7,F,34303,CO,Neurology,New Amandafort,,Inpatient
ad00be14-75e5-417f-84e7-9e22281bac0f,0fa44e7b-d294-41bb-94e0-d798f52a4578,3b029d6f-a48f-4d08-a890-e1c2fbd98667,2024-06-14,2024-12-15,,XX586,FS460,6411.82,F,27074,AL,Orthopedics,New William,Denied,
e3c79cba-a47b-42e4-9d29-87c554ff6217,3003d109-4dae-43f3-9c14-3cedd1ac91b7,3b9105b3-085a-4522-afd7-fecaae6aef34,2023-08-08,2024-04-13,1980-06-28,DD263,qH512,2494.74,F,14805,NC,Orthopedics,Jaredhaven,Approved,Emergency
e4be783e-c9fc-45c1-ad65-1b4b4ad07e2a,aae15728-bd08-40c4-bf92-4469b75bb1d3,065511a4-7808-43ed-a04e-9f7ceb7dc3de,2023-01-04,2024-08-14,1945-01-19,NM801,Ny130,4169.11,F,58239,VA,Neurology,Brownbury,Denied,Emergency
af26f2c3-2cab-4635-a053-3a9aa7ee3085,b1794454-708f-48ff-bcbd-aae884da0642,666db512-6275-4d34-a88c-23d00437b193,2023-12-25,,1955-05-30,Tq780,,5343.54,,59711,TX,,Mikaylahaven,Pending,Outpatient
57c0cf83-e653-4f28-9a8a-a6e6436fb665,cb228f6e-0f03-49a8-940d-4e7228a1a045,e88a114d-c0f0-4334-bf15-000ca73ee28d,2023-03-15,2023-12-09,1952-08-20,pw010,XY123,4030.22,F,71743,MI,Cardiology,East Mary,Approved,Inpatient
a71de881-d2a7-435f-b370-23f27588544a,6536501d-0a0b-46b8-9584-39eb1771b5a6,9e7a57a4-d3c7-4ae1-a7ad-055bee071864,2022-07-12,2024-02-20,1957-02-06,PU208,SB072,1144.19,M,68054,IL,General Practice,,Approved,Inpatient
7f4aa966-25ab-4f10-adcb-a90c16759659,54dbcc43-863a-4d59-8ca0-81e5de2edc57,866c7c56-a504-420b-968a-76574ec350ae,2022-11-21,,1948-02-19,DR555,hk227,5811.12,M,85591,VT,General Practice,Frosttown,Approved,Outpatient
282a482b-c2e6-48df-ae9c-177fcbac83be,c5b81aca-37e9-44b3-9238-10d413dc9dd0,b568ac06-df52-4d23-9d89-990c08884ec4,2024-05-10,2024-01-20,1951-08-05,Bs178,pV611,207.03,M,06487,AL,Orthopedics,Perezfort,Pending,Routine
aac549d9-3385-4853-aa0b-7ef8c9e8319e,f9a31ed1-d7e6-453a-8f97-ecb923da57c1,cae74c81-5e3b-4f8f-b9fe-a7ee99d9956f,2023-09-26,2024-08-22,1970-03-10,uQ485,nS208,4927.9,F,24426,FL,Cardiology,Nicholasshire,Approved,
2af4b02c-9870-410c-8bd8-1a8350901e58,a14734e4-13be-4c3f-aeba-5432e8d838ea,869ac549-8334-4368-98a5-846717f9ad14,2023-06-17,2024-03-08,1941-02-25,ez823,HX114,8442.85,,51988,WI,Pediatrics,South Anthony,Denied,
ded224d6-06e4-4651-8692-7c40b48024e4,44531e33-ed6c-4fb3-977b-bf61cfc0342d,9c5bf1b3-2da5-4966-9d80-3043134550a2,2023-09-20,2025-07-31,1941-04-18,Tb297,lp106,113.4,,18255,ID,Pediatrics,Hartstad,Pending,Emergency
ce2a6fac-eb07-4f23-aa45-6cfcb332649f,416c5f9e-2c2d-4a96-8ffa-dac8d663c6f0,d88911ad-7d71-4efd-a226-b5e09b9193aa,2024-06-22,2025-01-24,1993-03-13,lO313,hY045,5235.14,M,,MN,Neurology,,Denied,Inpatient
570e14c3-e9f0-447d-8d22-e950ae1352c8,2767700e-4a15-420e-85cf-e452750f2780,77b55ff3-5d42-4a0c-ab65-f3719a50f4d7,2024-06-01,2025-03-10,1971-05-17,AW346,Qy104,5543.7,F,23384,AR,Pediatrics,North Williamfort,Denied,Routine
c6254a92-1da4-4b62-88e4-a07035de49b2,043151e9-57d2-4789-acea-d996c29c315e,1d7c00db-871b-431b-8c87-a5b0471d7703,2023-04-22,2025-04-27,1989-06-27,hv904,XL706,6748.57,M,66605,NY,Neurology,Port Chelseaberg,Approved,Routine
5b38aafc-d89f-40a2-8467-f4ed563a15c2,8d081f50-9b5e-4bb2-849c-fb7a5a0f7697,dfb0f981-204d-4013-92fe-a154a38ecfec,2024-06-09,2024-05-28,1973-09-06,SY724,mO669,2947.56,M,99919,VI,Neurology,Mariaburgh,Denied,Inpatient
25d801f8-d141-4131-9f1f-0c63360b4302,919f254e-a7eb-41da-8f14-b2ee11aad6da,8d1a5376-5ea6-42e6-beec-2c1313a30a49,2024-07-07,2024-01-28,1982-06-12,Sj663,uq058,4661.71,F,15979,NC,Neurology,Larsonville,Pending,Inpatient
d5688a3f-ce06-448c-8468-5f4f4b309ec2,4a4e2d2c-3bf3-442d-abf0-2579effcbee9,139f4e17-5e50-48ff-a535-30424a003803,2024-03-16,2025-04-22,1975-09-15,MA362,ol312,2324.11,M,36508,NJ,Orthopedics,East Heather,Pending,Outpatient
0b3d84e2-ddaa-471c-af84-472ecefaa98a,1f6e924f-39c9-46aa-ad48-773feadabcc1,687aed28-b2bb-4ef8-873d-4ed3a40f87fd,2023-03-30,2025-06-02,1970-02-06,DA612,,4199.88,M,96760,MH,Neurology,Jonathanmouth,Denied,Outpatient
53a3d5c6-302f-4ab8-9061-9dec748b828e,62cf9906-6051-4c8e-9be4-a25ff142b0ad,20176d0d-14d5-4983-aefc-206b8733136e,2023-06-23,2024-02-29,1963-11-18,,,2270.22,M,66167,AS,,East Roberthaven,,Emergency
d023d244-723b-4ecf-aa70-5b6474a2461e,468275a1-4110-47f9-be39-1e5bef140b14,f89d3b77-1b30-42a6-87a7-c006d5621681,2023-08-11,2024-02-20,1980-09-04,XX666,,1493.04,M,44656,WI,General Practice,Calebburgh,Denied,Inpatient
76c3edfd-0e68-4f0e-96d0-cda7d2e52c43,5e4a20e7-4e9e-4f2d-a7c7-f735e682ed39,,2023-11-20,2025-11-21,1993-11-23,Yi275,iT190,789.45,F,,VT,General Practice,Scottmouth,Approved,Outpatient
4c0d0ac2-16c2-4580-be63-eca1814736fb,6e1e9c8d-00cc-40c1-9522-1ae3e1d4da81,53856ec3-41c7-4c78-b850-be3c9f044681,2023-08-26,2024-05-14,2007-02-24,ox908,ZD567,-869.57,M,48899,GU,Orthopedics,Rodriguezshire,Pending,Emergency
e116d6e3-0fbd-47d8-b42e-79a37a5bf581,a99c4d19-e906-46c2-b4c0-0fd961ced4d5,78bd2f7f-038a-4054-90ee-5c9822c638dd,2024-03-29,2025-03-25,1966-11-13,Ux688,Vl505,6621.96,M,13090,KY,Neurology,Greenton,Approved,Emergency
50c92627-e5cb-4a74-abd6-da5f5989833b,7978b795-2aa3-4709-bd8e-f7fe39f0c5b5,967ecaa1-c777-48ae-93c4-82b12bf6b0b5,2023-06-23,2024-03-21,1972-01-01,Vb510,gv786,3588.51,F,79537,RI,Cardiology,Davidport,,Inpatient
d1371d26-74ee-4023-91c8-7f665168a186,,e1fb8962-dba0-454e-b1b7-df2f177335ad,2024-04-23,2025-04-04,1991-01-08,OC117,EM089,2831.63,F,14082,NV,Neurology,South Kevin,,Outpatient
cbaad8ca-41b4-4f1f-b742-78bb53e02b3b,2881668c-7a1e-4ac1-8652-2c12e51b4e75,87b79d1e-a791-49a7-90ec-6e7f209cdb7c,2025-13-40,2024-09-15,1943-09-21,VW883,xH145,9545.11,F,47322,CO,Orthopedics,North Tracyville,Denied,Outpatient
047e6dc8-1435-44fd-8492-891597fc88e4,1034e3e8-2743-43a7-a7d6-bf204d542efd,5cf9733f-e468-49d9-abf9-632600b5828e,2023-02-27,2025-10-30,1942-07-27,uz772,Co031,8374.68,,64659,MD,Pediatrics,South Shannonside,Approved,Routine
bd96d486-85d3-4974-9977-93b614c0328c,0e2ecc47-5702-435c-ad07-d59ab5ad9694,1d1ffa1e-a876-4018-bd2a-a1ed035ab196,2024-05-19,2024-04-19,1942-07-04,WF381,Mm763,827.62,F,73340,MP,General Practice,East Richardhaven,Pending,Routine
3f2ba163-487f-4b89-bb89-ba71502a2d12,5af04b01-265f-46e8-bace-c00384a41b40,fc13d864-de20-4c55-9394-a58f0603163e,2024-05-05,2024-03-11,1988-06-27,IO557,ZV790,397.26,M,13053,DE,Cardiology,North Angela,Denied,Outpatient
89c2640b-6402-4d1b-914e-acf8e3cb0844,f57b40ac-0380-4727-891d-c8e35120afb3,032ed9e6-34ac-4224-a9cd-f56cb86e5cb7,2023-12-16,2025-10-24,2008-06-11,kQ133,,6601.62,F,31546,,Orthopedics,Jeffchester,Approved,Inpatient
43504291-10d2-48e3-bbb7-22d2b4e18914,b634719a-6f84-4893-bdd3-329ea19b1956,b3fe3eda-d972-40e8-945a-6d03de712870,2023-04-04,2024-10-30,1972-09-19,jw216,vt621,4680.49,F,52495,SD,Pediatrics,Edwardsland,Pending,Emergency
7dd1ec07-5883-4ca5-a2c2-9c953a3b86e7,576da2dc-64d6-414d-81c7-1de955490dd0,0f2505fe-b901-4b58-9bb8-a9376dcb38f4,2023-07-31,2024-08-04,,PT433,Pv090,757.99,M,53553,WI,Cardiology,Lake Jeffrey,Denied,Emergency
b91dd7d2-b00a-41d7-9172-6407bd1f4078,0d83a759-c9e8-4d45-aaff-dc45746e8d7d,87fb2779-f95e-46a7-9a91-e31d4869e9b5,2023-04-07,2024-11-13,1964-11-08,PJ898,lD486,6989.4,M,76272,CA,,South Monique,Denied,Emergency
cd69bdec-2782-451c-9443-0eacdba229f2,196bf5be-82d8-4f1d-b203-c73581a1a95f,a16fd8ef-7a9c-49a4-b725-3673b697a8c6,2023-09-30,2025-05-26,,QB156,hC786,6629.11,F,13271,HI,Neurology,Johnsonside,Pending,Emergency
d614ddd6-1352-47bf-927a-0b8bacba3e3f,d56c2f26-d470-4352-85b0-b816485d6d5a,3e5f02d0-ad96-4c6f-9eda-49be4185d9bd,2024-05-11,2024-03-31,1993-09-25,zf797,Za641,9681.81,M,15175,AK,Pediatrics,Port Jennifer,Denied,Inpatient
9c11b258-ab00-4dea-80ba-a1a622bd7466,e85426d6-d592-435a-8436-98e9472f20bc,,2023-06-14,2024-04-09,2009-12-04,Od309,Hs912,1371.1,F,16591,AL,Pediatrics,Roseland,,Outpatient
e72b3f5c-02be-44c1-bf60-61b2cc9dbce9,,259790df-eec7-4a41-9fa1-66804271072a,2022-09-13,2025-03-31,1979-04-25,Av969,eq777,,F,43714,GA,Pediatrics,Jessicamouth,Pending,Emergency
,bee3dc79-637e-4dcb-9880-fad646d9f695,f1f745e5-5682-4676-bd9c-c0a33bb22b30,2022-09-05,2025-11-27,1994-05-04,gj842,SP006,4527.31,M,39110,ND,Neurology,East Alexandermouth,,Inpatient
15ae05a0-f5a0-497b-91d7-8bcf629ff377,a587033f-a5ab-490c-b2c0-753e18616498,9e7ffff5-f06a-48eb-8d82-858c6b3503b1,2022-07-26,2024-01-24,2009-09-21,pY258,aR054,,F,,CA,,,Denied,Outpatient
9d384b15-6182-4ad6-996c-b92d58f036ba,f007e755-ea65-43e6-b8a1-3dfaa2ca2e47,e15b3364-f984-45f2-86c6-23a078471f80,2023-09-25,2023-12-28,1983-07-13,gv364,hl067,6857.07,F,51351,MI,Cardiology,Jonesmouth,Pending,Inpatient
c8c97952-2175-412a-b9a4-bc39cab83208,946c134b-b52a-407a-a2b6-860bf99d1fb6,3b86168d-e981-40c4-8489-2673c16caa9f,2022-11-16,2024-04-17,2000-08-27,cY984,eH515,3196.5,M,76426,,Neurology,West Maria,Approved,Routine
f789e477-1d6e-4d26-ba50-ec755fe90e33,cd540a89-a0fd-4eb5-a9e2-0955fffd7c27,adea4e31-a964-41b9-9478-5e797f5f6554,2022-08-19,2023-12-22,,ZG687,kl665,2528.96,F,98062,SC,Orthopedics,Tracyberg,Pending,Inpatient
7f10ef38-7ccd-449a-a7c1-8484b9d86275,4cb13c0b-0255-46d2-ab14-1438b6833c50,a1e5af45-ecee-4771-813a-8b66900272e5,2024-05-25,2024-01-01,1978-10-05,AW532,hA503,1673.19,M,71345,MS,Cardiology,West Christopher,Approved,Outpatient
a08d9eac-b876-49b1-bfe9-905f9151f90d,204687a8-f34a-4161-9469-5ca37cfac222,c68ee7e4-896f-4f40-ad6d-a903d6d82a7c,2024-03-23,2024-08-15,,Yn951,BN042,8536.6,F,02972,DC,Pediatrics,Elizabethbury,Approved,Outpatient
83bdc4cb-0917-4364-b953-2d3d888b1c54,ab4fac04-b6fc-44f9-bace-6a17d0c14970,a76ec54a-f766-42d6-992f-b25a27682acf,2022-11-05,2025-08-16,1965-02-12,,BA336,9631.82,F,79865,KS,General Practice,West Jill,Approved,Outpatient
0e514f69-efbc-405a-88ad-f9cf90e65806,a496a2f8-449f-4eda-bc34-070feeb289a9,505b8c08-a743-4157-9aec-e09ab09a055f,2024-06-14,2025-11-28,1988-11-30,,ZK044,7739.11,M,66932,TN,Pediatrics,,Pending,Routine
a5bd370a-9f23-46e8-9aeb-5f5d53793110,c4736013-a4ec-4519-8e2f-5627c99e115d,d50d5a6e-becb-4fa3-854f-5129c1eba971,2023-10-03,2024-02-14,1964-05-18,to187,CE863,3231.07,F,25680,KY,Cardiology,Calvinland,Approved,Emergency
4210a4d1-9273-4445-ad24-fc983e07837e,c97a1ad2-4436-40a9-99e1-e070ec9b738d,210fd594-2e72-4e87-a82c-9d478ddc3e54,2023-07-15,2025-08-20,1964-10-15,th644,gJ252,3668.23,M,75785,,General Practice,Jasonland,Pending,
5d863092-7d02-4ff6-86b4-e447b210e208,05ad7872-d97e-4740-9147-42026d2364d3,8ac55f16-8908-4295-a91c-b9ecc86330f3,2022-12-15,2025-10-04,1945-07-21,Wf412,zE112,9390.97,M,76977,HI,Pediatrics,Lisaton,Approved,
4643fdae-6e66-4dc7-b7d7-42465652fc2e,9433f703-53c5-44d7-816f-e1805e74501b,5d4c09e7-e687-4e79-9386-4ab55beda15e,2024-05-22,2024-05-07,1940-07-27,Uc083,dn436,4432.27,M,43401,MT,General Practice,Daniellemouth,Pending,Routine
0f59d029-4bed-46f4-88df-1144787a31b7,f3279d6d-36b3-460c-bf63-ec9922e29358,7731b831-598e-42b6-a89a-870ca14c77c5,2024-01-28,2025-05-08,1954-09-03,TJ974,zR745,2122.73,F,,TX,Pediatrics,,Denied,Inpatient
24eac4f4-2ff8-4f39-b372-38aec9b9012f,b2c1140c-281c-418b-bb85-cea5e6d1d9d8,5237b442-24a1-4f7e-be3c-43a656ad59be,2023-07-29,2025-08-06,1969-10-14,TA855,,,F,123,WI,Neurology,Lake Katelyn,Denied,Routine
b3d0d897-57a8-4f33-83d9-b4003561f473,bec1ab1d-9485-4ef6-8883-2d613a9364a8,72ceb61a-6923-4dfb-9e95-913508659585,2022-10-22,2024-09-03,1968-04-19,Ws399,Yy330,9760.94,F,66203,NV,Pediatrics,New Laura,Pending,Outpatient
6462ef79-ac24-437f-b38d-cfbdd543ff14,00f0915e-f880-471c-84dc-ae78184f6baf,a1b1f0ae-1c92-496c-81a3-11775d3efdab,2022-10-07,2024-09-04,1950-08-11,Bt189,ww216,1987.81,F,40080,,Neurology,Huangland,Pending,Inpatient
51b8a341-5445-4b7a-b7cd-2c1ec7688759,e97cc943-cab5-43cc-8a49-329e2f2ee995,ada3a3d6-b62b-4d28-abcb-bfd538fe6300,2022-10-27,2024-02-09,1939-01-07,XM607,XA110,7820.47,M,78616,IL,Pediatrics,Brownton,Approved,
2c5d65be-7f56-4ea5-a948-34e51c29ce7d,53588a16-00a0-4a70-b384-cacaf49977f4,b96871f6-1e42-4b52-8bee-579c959e6456,2023-04-19,2025-03-07,1998-03-25,DY706,LG494,5249.62,F,,MT,Cardiology,Walshchester,Denied,Inpatient
ce7290fe-fb71-439f-a124-f4811491ad98,a922ae98-8a54-470c-a75d-662680f5463b,530f4202-d9db-4937-acd1-6f19296e037a,2023-05-29,2024-10-18,1947-01-01,BM830,uG493,,F,27387,OR,Pediatrics,West Josechester,Denied,Outpatient
a24789f7-48ff-4f4d-86f8-375f5c385438,ce272282-7164-46c7-9b86-10502cad3943,6135ce48-57cf-4a37-b3d7-dc96cc201a3b,2023-08-23,2024-11-27,2005-03-13,rF015,LL418,8912.4,M,48659,XX,General Practice,Mcintyreton,Approved,
728071d5-dfbb-49db-9059-111e0fa26ccc,dff8e482-a257-46a3-95e8-3486c09ee6d3,31de572c-c50f-4efe-81e9-e86a03f7f229,2023-06-12,2024-03-12,1958-06-16,Uz006,ZP067,8597.58,F,42963,VA,Cardiology,,Approved,Outpatient
80a92d69-9d51-476c-8d1d-0ea35a7081a9,c4daf0c4-8d67-4aba-97db-442a948db4d3,19d62078-bb03-4473-8815-5f814c12b5c8,2024-07-07,2025-01-31,1993-05-06,hg131,vm240,6468.55,,83747,FM,Neurology,West Paul,Denied,Emergency
41473737-35b1-476e-9d01-4f475a4afaf1,0be49dea-b86a-4003-a06b-b69a17ad521c,f2e8d838-a225-4eea-84f7-01fb6ef76a1d,2023-09-09,2024-05-18,1947-11-16,GI446,ta036,4143.69,M,02892,KS,Cardiology,Jensenberg,Denied,Routine
45aa27ad-ceb2-4cf5-9074-f6a3f3aafbf4,4ea1c7e3-b119-4d2b-ac45-af7d0c5f0c86,008e7848-d15a-4715-b73c-040ef678b038,2023-09-17,2025-06-15,2015-01-25,vX662,QB278,747.03,M,69975,PW,General Practice,Walshbury,Denied,Inpatient
7ac55057-4393-4d9d-b494-77c589771990,5d5a541e-15b7-47f7-a77f-cf2ba324b159,86df1de5-cca9-4b09-9d93-69bc3c5a23f4,2024-06-04,2024-11-08,1973-03-14,PX238,Dl547,6363.85,F,02701,PW,Cardiology,Reedview,Denied,Emergency
085e787a-d0f5-44e2-803d-9858f6c80318,b10caf18-be9a-4bf1-8493-d959788094e6,aa9d9024-9c2a-4fa2-afa4-8efa39f53017,,2024-08-23,1948-12-27,ya149,rX360,6557.02,F,64558,IN,Orthopedics,West Heathermouth,Pending,Outpatient
d59d30ef-c68b-4354-80b9-0e0068c1fc4d,41b9add3-739f-4c64-bca0-12aba3f83b3a,80587913-1a77-4579-a7b2-0bf37a6f3036,,2024-10-20,2001-03-26,,XX800,3968844.61,M,19778,TX,Cardiology,Charlesbury,Approved,Emergency
ab3d37b1-64d9-46f0-8417-1eb112f7570d,c9654626-a769-4d68-ba34-60dbf8607c90,69a02333-1b95-496f-9099-fadb8f7458ed,2024-03-15,2024-05-03,1964-11-27,YJ434,Ky155,6518.35,F,10579,MN,Pediatrics,West Jessica,Pending,Inpatient
a30c7ec5-dd7b-40a6-9a13-1952c79b4380,cf61b292-10d7-4327-9ba1-78c42d64a99e,0c41847b-5637-43fd-b1b6-b2828b8a56f4,2023-02-27,2025-06-01,1939-08-08,,er227,6331.05,F,33460,AS,Pediatrics,,Denied,Emergency
9dfe98a8-1128-469f-bcc5-f53fd0c567b0,b871aff9-6189-40af-a9a7-a4a425aee8bc,135a722f-3149-4b16-b0ee-d9ad6712202a,2022-12-27,2024-02-20,2012-10-02,xM159,RJ981,,F,52105,,Orthopedics,Port Terrence,Pending,Inpatient
74034f34-5cdc-422f-94e1-36364fca2f9d,79ceb90a-61d7-4ceb-8227-47960418d5b2,d42a40f6-e388-4eb0-b28f-883474f76c00,2022-10-29,2024-10-30,1991-07-29,no611,re566,1636.88,M,89392,PR,Pediatrics,New Damontown,Denied,Outpatient
7036febe-6c2d-4ec9-8de2-4ee66e109645,91b4efe2-465d-41df-90fe-0a08c2a814b8,2cb6c970-83bb-47c8-a143-edb4c9bb531c,,2024-05-24,1989-08-01,vA546,Gp929,1559.78,F,22210,NH,General Practice,West Brianton,Pending,Inpatient
6afcb30f-8ffe-40e1-81e1-5be0a5f47fb0,82450299-7a9a-4008-ac8d-164baabf2eb5,c484efdf-1cb5-49f3-a863-d7728ac060e3,2023-06-30,2024-12-26,1943-09-08,Jg958,xi601,7558.44,F,41296,CO,Cardiology,,Approved,Routine
766190de-2063-47ef-a6c5-3329f7dfd07c,747e29bf-f36c-47bd-9d7b-39318fcbdf65,e9326ab4-d24d-424b-853d-2e0eb5a390f2,2023-03-06,2024-06-12,1991-07-19,jt946,BF419,6447.36,M,30712,VA,Orthopedics,Millershire,Approved,Routine
dd77c963-f10d-41cf-86c7-81a81d828775,882011f6-419b-4ef0-a6e4-cedbcc465655,9f52ec38-7033-408f-93e4-238bc6c9456e,2022-09-21,2025-08-26,1959-04-05,yw948,YG697,4080307.27,M,69680,GA,General Practice,Ramosmouth,Denied,Routine
1c72a3fc-1f63-4460-b621-163e73816cc1,00e1ee7a-46d8-43c8-ab0c-e012fb10f4ed,2b5827a7-bc95-4d8a-915d-8d9e3367d4f8,2022-11-30,2025-03-09,2001-01-16,nj278,Dz384,9465.11,M,20338,SC,Cardiology,Benderborough,Approved,Inpatient
61d46a72-8d3c-4aee-b516-e7569205fcf3,c021b946-a239-4712-a3f4-c540a33b4e56,0a3c0689-a181-4a6e-811d-b2eb33431aab,2023-08-04,2024-01-18,1964-10-02,vE817,tt825,8915.05,F,24594,VI,,Port Kerrihaven,Denied,Inpatient
4d113fb5-942c-4bcd-9d06-07d2bf0aa0bb,336a72ad-4f3c-4388-931b-c7919b07caaf,b227e0d1-c51c-4db5-ba47-e9efca300247,2023-05-22,2025-01-01,12/2025/40,yy122,br037,2143.57,M,43024,NJ,General Practice,Jermaineville,Approved,Routine
1d829815-38af-4692-b428-3fee2755b061,731de5a6-583c-40ca-8af6-769337005403,049a3054-7a53-4cd5-871f-4617983a57bc,2023-07-14,2025-04-04,1987-07-30,BT293,HD811,9324.36,M,08021,WA,Orthopedics,South Lisa,Denied,Inpatient
fd7841f0-8680-44e7-bba7-8c34e6ffb2aa,c4b2b41a-50f8-4b39-84b1-074811fd072b,1b8c24da-3790-4c6c-b0f6-fd58c78ebdae,2022-11-27,2025-08-13,1939-01-08,wU082,ME633,6705.4,F,29852,DC,General Practice,New Amber,Pending,Routine
f3ca0229-d800-4452-a19a-473ebc97ae47,1aa277aa-f40d-40da-8a27-acfc25ffc78a,6541e365-a642-47f7-9f03-506d930924a7,2024-05-27,12/2025/40,1992-10-26,Bg295,UN157,6622.97,F,75650,VA,Orthopedics,Alyssaside,Approved,Emergency
,5634f2a8-b67b-4a39-a96d-86b0455652aa,,2024-04-21,2024-03-06,1940-12-04,KF793,UV094,5886.04,F,32414,KS,Cardiology,Pruittstad,Pending,Emergency
696907bf-469c-40e9-972f-42ccbae685b6,4cbc0884-48e8-443b-9fd7-ab5ddbf46fb4,fd50f0ad-66cb-4076-baeb-2f9379f2fa92,2022-07-11,2024-03-15,1952-08-18,Zh607,oZ500,-371.83,F,31978,WI,Pediatrics,Lake Tina,Pending,Routine
686afd4d-373d-4995-bc17-957840e81e1b,80b1e9c1-9207-49ef-88c8-7ca7a331cbb4,42a77eaf-c40f-4324-a43a-ca8f26188330,2022-10-06,2024-07-02,1978-04-22,sN792,ti243,207.29,M,01869,AK,Cardiology,North Jeffrey,Pending,Inpatient
f7681dee-6505-4b72-a578-3e86b7287a86,5e29f1d8-2ca7-4d76-908d-24cbf6b41137,95072963-a4e2-4c30-9961-59ecd6b33fbd,,2025-03-25,1975-07-28,DY251,gn555,-1199.82,F,70572,UT,Neurology,New Kari,Pending,
ac10aefd-f325-46e9-946c-2081b6d56ddb,63838b94-d4f4-48c4-89e2-3cb8aa7186c5,472f67ca-3c23-41f7-9b89-bb58d4bd5a58,,2025-04-26,1976-04-25,Gy567,kN699,4510.86,M,31646,CA,Pediatrics,Lake Jacob,Denied,Inpatient
52c5944a-7199-4481-b07d-35f21bc7348d,5845d790-5b64-4df9-b890-88ea1657d5f4,d6ece1f8-977c-4c22-8200-914496383333,2022-12-25,2024-01-14,1963-11-03,KC791,QH258,3787.84,F,24433,IA,Orthopedics,North Kelly,Pending,Emergency
ba73df54-a283-4945-936a-bbe7cff73cca,2146645d-6992-491d-9f32-f00e9211730f,3cdf44be-ef58-4298-bf87-c99d186a06d2,2022-08-25,2025-04-25,1950-03-17,wy194,NK961,3853.03,M,01129,MD,Pediatrics,Aguilarbury,Denied,Routine
190c793d-eea6-4ad4-86b4-a1108470bce1,8cd07a4c-87d9-4f22-bac1-8ac837db4112,7003459c-e798-40fb-ba05-bd90ccbdb980,2023-11-11,2025-03-05,1947-08-01,Zo183,Pc356,8967.33,F,30685,GA,Pediatrics,Williamsville,Approved,Inpatient
1d83ee8a-1b8f-44c1-a6fb-c70191c94d34,26561a9d-3773-4b40-9877-d2eb9483fbd6,4581239b-b719-43e1-bfeb-9720c8b2e339,2023-12-17,2024-11-09,1951-07-09,nD115,Jy082,1193.28,M,18790,DE,Cardiology,North Angela,Pending,Outpatient
0789dbbe-2d44-46e6-8648-ce7083bca145,bc008fa3-db56-4306-95d7-1f931ac8674d,8c3e5b30-2677-42d5-b3b2-9721eda2fa1e,2024-01-05,2024-05-26,,ad251,Gi739,6475.17,M,67924,PA,Cardiology,Lake Lynnport,Approved,Routine
3f9ffc35-5a63-4ecc-b01b-29c2ee05c37d,bca23e52-4dc3-426b-86d7-e25d993c872f,be70cb46-4548-4090-b280-6f97fb2e3e4e,2023-07-10,2024-07-22,2008-03-25,gr624,Ou449,6864.26,M,74525,CO,General Practice,Stevenmouth,Pending,Outpatient
a9a392f4-dea4-4538-8082-0fce3810d923,f89d31db-11c1-42f3-adeb-92cec9a6a908,54b46306-e396-43e2-8918-cd29e6a5b396,,2024-08-11,2015-06-13,CK974,ig295,6610.37,M,23876,MH,Pediatrics,East Bobby,Approved,Outpatient
,9b260ae1-8718-4d0c-9d54-ace7dc345927,237b5aad-6fff-4496-a1dc-cd913983456c,2023-01-22,2024-06-28,1977-05-14,QM803,dL111,2205.18,F,50332,LA,Cardiology,East Justin,Pending,Outpatient
a811aaf1-503d-48ef-a01e-aeeb03b104a7,,,2023-11-18,2025-11-28,2024-11-17,jn718,Vd729,9967.3,F,,TX,Pediatrics,Conwayburgh,Approved,Routine
6032c04a-7207-4d14-91ac-dc84e4d4d613,ae907620-286e-4d28-900e-057687a4dec8,d60b5baf-edca-45ad-b6da-cdc923517921,2024-04-07,2025-11-15,1981-02-04,NG763,pf104,3386.52,F,30158,ID,Orthopedics,Port Seanburgh,Pending,Outpatient
fe7ff440-658c-4425-ba92-9d9e9aa61473,f1f93760-9a44-48a1-9c90-166aec44c87c,b7f39ba5-1747-4ef1-83d0-68150f41be13,2023-03-27,2025-03-16,1997-01-27,Rz436,dp253,2656.62,F,02986,VI,General Practice,New Jennifer,Pending,Emergency
77ba47ff-5a2e-48cd-b30f-1a52e5451454,,eb3d79a5-d4d7-4931-8713-3e770331bf0d,2023-10-09,2025-06-20,1935-04-16,AY850,sg979,4110.52,,99203,MO,Pediatrics,Jasonburgh,Denied,Emergency
674c992b-34ff-4a29-a621-7d5ad630fa29,8870fc3c-68ea-4414-ba97-454420b1b7b1,61536c4f-0033-4ef2-b7eb-74b5bdef3fa4,2023-08-20,2024-07-16,1983-03-25,vi133,Sp502,1382.2,F,78511,MP,General Practice,Kristifurt,Approved,Routine
,,7b017e8c-f46b-4d30-9350-2ffee85f29ec,2023-11-11,2025-09-20,1951-08-23,Kc151,Iq073,8778.87,M,46702,MN,Neurology,Petersenville,Pending,Outpatient
,,fcd72407-8776-4313-b896-4e8b90a07cd4,2023-11-18,2025-02-05,1963-01-10,lS358,FY981,7342.74,F,90851,WY,Orthopedics,South Elizabethland,Denied,Routine
06884c67-ac2d-439b-9e53-6456dc8072c1,08ef3da1-4afd-4708-9e2b-ca15523f07f5,fee6698b-8d30-4537-bb61-b673a8d97633,2023-07-16,2024-09-18,,Cp675,CU869,6950.91,F,98788,KS,,East Sandrabury,Approved,Routine
028f13f7-df9b-48a8-a0dc-7a5be88ed691,21148070-c75e-48cf-8497-fdb46524b33b,8e07d53a-120c-4aa4-82f2-00d307438e28,2023-04-07,2025-11-27,1994-08-29,fL871,qI159,1856.65,F,,OR,Pediatrics,Cookberg,Approved,Outpatient
8defcb81-911a-4832-a6f9-3cfce6ed4105,,4832b77e-5068-403a-8347-7debebdd9b54,2024-03-04,2024-01-10,2014-04-14,CK718,dl291,2132.8,F,86694,KS,Neurology,South Jeremy,Pending,Outpatient
a6a45b0f-762c-4367-86d6-c1a56d759727,4683c6ed-4201-4c55-868d-258cfdaab3bf,40d4dfda-7a95-467b-bc0d-f77046243db3,2023-05-27,2025-12-02,1969-09-13,Uq290,lY668,9874.03,M,30677,SD,Orthopedics,Osborneburgh,Approved,Emergency
cda090fc-a0ef-46f8-8eab-6e5863c1c519,56aafce9-8def-4e9e-aaf5-f5f1efaafbd3,7610f635-6e22-4fc1-a205-a229533a204b,2024-01-20,2024-11-02,1944-01-17,eT568,AU886,2089.24,F,41561,HI,Pediatrics,South Jeffery,Denied,Inpatient
346c435e-8b1a-4e26-9429-6f15322aff04,8a40c400-b5c8-4c99-b5e5-c87b6de504f6,85837fe6-19a3-4767-a1ff-ea863a5cc737,2023-01-22,2025-01-15,1975-04-10,PP868,IZ603,9289.0,F,99754,MN,Orthopedics,Alexandermouth,Denied,Inpatient
1de20135-57d7-4c7d-be9e-c826ed149fce,5cdaa932-2858-41ef-8a41-84d1f972e294,a65c0688-8b9c-4146-9ecf-6d45222424b5,2023-02-23,2025-10-16,1977-08-01,wV185,lD824,9614.6,F,70911,NJ,General Practice,Jeromemouth,Denied,Emergency
28f85f18-cb58-4f16-b274-32bf4a645d45,4db97a35-e905-4028-a249-b4c7b35ccdda,,2023-12-04,2024-01-23,2024-12-03,wa358,hX688,7041.28,M,56803,DE,,New Christine,Approved,Routine
050d9c91-4adc-40fd-95e8-b220f650fe59,0b65b0a6-4ffd-4e11-9e17-606fb1be8b36,747a3e21-3240-49a9-96d0-10cb6b515e00,2023-11-30,2025-04-21,1956-08-23,KP372,TF369,8730.66,F,06966,VT,,West Toddmouth,Approved,Outpatient
15e2b125-af09-4855-9aa7-6ed5fb2cb175,a41d297d-6e5d-4580-acfd-38513742904f,e98c2b98-6426-4108-af48-819d7a0c3785,2024-04-29,,1950-09-26,FW037,,5123.38,M,10485,WV,General Practice,Jonesshire,Pending,Outpatient
9dc528cf-daca-42e5-9003-2633543bffb2,4262d675-0db1-4a45-a996-996499a6d030,a38397a5-63b5-4984-89b4-34c29029ae8f,2023-02-27,2024-10-30,,wJ754,Lq628,2323.69,M,90132,HI,Neurology,South Johnfurt,Denied,Outpatient
9e325608-f416-4362-840a-afdba70d027f,1b2487ac-7ef0-47c6-8178-b770203099e5,9128ba9b-a0cf-486f-bbcf-e56cbc91b6d5,2022-11-01,,2002-07-19,yy498,SJ468,5540.34,M,22841,DE,Neurology,Kristophershire,Approved,Routine
,e5dd20d2-7afa-49c4-90ea-e8894902a1aa,15aa9cdf-ed57-427a-9c16-2b0c05f31bd3,2022-10-28,2024-06-29,1983-06-23,tF588,WV377,6174.68,,17033,NM,,Port Cynthiaport,Pending,Inpatient
cd9224ec-ca13-4fa4-9b16-dd3a516ac1b2,87c58666-0c94-43e7-b0ec-3504158a838d,9f6135a9-a7bf-4353-8084-79ce400bc4c2,2024-04-16,2024-04-30,1997-06-30,,kf075,4515.46,F,12065,HI,Pediatrics,North Gabriel,Pending,Outpatient
a6d543a6-c95d-4d0d-a032-8a17e8c14ffc,c5e3bab4-3c8a-4d84-92f4-6a9bb8bb1126,c4cad411-9e8b-4660-816b-b03d6a4fc95d,2022-09-24,2024-12-02,1950-07-25,GN040,Gd042,2072.23,M,14161,CA,Pediatrics,East Natashatown,Approved,Inpatient
47d1e351-963a-43ec-a0c8-3ee065af162a,e4a472f4-7d8d-4be7-9e45-560e81b76610,a3a9ea0e-0926-481e-8329-5a73978d8dff,2022-09-02,2024-10-30,1993-11-23,hb956,Lr888,5814.28,F,83713,ND,Pediatrics,North Ivan,Pending,
d96992ec-3aa0-4ff4-ba95-341f4e6c7aca,09690317-91be-4a1d-816c-e42bb7c46fe0,187d658f-0aab-4f86-a3c8-64eafc57f40a,2023-06-30,2024-04-03,1959-02-06,Vt253,,5372.91,F,68371,DC,Pediatrics,Lake Antonio,Pending,Routine
46f1e3ba-5e3d-4f08-93eb-81a4672d1e98,7d1233fb-1a06-4442-a454-87cf1e44f2f9,228c3471-74a4-4d0d-9936-b742fb931832,2023-04-13,2025-05-27,1983-12-18,so000,Vm710,1934.24,F,59130,WY,Pediatrics,Edwardsshire,Pending,Outpatient
1fde6db7-4302-47e7-822f-d65e0b352480,142e770a-ad80-46cd-86e5-d96d1e1960e3,72e42253-b797-4a18-811a-e89a4f08159f,2022-10-26,2025-10-03,1938-09-27,Zh791,Hu755,2282.81,F,43760,VI,Neurology,East Brian,Pending,Routine
5e689a1c-a6f1-46e4-833b-4f9901e00b0e,dec21ce4-ed13-4d51-a258-a5dbadef093e,0b21eeac-fb64-4780-ba93-c83b3a555096,2023-01-26,2024-07-01,2009-08-02,cz521,Yk759,9913.43,M,85724,OR,Cardiology,Dillonfort,Approved,Outpatient
9755a320-7947-40e6-9ef8-97e4d9df2f33,a5552d7c-3b1c-4183-bc6d-44e6f43125ad,734111bc-283d-4815-9526-a28037b5ed05,2022-12-13,2025-07-15,2013-07-28,Aq084,gx371,4837.06,F,20992,NE,Cardiology,North Troy,Approved,Inpatient
bbe06ea0-ec50-45d4-bc6d-3f14e669764a,65253efb-58ce-416a-add0-aaeb6a9609a0,cbf8f053-4f4e-4915-8abb-4774efa8dbbb,2024-01-15,2024-03-21,1941-11-08,FI567,xh576,2571.72,F,37257,AZ,Orthopedics,Port Amber,Denied,Outpatient
73075959-ccc3-4ab5-84a5-5cff49a22e50,,d047ad14-e544-492d-9ac0-507042c41107,2023-06-21,2024-08-13,2011-11-10,cm400,Vu075,3674.64,M,82958,SC,Cardiology,Williamsborough,Denied,Inpatient
49682c44-f3bd-467f-b37d-3baa22aa569c,2c1d4eef-cef2-4ca9-9d9d-594cd2178715,1d99de0d-00ea-40d8-9627-824981e75c68,2023-01-21,2025-10-16,1967-06-15,Ik482,MU938,2550.84,F,80507,MH,Neurology,South Jessicamouth,Denied,Outpatient
7609c0e2-8503-4851-abe8-a5a3022090b9,5a07e0df-ad8e-4299-8a89-a28cdc1000e0,6d7d1376-1b1b-40d8-92e3-784cf09d1946,2023-11-10,2024-02-14,1942-11-11,al321,ng364,5903.68,F,13915,HI,Pediatrics,Cookfurt,Approved,
7e54c4ab-7230-4da6-bfc1-ed4ebe10f650,c5f08e9c-1543-4419-9c31-900b26bebac0,1adc74d2-2f85-473a-8c2c-3952c76e4061,2023-05-08,2024-05-24,1990-10-29,HI235,IM480,,F,06512,MN,Orthopedics,East Timothyhaven,,Emergency
1a2d7aa6-558b-4227-a5dd-c9f4a096d1f9,cfb8278b-1ad8-4452-a0bc-16f7b27a32e6,45f81105-9b5b-476e-bc74-7eb14288874a,2022-08-07,2025-03-26,1973-08-26,nf498,vZ330,3279.51,M,58017,CO,Cardiology,South Paulside,Denied,Routine
b64fc691-1162-411f-84ad-3c3868665ab6,459216bf-92d7-44f3-a00a-8f764a4f82c3,fcdf0a4e-f31f-42bb-b064-0457bdef6995,2024-06-06,2024-10-10,1947-09-21,pM037,qX801,549.92,F,03423,GA,Cardiology,Travisberg,Approved,Routine
1da31818-df14-4989-b828-7eeb3bfb551d,a2494f1d-cb9b-4dbd-8ec4-9d9ed5659786,e1ea1785-1de1-42a2-9358-2d0b8a94d802,2023-09-19,2025-08-12,1953-01-20,Xg233,qg477,,M,92492,MT,Orthopedics,Port Annburgh,Approved,Outpatient
ae9bc060-c271-4c60-9c44-49bf59f215cf,ceb1b482-4d61-4293-8c7c-f160f3661fae,a15127e2-df5a-4a91-aa72-9037e80421e9,2022-12-30,2025-02-07,1937-05-24,,qj380,9070.82,M,24939,NH,Pediatrics,West William,Denied,Inpatient
7fe054a6-ab58-4ce0-a79c-f575dd615ec6,0d151722-0523-4e64-969b-964d51a4534d,232053f9-9a7d-4e80-bb8c-12084607f412,2023-10-18,2025-04-27,2002-09-05,Ov019,ef355,168.83,M,98267,WY,Pediatrics,Wolfport,Pending,Inpatient
50f11aa1-e7ce-4d0f-83cc-ca8f1bc2e57a,4f3e5400-6454-43e8-ae76-798639c629eb,64e96ce3-6ab7-47e9-bff6-7d6f69a16f3e,2022-09-15,2024-08-22,1994-10-25,hW927,Nf981,4596.42,M,34356,ID,Neurology,Port Bethanymouth,Denied,Inpatient
4f674c53-ad64-4805-afff-bfe4dc484391,b1f57de4-21f6-4f5b-a9f5-de29c51f5de5,,2024-01-17,2025-03-25,2004-08-12,Fk667,pR675,8579.25,M,90382,IN,General Practice,Orrhaven,Denied,Outpatient
77d7775b-290e-4706-967b-2959416b1c2c,2157f561-7617-4212-9bdf-4a25849d742f,3ffbcaf0-3129-4308-9415-2f0edd36cdd9,2024-05-30,2025-11-08,1995-10-17,FQ733,Rw134,6794.16,F,03792,NC,Neurology,Port Kathleenborough,Denied,Outpatient
cac81734-a36c-454a-8d5a-212506d16af0,21cc3fcc-f05b-4d57-8851-f1cefe713ca6,52d9c0b5-b0b8-4cca-8503-0f044ec00c88,2023-01-12,2024-01-28,1960-08-08,Px296,A.123,1275.22,F,80066,MN,Neurology,North Russellborough,Approved,Outpatient
a760948a-e15b-46fc-a216-1c5a9ebbe048,01617d35-0438-41ac-823f-b4986b12b400,8bb281d1-c5a2-479e-af5f-9bbf2cd299df,2022-07-26,2025-05-29,1966-10-21,yF951,Ic284,2117.29,M,52492,KS,Pediatrics,New Laurachester,Denied,Outpatient
7e610ecd-3c8d-4d19-819b-fbb283fbf1b8,d81cd32b-e168-4a60-acdc-5b77cef5496e,86f5b97c-51dc-4e62-b763-f8affef46efc,2023-08-22,99/99/9999,1958-06-29,Mg587,DB793,9774.02,F,81587,OK,Pediatrics,Lake Carlaside,Denied,Outpatient
a31e930c-2d83-4aa3-a36f-db5c18b6838a,3d325bef-e237-4a2c-839f-1348491030ad,9023b1ad-9104-4d2e-8e9c-06fb423ac2ef,2022-10-28,2024-09-11,1980-11-01,LE548,mX219,2533.89,M,54541,PA,General Practice,North Kylefurt,Pending,Inpatient
e8be7930-2e9b-4c51-a0c1-28b3037faede,f737683f-35bd-4feb-8bd9-081220141a63,e613de81-db34-4571-9d2d-987f1551ae2e,2024-03-27,2025-08-27,,ER792,,7106.44,F,15210,CT,Pediatrics,Port Joshua,Pending,Inpatient
15c99493-bc25-481f-a175-744ed8bd1bf0,fc6eb76f-1a72-40e1-9bb8-1df2f41e20e1,5eb49429-3cbe-4460-b72a-d682d698f9c3,2023-10-19,2024-02-25,2013-12-17,XA248,LF789,7745.95,F,55109,PA,Pediatrics,South Josephland,Pending,Outpatient
9cd2df6c-8a82-415c-a633-d7391f118c60,eaa21546-0567-45da-a5ab-68b374743525,d31e92df-22d4-4796-92cc-e70470105f4c,,2024-05-13,1966-09-06,hd391,mM815,843.86,F,,CA,Cardiology,Port Rachaelland,Pending,Inpatient
ac629771-17c2-4ec9-84ba-f3eab5198ba3,628fd4bf-e2e0-4773-a7e4-fa42e31b1744,b8dd11b1-1b46-4317-acb1-95c71483fa2f,2022-08-11,2024-10-19,2012-07-25,Ub888,mU676,3354.64,M,29157,VT,General Practice,West Cynthia,Approved,Inpatient
e801d42f-ba7a-4d46-b0dc-85dde7fb675c,a971e07d-9e3d-4d8d-99c0-abcfbb370982,648d1dc1-be7a-4d80-9665-cc90e70dbbc0,2024-03-06,2024-02-02,1974-08-16,qo814,TK437,4246.05,M,85342,MH,Cardiology,Macdonaldstad,,Inpatient
4aabee87-e3ca-40af-969a-a5664e269b25,9d4ede63-a501-4ee3-959f-9f18536b8536,fc3e8e8e-b00f-4acd-830d-f7d6e6f09172,2023-10-04,2024-01-21,1986-10-04,Dr654,bt183,5080.53,M,16826,PR,Cardiology,Longtown,Approved,Routine
79799189-bf41-4a61-a09e-e9a3588325f4,b62f4655-3f28-4541-a6a4-79f13087f757,8be1eba7-48c1-420b-b0e1-1435c0c48412,2022-10-12,2022-10-15,1988-09-07,,rl050,3985.69,M,07538,GA,General Practice,Connerstad,Approved,
168c4b09-b016-40a0-b411-c99629419d19,5003828b-4b4d-4fc4-a6e4-5ee3df69e978,32b52560-1480-49f6-a155-14db64218b04,2023-10-09,2024-05-10,1974-05-17,tF006,ox454,2172.56,M,51787,MH,Neurology,Jordantown,Approved,Routine
5a749dce-de46-45a2-9431-b0dc743c3a41,39021376-6f7b-4cc7-98e9-599201dbc59f,604550b5-4883-4bcb-a072-cef8ded4ee7e,,2024-11-24,2007-03-03,,LY638,2858.57,M,35320,FL,Pediatrics,Lake Kathyburgh,Approved,Inpatient
87029093-bde0-4e7c-8145-4c0d0acdfe53,31f8cd93-3175-42f7-8ee0-68879a008fac,f80ff3cb-a7b4-48ee-9606-aa141439cd82,2023-08-01,2024-01-13,1937-12-10,df639,Rn341,1221.06,F,92853,PR,Pediatrics,Laurenshire,Pending,Inpatient
e3f41f4b-9fa8-4ee2-9bbc-e669c9f4b698,,2b1c57ee-3e51-46b1-b2c8-367c9d593d60,2023-03-11,2024-04-24,1954-11-05,Fj917,rd602,6382.37,M,19905,CT,Cardiology,Lopezland,Denied,Emergency
,265e500e-40e6-492a-af45-1670509081b5,50399c81-e603-4071-ad0d-0683fbdc35c1,2022-11-05,2025-02-24,1939-08-25,Rp494,Xv855,5033.84,F,60762,OK,Orthopedics,Garciachester,Denied,Routine
5f380283-5e87-498a-a0f8-717f41fe99ef,98ae68f3-a700-4e02-9bc9-42cf49b2ccec,7884b17e-4c7a-44cb-83ad-0dc75313123a,2024-04-08,2025-02-03,1942-06-15,ZJ715,fN664,1753.71,M,20245,MP,Pediatrics,Christopherchester,Approved,Emergency
a14e85aa-5609-4525-80cf-4f10ed63df5a,e9e46917-38df-4312-a0e0-1eaf209dd2c8,b9e19396-d9ab-4597-887a-59994ed13e45,2023-01-10,2025-01-20,2000-02-29,FR901,oV283,3920637.55,F,71259,NC,Cardiology,Stevensonborough,Pending,Inpatient
7ce3b79b-4d60-4e75-b015-18b774861b3b,2e92f8d1-2173-4c17-88a5-ba112e1fe2f0,aa0da15e-9a74-441e-aa90-9e9064fe5044,2022-10-21,2024-12-31,1966-01-31,Hf445,kx873,6675.77,M,78355,NM,,North Philip,Denied,Emergency
e3c58eed-7965-4fa6-b841-f47f8beb1431,e4a9966f-83ce-4b0e-9f2b-e27d09fa225a,,2023-11-18,2024-05-13,1969-10-05,,aW084,8037.11,M,11167,MD,,East John,Pending,
022b8b53-fbdc-4ecb-8495-fba5cfa26372,7b3b6059-cc0b-4217-babd-c551a074b494,59c16daa-4da7-4995-bc1b-b1a07e38489f,2022-10-11,2024-03-12,1995-08-30,hF728,Dv088,-1033.33,M,16157,CT,Cardiology,,Pending,Outpatient
,9461c077-6782-4457-a7b0-86c31709c035,ef534b76-161d-4e18-b8a9-c56b14feaacc,2022-08-10,2025-09-17,1969-12-18,kf910,Ug035,6216.69,M,27088,IA,Pediatrics,Brianstad,Approved,Emergency
4c7af95f-17a4-4caa-8f5b-d819be7e8aba,6552708f-ff35-46cf-a775-7ffa292347b3,6181b8e6-4f53-4676-85be-cb93374d3aca,2022-10-26,2025-03-21,1969-02-14,Wn525,kz957,6499.94,,59906,MN,Neurology,Farleyborough,Pending,Inpatient
a3ab238c-5332-463a-9e7e-fd286dc9af9f,f7efd658-50ee-437e-909a-8752e52f6d42,a4dcf4f0-783c-41e3-85d8-f518f26454b4,2024-03-24,,1935-01-22,yq716,TS702,7859.01,M,07113,AL,Orthopedics,Stevechester,Pending,Outpatient
,a97c356f-3e6d-40fa-9374-119a96c0d87c,46e48792-10e5-4811-9f30-37c0e6bca7c2,2022-10-17,2025-05-04,1980-09-16,,HH662,1671.49,F,,TX,Neurology,Seanfurt,Denied,Emergency
a2ac11b8-7301-4731-a39c-8cb23041bf28,fb3eb23a-c47e-46f7-a6c1-3a449142080e,72555c10-faa6-4059-9544-96568d4f7190,2022-11-05,,1993-11-17,,av144,2824.87,M,13425,GA,Pediatrics,South Meredith,Denied,
fa4a7c27-fa38-4f14-8c9c-d6e383aec7b7,71f4ed5b-3b63-41a6-8aa8-3408faa58ffb,c836242a-143f-46df-8f3b-9508b2f27b67,2023-11-29,2023-12-11,1984-05-24,nz802,At526,1554.53,M,99585,TX,General Practice,North Christophershire,Approved,Routine
ab264c0c-cc4b-403b-bfd1-5a22730610bd,,913abef1-3559-4758-af69-5bda7f66f1e4,2024-02-07,2024-02-04,2007-05-02,yg547,Wm055,8674.41,F,,NV,Orthopedics,Lake Marie,Pending,Emergency
e8cbaa55-23d3-4f22-8ea8-14a4e5a59f94,2e5ac843-bcba-4356-8fb6-5f4948ee8728,89f776f4-2855-4bb5-ae2d-b0c7e4ac2a75,2023-04-04,2024-05-31,1944-07-17,Dk376,Sn758,6413.96,F,20283,TN,Orthopedics,East Jeffrey,Denied,Routine
4bd2de61-bd1a-4233-a5b1-68c698cafe83,075938fa-c881-4e6b-8bbc-209a841855d4,a66d9865-3f5e-44ac-905e-2e81fdc66e64,2024-03-15,2024-10-06,1967-12-11,qP878,tm408,5464.82,M,52697,OK,Pediatrics,South Allison,Approved,Routine
2007b139-9e11-4ab6-b740-c60bb7c68300,e05dd4b8-3ed4-40a9-9dde-5380f841c784,ae320893-bfd2-4e5e-954d-6907c2bcdecd,2024-05-07,2025-10-22,1970-04-06,zt955,to401,8020.03,M,73983,WI,Orthopedics,New Vickie,Pending,Outpatient
41b30978-287b-4db6-9a67-7928b0a29164,e1bb1ed0-66e1-4b2c-9a9d-18132cfe4f3d,f5a42834-06be-4f3d-8a5f-06f06d0a153c,2023-02-23,2025-06-02,1998-11-15,CS035,,4417.65,M,60733,CT,Pediatrics,Johnsonbury,Approved,Emergency
4ea0697f-30cf-4881-acbe-52e2e7972160,17151c92-f4cb-4591-9130-8ce290505325,ebf4b17e-62b8-4a39-a3fa-1c6fdb1b92d7,2022-07-12,2024-06-20,1970-05-22,oC018,to305,3261.21,M,47418,CA,Cardiology,Deleonchester,Pending,Emergency
e3e82fc2-7380-4710-b956-2370d48d7273,78f9e40d-e1b3-41ff-9dff-542a21f50f5d,f0e3229a-168b-4f14-a084-456ecd564252,2024-05-18,2024-07-24,1971-02-08,oO872,,4784.78,F,56929,CA,Pediatrics,Spencerfurt,Approved,Routine
9adc075f-4b68-407f-99d9-f8d11cd5edd0,1de73b54-2ca8-4f28-98a0-67f5a663e44a,5a9d2f53-874d-49dc-9a40-cc16eafb53ec,2023-09-10,2024-12-08,2005-08-20,Ql804,JC661,5653.29,F,61835,RI,Cardiology,Port Briana,Denied,Inpatient
843f9408-0fe0-4937-936e-5ea5a905303b,790c6ac1-20bb-473a-9a0b-aaeb1def9fd1,4a72fbd8-0ec1-45fb-a72e-d8ced32a33a3,2023-11-21,2025-01-12,1986-05-23,Vo407,Ri412,3522.39,M,31337,TN,General Practice,Kellychester,Approved,Routine
9de1913a-b5a1-42d0-832b-2fbe2bc8e518,27b426d0-6cdd-48bb-9438-675eff78ad0e,e57c91f0-f556-463a-b630-092849edd329,2024-02-13,2024-07-20,1937-04-12,yR460,nS225,432.77,M,42309,NC,Neurology,,Denied,Inpatient
14334278-d662-4f34-bacf-f7a23970814a,a0bbbeb6-40dd-4e6a-93ce-21d779e87476,,2023-02-19,2025-05-29,1956-12-13,SY404,tN001,9813.66,M,16127,ND,Orthopedics,Simmonsfurt,Approved,Emergency
0dbc3d65-b7de-4974-b015-0bfb6f37c5a7,158960cb-be26-4096-9afa-b7ea72b9bb2d,1145dfba-9409-4264-87ce-ca076cb42252,2023-05-03,2024-05-05,1956-12-31,hX486,tl540,6285.36,F,75931,AZ,Orthopedics,Meganstad,Denied,Outpatient
7df0a58d-1e7b-46a9-8be9-575c2ef594c5,a2840afb-e9d1-4b55-86db-46867efc3a09,12ce3988-1bfe-4b83-b3e9-2cef2563e83f,2023-09-02,2024-09-17,2010-11-23,Ke767,ei799,5102.0,,20574,IN,General Practice,New John,Pending,Routine
9f47d163-763b-4079-bedb-a88ffe737188,7dc1cc14-6766-4bf8-a83a-5d4b581e0757,e42c19ff-f2df-4ba2-9cd4-3725196038eb,2023-03-29,2025-07-28,1962-11-10,Hb059,Zv083,5923.2,F,85346,WY,Neurology,Solismouth,Approved,Inpatient
19f03275-308d-46fb-ada6-6aba784f9760,,4b736c8d-49a7-4ccd-9bf9-fef1c2497b02,2023-03-15,2025-04-22,1996-09-05,nG545,WK936,7928.16,M,40100,NV,Orthopedics,Alexanderburgh,Approved,Inpatient
78384190-33f2-454e-8fdf-f05cc65d40a9,bb366737-9f48-4f61-b6d5-027e6d2ec166,83edc4e5-7fd3-41f8-b68c-6b381c61b553,2024-02-18,2025-01-22,1989-10-11,,dy866,2093.5,M,91869,MN,General Practice,,Pending,Emergency
e8fa58f0-d446-4071-a077-c4f322e5357a,2073aa17-262a-49c3-ae4d-b5803a6b5591,a8b3c8ec-9c0b-44f6-a1e8-1e294b9924e4,2022-12-08,2024-06-28,1969-02-20,TZ931,lg383,6083.16,F,77566,AS,Cardiology,Port Maria,Pending,Inpatient
4e6581d9-86e6-4706-96e5-d7e97b671955,dd90696f-5866-4ef5-8cc2-3df65b6b1b03,dabbb4e9-e62e-49c8-a251-0b6158ba2b70,2023-09-04,2025-06-05,1953-01-01,Vw583,nZ661,9737.54,M,,OK,,Murphyton,Pending,Routine
9566d969-f02e-4825-97be-71300bece916,,dc9a2261-1105-4bb3-afa7-513bd5ac480c,2023-05-08,2025-06-07,1999-02-13,xU776,Uc799,4860.81,M,36428,IL,Neurology,Monicastad,Pending,Outpatient
43234441-1c14-4438-a605-9701848c6e6f,,90456799-1d9e-4a9d-8765-35f2edc84cf0,2022-11-16,2025-10-25,1959-08-27,Uz661,Xd529,8353.08,F,05610,GA,Cardiology,West Justin,Denied,Routine
cab5d685-e0ea-4530-8628-d2f60fb3863b,1c8c911e-5e07-42c4-b4cc-8fc56f620942,c81c6c4d-6351-475b-b115-23c95bf6f19b,2023-09-24,2024-03-27,,CX204,fY443,1823.68,F,00743,GA,Cardiology,Ericland,Denied,Inpatient
6fb4301c-536c-4769-b2db-b51c31364674,ea3b4547-a3de-47f6-a661-a8dceb62637b,4e6644c8-55aa-43fe-8113-25603d43cba9,2022-08-15,2024-05-24,1984-12-17,Xc122,HZ716,8895.2,M,63872,MO,Pediatrics,Danielshaven,Denied,Routine
f8fe0fca-6103-47fd-9328-2b525b5c716c,b0765afb-ca94-4e34-8c74-096187153511,61fa42a1-4315-4755-a1de-fd4409c42ba6,2022-08-25,2025-07-30,1952-12-30,wl391,Ti635,8941.59,F,08581,CO,General Practice,Emilyside,Approved,Inpatient
3957a641-ee54-402e-8b91-47d973d22814,e43b1e97-adde-4d08-bff2-09a80bd6eea9,3acea795-479b-4565-b331-bff68c22f3e8,2023-06-01,,2000-10-17,jZ505,yt168,8100.39,F,41081,TN,General Practice,,Approved,Emergency
b7c352e9-ac09-4152-abb9-689c96b08321,99266ae9-1e41-4b33-ac6b-b1ffae5b2e90,39c38110-7db9-4d19-a475-6d210f4fb8dd,2022-08-08,2025-02-03,2001-12-22,Qr526,Kf282,7918.02,F,38801,SD,General Practice,East Michelle,Approved,Routine
ce85d2ee-7e44-4ad0-b20d-a26a6550a9aa,ea3d849e-c68e-462d-b6a9-3b29b85ef896,ec184594-6622-4040-92e1-5d7624e566b2,2023-12-16,2024-05-24,2000-09-27,SD123,Ma535,,F,66855,KY,Pediatrics,,Approved,Outpatient
da96c70e-6573-4419-a087-12a388c0d59d,7b7e094c-8e04-47ad-9503-7bd863061d75,0d06417d-6712-4588-b31e-67216f335897,2023-06-26,2025-03-29,1994-07-23,yy664,XR047,4376.26,F,95825,ID,Cardiology,Rowlandfurt,Denied,Emergency
53f9b31c-6e88-4e42-b039-0cae88341530,841cc1bc-eaf1-458e-a90d-c4d95d20ce07,f883df48-7556-468e-9793-29fbf7e53fcb,2023-09-25,2025-10-10,1969-01-12,lv587,Ip603,9367.93,F,,PR,Neurology,,Pending,Emergency
b440c1ca-c7d0-43f3-a01c-74a2089c2458,134ff176-e98f-45f9-9e54-b78cd57663f8,7e158279-7c85-4bea-b1fc-c53d967ce2e0,2023-06-19,2024-01-14,1997-07-23,yV287,gO718,4579.15,F,51748,,General Practice,South Kevin,Approved,Inpatient
6da30876-c1bc-4fb4-adee-0a12b13fff40,6587ef4c-f4f0-4314-b5a7-d80db5b3b81d,b490e1a2-0dca-42d7-9068-e40b47cf62c8,2022-12-30,2024-10-15,1949-09-14,jc997,SQ722,6273.5,F,95506,MP,Orthopedics,Paulfurt,Approved,Emergency
4a067070-18fd-4176-a1f7-89a8ecb6a767,e40da31d-3bae-4aad-b437-d630622ff07c,e28db478-2c7e-4f6e-8e85-f1af9de4d61c,2023-01-28,2024-05-02,1998-10-30,nU725,qN559,,F,05794,FM,Neurology,Robertview,Approved,Routine
a898f925-bbf3-4813-b386-35b11ce9be40,fb226b85-f665-4156-bd85-b49ff003e706,1e4a7472-0c58-472b-ba1b-025ebcdb01fb,2022-10-15,2025-10-14,1985-04-06,ZJ246,WL718,8191.25,M,09548,TN,Cardiology,Joneston,Denied,Routine
5e0b948b-4038-463b-bc09-25d3f42ff0a5,84bfeb29-cb80-47bc-b190-fdf983ce753b,74c5a2c2-d18d-4ee7-b889-ca95909a497c,2023-05-09,2024-04-06,1974-01-14,RV207,CT042,3333.73,M,98962,GU,General Practice,Shawfort,Approved,Emergency
c9758938-18ce-4c98-b389-1b8bfb9ad49c,64a0720f-f5f2-4f28-9883-328c434805d9,e509102c-8242-4d19-acab-53a87b5dc5cc,2023-07-26,2024-01-23,1969-01-03,qa819,,976.08,F,33722,CA,Orthopedics,Myersfurt,Denied,Routine
7e562bb0-cee9-4bc3-88b7-e058c588ec28,024ae420-e928-4c71-af10-3b65ac255c69,0e5ca45e-bdd2-4513-aced-abb3533c9ab0,,2025-12-01,,Xs166,,,M,03662,MT,Orthopedics,,Pending,Emergency
18d7de3a-57be-413f-abbe-9d4d42b30948,e6b5b28c-870b-489c-9fa8-db93ba453cf9,e1cb89a8-770d-4d05-8dd6-e0af0b21acc8,2023-02-19,2024-03-08,1956-12-23,KT461,In516,8158.31,M,58260,AK,Orthopedics,Lake Barbaramouth,Pending,
94b1b0ac-9a4f-4cc8-927d-828174228d60,c71359a3-df60-4bbc-8814-d0a545eb3203,cd102f66-f30e-4151-b61c-bd4520397c53,2024-02-08,2024-05-15,1946-01-02,QD019,xp073,2158.07,F,89150,CT,Cardiology,Ashleyfort,Approved,Routine
871fd574-9250-4a98-a689-e0a562188794,5e326d1d-ca6b-4318-acf3-90474457a6f7,5e5cb0dc-2ba0-4ac8-80d8-81742e87e58e,2022-08-19,2024-09-29,1983-01-08,En192,yy980,3893.07,M,57769,DC,Orthopedics,South Ryan,Pending,Emergency
e0f0675a-d8d1-4eaa-a753-1baea471433a,d3c6eeb8-36a6-4399-a9ca-7efa05a59a77,385c8368-fd2b-4bbb-b91e-4093e589160f,2023-11-12,2024-08-25,1945-11-18,FM334,Fk905,8684.02,M,98658,PR,Cardiology,South Patrick,Denied,Outpatient
30f7bfa9-ee44-4792-93ea-eca155f996ed,25557b8e-3c1e-45dc-b167-beaf823c4949,320d1bf1-a00c-417e-ae67-c7178bcc30fd,2022-09-18,2025-02-04,1982-06-09,XA407,aV851,5065.01,M,53657,LA,General Practice,Matthewstad,Pending,Outpatient
fac37bec-0e38-4181-b2d0-6446e9e1bd0c,c2803804-ae25-4279-ad9c-6fc923640628,fc4da8ef-8da8-41bd-ae90-e3218cc5fe67,2022-08-15,2024-05-31,1965-03-14,FA968,zk923,4791.82,F,79720,WV,Orthopedics,Port Jonathanview,Denied,Emergency
6de12f65-507f-4a36-8cf8-7ad5ead648b0,3a2b8505-8b1d-4e03-8dcb-58b255b92e71,014517b9-a8c7-4791-a715-da6122615f04,,2025-03-22,1985-07-12,lo215,QX625,5842.85,M,47346,DE,,Williamsmouth,Pending,Routine
41c69c3f-7b63-435c-841f-97633264a347,9caba0e6-334d-4132-9330-1c1adaa82d11,11ff25ad-29c9-493b-a356-cb0c6a8f41a6,2024-07-07,2025-04-11,1955-12-17,ZE958,Am159,3476.56,F,80953,VI,Cardiology,North Michael,Denied,Outpatient
bac3b5a2-6fe5-4416-b49b-0329141f95fb,b174ae23-2a9a-4323-b00a-db1aaf34735b,eee38836-0e04-4aac-a16b-5e54a7746211,2024-02-21,2024-03-03,1948-11-06,vO769,qB268,851.05,F,61478,SC,General Practice,Olsenburgh,Pending,
6f2a9892-1df5-42aa-8ea6-229112fb6ed4,2b213a7d-e8a8-4af0-b1f8-3cf594cc9094,29c1cc90-340e-402e-b2ae-cd47bb03c7bb,2024-05-20,2025-09-21,1993-05-04,wR260,Ne134,5805.25,F,77012,TN,Pediatrics,East Sandraberg,Approved,Inpatient
5d342c0f-d258-44d2-8c15-ae81e9e53892,42d5d5b9-48a3-4ed6-8d6a-b78291fb2305,,2022-09-18,2024-09-09,1994-07-18,EU660,Ol461,1930.06,M,93464,NH,General Practice,South Glen,Approved,Outpatient
b7bd1c36-a41a-45e1-b432-6354c7b491a0,0f898f7e-0fa3-4bfd-8bdd-3c6c5aa4b590,9e3ec47a-c716-419e-a58b-968ec56dfcab,2023-02-05,2025-02-09,1987-06-14,ZN627,lD900,9453.18,M,64049,IA,Neurology,Whiteheadburgh,Pending,Routine
3ac35976-15ae-41d7-bf97-3558978abd79,607e96fa-a06b-43ba-8f68-242a8663b191,f92a7a8d-5e8b-4aca-8dca-237c3c5538c3,2023-11-22,2024-03-13,2013-07-03,rC281,dN256,937.2,F,56737,A1,Neurology,Andreaton,Approved,Outpatient
54c5c90a-0242-46a3-9784-a995c9fc1165,,5806af01-f579-4002-a945-939ec0471718,2022-08-03,2025-08-24,2023-08-03,ml554,BX220,3035.7,F,96590,WI,Pediatrics,New Alexander,Pending,Inpatient
ac411570-1783-4978-bd82-df413e9ebcc6,545c1028-7be8-491c-a63e-0c38d851a373,f859a23e-cce1-4da8-b17b-cb74cbd823ab,2022-08-20,2024-11-10,2009-02-18,nG318,eb116,2660.35,F,31520,PR,Neurology,South Arthurburgh,Pending,Routine
c74d0493-9aa6-475b-a690-f7f9dd910d58,1d36187c-16ff-4623-a54a-2bb878427ebd,e3a5c899-fb1f-463f-aba1-45fc428d1ed8,2023-01-18,2025-11-04,1982-10-09,aO577,qL508,2396.28,F,52280,LA,Pediatrics,Woodsborough,Denied,Outpatient
574a0eba-6d1b-4cfa-8e40-ddbf3f0062b1,5b3990c3-3005-4f19-a1ca-2aefb2af5858,486644d2-4ef4-49b2-8ed7-e67182985965,2024-01-12,2024-04-04,2012-09-21,gF700,qY908,7508.72,F,91728,ME,Pediatrics,Scottside,Denied,Routine
adcb0c24-0182-48d7-bb9b-96115def2ebd,27e99ab0-e59e-46e4-b8c4-062649b5095d,2cbd0461-c3bf-4572-a8a7-ddb3330aff71,,2025-04-10,1996-03-12,Hq524,QM538,-400.01,M,88983,NV,,Scottberg,Approved,
f7b2ba2a-206b-4309-ba8b-f9d22558ba2e,304eb5a8-d464-4302-b474-a9745f62ccb8,,2022-11-17,,1956-11-11,,wj196,5761.54,M,12024,FL,Orthopedics,Rachelbury,Pending,Outpatient
b67d8df1-2d64-497c-8848-46f2a852357d,3cf29d7e-9f69-4ebe-858a-c7d80ff1838f,a0448565-f743-4d5b-953a-7a335c420a08,2024-04-25,2025-03-16,1996-06-29,Xr976,fw576,5175.41,F,37493,VA,Pediatrics,Lake James,Denied,Emergency
38f3a1b9-8a85-47ed-898f-de2bd71d7da4,49eeee8e-97da-45a4-b8cb-a7fe89a783e6,fdf84678-145e-4f2b-b77b-60249bd3038e,2022-12-09,2024-03-25,1951-10-13,ix348,Ch895,8595.95,F,41856,AR,Neurology,Port Oliviashire,Approved,Outpatient
306c25a9-2785-4e46-b3a4-b544efe41408,f178cdfb-d0d1-4094-90f5-4337da2489f4,b00c6dfd-e1f7-4326-acdc-15b971139aa0,2023-07-20,2024-05-23,1998-01-26,PK851,,6371.94,F,94474,NM,Cardiology,Lake Michaelfurt,Pending,Emergency
4fcf0560-ee01-4480-9927-35edc12cfc37,27ba2da7-5088-4dcc-84ea-3eb3a3dac123,b0342e58-39bf-4dc0-813e-96ea6d43396c,2023-03-14,2025-08-09,1969-06-20,NV231,cw645,3064.02,F,99502,CO,Cardiology,Seanchester,Approved,Inpatient
3ef693c9-b43a-4142-9636-f2e8cb3506fc,370e7fba-94de-44b6-9fbf-8f1d46782fb3,53397e66-bbb1-4ec9-8ee6-04a57e83dd9d,2023-03-31,2024-05-25,1996-04-03,Qn780,uC312,8697.25,F,44283,MN,General Practice,Lake Maryfurt,Pending,
9432b597-23c6-48b2-9505-50fb1645c055,91d16825-ba7c-48c1-adac-e60855bb3a56,54622aa5-a454-47bf-ba1a-0b7e9f8a0ce8,,2024-10-12,1974-01-17,ci403,mP568,3553.32,F,18864,SD,General Practice,North Mary,Pending,
83f836fc-2f40-403a-b8a1-5de0e55abfa3,78e567fa-656d-4163-9b4c-59e7ae24e954,e3a1fdce-dd4a-4a37-abfe-76b9d0716fb9,2022-07-27,2025-08-13,2008-07-11,vu970,em587,6828.24,,56343,WI,Orthopedics,Steveburgh,Pending,Inpatient
3b13f799-0b79-44ec-8b33-7b64fa1820a4,2e86a6b6-dc44-4b5e-a078-c9bc0bf988ea,fd676832-a9ac-46e6-bcb0-cf67e5405f59,2022-11-28,,1984-09-25,,Uy519,1285.65,F,28011,ME,General Practice,North Tiffanyport,Approved,Emergency
0afa4f16-c803-45e1-8a3b-aaf8f97fb02c,8d4ab420-7d3e-4ea2-9eb2-aacbe8c0771c,a0ba0e34-45d0-49e9-b338-8cb9a563bcd5,2023-01-29,2025-10-31,,EL808,tI863,6265.26,F,68128,,General Practice,North Jamesville,Denied,Outpatient
b1e4bbc4-da4d-41bb-96b7-fdba326b3a0f,8a076db4-c805-4a96-a87b-c6b2a5f7890a,8f8989a5-04b3-4d5d-90df-008106cffed3,2023-02-20,2024-04-06,1964-03-26,qG523,lp931,9709.7,M,93343,ND,,Port Deborahstad,,Routine
4aba3ce2-4286-426c-8a93-7a142f4a6d08,,11808177-158f-4174-a382-cf5626141ac2,2023-02-16,2025-01-05,1943-09-29,ah790,JE941,742.05,M,66421,RI,Neurology,South Sandrafurt,Approved,Outpatient
62f91f5c-eaad-4ade-9a97-668d259e307e,f9e3d966-3f7d-4f97-8f55-f915282d8076,d230669c-fdfd-4389-b3fc-34488516b5c0,2024-01-13,2024-03-16,1963-11-11,zi747,BP623,9599.81,M,20627,TN,Pediatrics,Lake Tylershire,Approved,Inpatient
cc85cb68-866a-4761-a6cd-5b8ddf427ea2,702ec1f5-b551-47dd-8e3c-082bc9ecfd3b,,2024-01-30,2025-11-16,1950-04-17,Cg629,ZR679,9151.56,M,42018,KY,Pediatrics,North Andrechester,Denied,Routine
5345a6de-8a87-4197-a7d7-9c205e961c34,e1b69919-7678-4eef-be9a-c6dc623e9eb5,33815d69-3c4f-4bda-b6d5-e0cc370b847f,2023-10-15,2024-01-09,2004-11-23,hg281,gM141,3208.27,M,13486,KY,Orthopedics,Angelchester,Denied,Emergency
ae2ebf49-7ff1-472d-93ac-f52ce70893ea,2a501cd4-157e-47bc-9fd5-8348f4394ed6,090d0446-892d-4019-a2b4-5309ebf68db4,2024-05-18,2024-07-18,1937-05-10,qB928,ZS789,8241.98,F,48930,OH,Pediatrics,New Loritown,Denied,Routine
40a11899-650b-4f29-b939-16df1b8a700a,f8092af4-26f4-4749-8c93-c5a308e62867,024f7538-1011-4ad9-a1ba-4657020297b8,2023-03-19,2024-06-09,2012-03-04,hT181,LO184,2104.56,F,55860,RI,Orthopedics,Tylerchester,Pending,Routine
6480eae5-1c46-40ff-b2f3-13c3b6edc7fb,cca94e3c-9342-42ba-912e-bddd2052325d,a1a6253d-0de4-4dff-8e44-d5405c9a6d88,2023-12-31,2025-09-01,1991-07-23,lK883,bk074,4038.77,F,81284,NH,Neurology,New Carlachester,Denied,Outpatient
dab42836-4837-48f7-a586-1af3008d94f1,1ebcab82-c2e9-4e0d-9b47-7ad86d1dd0fd,7d4e82a8-4b9f-48e6-b7d6-0abd70c6fbbf,2024-04-30,2024-12-24,,bU336,yQ938,715.81,M,59622,,Neurology,Destinymouth,Pending,Emergency
3c917ffe-5aca-451a-9c48-1530cc8ce7cc,,b3fcb400-1e44-446a-8266-5c72d1bd6d29,,2025-08-18,1998-11-09,iO567,kp331,8812.78,M,46696,SD,Pediatrics,Port Jonathanport,Denied,Inpatient
406a1eb3-618a-4004-be8f-810835c4e3b4,f23287c1-ed87-4a86-a496-6b41c51f08e9,44ade6df-94e8-45a4-af23-accf948a1fde,,2023-12-29,2013-06-20,wM121,Zx468,6596.0,F,44083,WV,Orthopedics,Johnstonborough,Pending,Outpatient
8119e49e-6895-405d-8d73-9e71226f88b3,75dcbafd-7be6-4dd9-9fe0-14a5ec85f86e,026c8b2f-2dd5-4487-8d16-1ac40d36955e,2023-10-13,2025-05-05,1943-09-09,Rh495,RO287,2704.81,F,75793,MD,Orthopedics,South Benjaminstad,Pending,Inpatient
219a4a69-0a35-4a44-ac18-cd1e6336cbc7,f571b94d-aac0-4669-b97c-14f51d881eef,42572e06-b7af-4461-aebd-cc4ba2ebec57,2022-07-18,2025-07-23,2002-04-02,Rr238,DI438,3942.88,F,,ND,Cardiology,Mcdanielton,Approved,Emergency
cd91c038-1d49-4801-ae05-b6af78dde03c,61291966-063a-40ee-b352-3e52e5213443,2205f235-e98e-424f-be86-2965b250243b,2023-06-23,2024-07-20,1966-11-28,oA998,Xn569,9293.44,M,,ME,Neurology,South Robert,Approved,Inpatient
b195c87f-e3b6-491b-b00d-3356bde6ddc2,d0df381b-64b3-43de-847f-8c3408961479,73bff2ae-9808-4c91-bcd5-348aaf324b9e,2022-10-09,2024-07-04,1940-06-21,qw573,DS265,774.91,F,03793,IA,General Practice,West Pamela,Pending,Emergency
9e513a47-61ad-4924-b12b-8ccf346cd92b,ded52860-7409-43b4-81fc-846c0f019e03,63f939fb-e8d9-43ed-ae3f-356eb605b8a7,2022-07-23,2025-11-13,1998-09-14,vG979,Ww851,3633.17,M,95381,TN,General Practice,Kelseyville,Approved,Inpatient
8b9f5103-34ad-495c-94ac-6eec365e9e4e,d0973032-1546-4e84-86ef-723d78c499f1,7e2ac61f-c724-438e-9c05-b140135aff69,,,1982-07-28,yb005,oG383,4933.59,F,53592,DE,Orthopedics,Brettville,Approved,Inpatient
28497fdc-fbe7-455a-a766-99cbf89e0251,ae4caef4-6a70-4b29-b52e-5aa27b43d5c9,e4edb18a-9007-4793-a929-bfc5f6002d6b,2023-06-19,2024-03-15,,QB369,QF253,8437.44,M,05693,HI,General Practice,West Kathy,Approved,Emergency
a53c67fb-add1-419f-9074-ae84f078e61b,,,2022-08-12,2024-07-05,2004-09-30,gH642,WS105,12a3,F,01236,MI,General Practice,South Dustin,Denied,Emergency
4e50910e-c13b-4f15-a4be-17a2e47ead19,65356290-ab27-40f4-86a6-0a408b216449,d8e8b47e-5d3f-441c-b90c-e24d3bc6bd88,2022-12-19,2024-01-07,1939-03-09,yW425,WC981,6650.67,M,08423,NY,Cardiology,East Virginiamouth,,Routine
6c26a4f4-9d5e-486a-853d-dd32aa212380,d448b5ae-81a3-446b-8abd-c23395c3052e,156b3635-c93e-41ea-948d-5bf8350136b0,2024-03-02,2025-09-20,1956-05-31,yI454,bN026,5076.05,M,77050,FM,General Practice,South Vanessatown,Pending,Routine
3fb0dd89-5643-4ed2-a150-a858a42bd8d6,7773ff09-e9aa-4a9b-aebb-d75f9cc47582,59e58f89-1584-4f29-8269-c08e366b3d45,2023-11-19,2024-02-21,2015-07-16,,bA637,4646.73,M,,GU,Neurology,Nguyenton,Denied,Emergency
a5fc659e-3a23-47f3-90cc-75634f71ab32,0be23977-e91d-4350-8f60-c1b3b7a16fae,79017645-40d7-4304-a6e4-43646cc34ddd,2024-02-09,2023-12-26,1948-03-05,pu441,JT556,5828.89,M,88048,VI,Cardiology,East Williamton,Approved,Outpatient
7b87b445-dd1b-4b56-b536-adb460e605f1,79421fac-24dc-4f09-a675-0c94edf8a457,05f14c12-3200-49f4-8dcf-ab119c14a97a,2023-12-21,2024-04-07,1972-05-23,PF270,VG849,5211.2,M,88278,GU,,North Jacob,Approved,Outpatient
8b7be3ae-1420-4841-b998-1ce72a605dfe,,e748dbb3-5fee-4f57-a6f4-fbe69ed28c08,2022-09-03,2024-04-20,1994-11-08,ze723,Xx615,1249.78,M,95225,CO,Pediatrics,,Denied,Routine
1d6a40cd-19af-44b8-8759-bda6628a417a,97f9b724-4194-4088-b1fa-119304c4341b,86c0e21f-619b-46d4-9ef9-1877b3e644db,2023-02-02,2025-06-07,1954-03-26,Na525,lc222,8014.22,F,96165,MA,General Practice,Dayshire,Denied,Emergency
f2dfcc7e-11af-450c-97a3-8e228cadd73a,d07d54c5-5272-4409-aa0e-c07d6e739c07,a571ae53-4d2c-4fd8-94f6-30442885b517,2023-12-27,2024-03-05,1995-05-05,dk704,kS681,6471.42,F,14726,WY,Orthopedics,North Ashleyton,Denied,Outpatient
17141537-45d9-49b3-9960-12e1df603c76,,fba902d7-d2c2-4908-93d8-9d22324ed273,2022-08-26,2024-03-29,1943-04-28,pN412,gI676,4067.55,F,24358,NV,Cardiology,Jillianchester,Denied,Emergency
294cd8f3-6472-4b4f-9a03-54fe291862db,e2676032-9f95-4fee-b7e8-765c4acb3f47,f69706e1-7425-4053-af8e-bdda8efaf924,2022-10-17,2025-01-24,1959-11-16,aA616,GU804,3784.52,M,39445,WA,Pediatrics,Byrdberg,Approved,Routine
945bf13f-86b7-490c-b5fb-4ef92c289ae5,9358f2e1-e18c-483b-a67c-3ab52ab588ea,8ee64af6-df86-4730-b627-85452945ec75,2023-10-14,2023-12-27,2012-05-30,Wz108,ZG124,6790.65,F,37216,NM,Cardiology,East Danielmouth,Pending,Outpatient
65ab2992-d3bf-466d-bfb4-6bc2f13602e3,1e29a9f9-ae0a-4cdb-a4fd-451efe704b51,30abe09f-7717-4e51-8dde-a6fdad21c304,2022-12-21,2025-07-01,1977-08-25,Ju625,JP466,1457.77,F,61394,WV,General Practice,Lake Angela,Pending,Outpatient
fef2cbf1-12a0-4084-84a2-e73726cc52b1,52c6eac6-8f1c-4031-aba5-3b2ca6210a87,8a9cf501-8d36-4dcb-b6b2-8e277b7e00c6,2024-06-16,2025-02-11,1972-02-22,HE335,XQ042,1595.47,F,30232,AZ,Neurology,Vaughnville,Denied,Outpatient
4e065d45-de7a-41de-b2cb-46785f4228ad,3798bd6d-de8c-427a-ab5d-a3d88bac51aa,e8b9ec78-48ca-48f7-9502-41a9bfcb6c8c,2022-12-14,2023-12-30,1994-01-30,gm134,zn849,833.64,M,97448,DC,Cardiology,Davidbury,Pending,Outpatient
3c3c7c4d-a86b-4c2d-aa0e-c0b3dbeeda4d,e6dc1011-8542-4a18-abea-656ed5747fe8,15bc94b2-9606-431e-81ad-d9ecea1958ac,2023-05-04,2024-02-20,2003-04-05,,Wz802,7825.72,F,86571,ID,Cardiology,Matthewview,,Routine
994658de-9e2f-49d0-8843-e2e08820e6f6,9ff203ab-45de-4042-a235-3a5e8a8de3d1,187e65ae-de99-4860-872a-4b3c9f96712b,2024-02-02,2024-01-06,1999-09-03,Yf884,Kp076,815.93,M,45709,ME,Neurology,Aprilchester,Denied,Outpatient
da446f5d-1646-47cf-a1b0-43bd374974f0,5573229a-81c5-4f1f-88d6-2e5da7e46641,d4cc3030-0f28-41c6-9295-b0b89f584dd7,2023-12-31,2025-04-09,1949-05-31,sL078,Tk275,5416.05,M,75887,CA,Cardiology,Macdonaldland,Denied,Outpatient
32e3390a-cd88-4857-b960-9f66d699e06c,59476cf2-7e65-4adb-823b-953696492056,baf26f64-9293-4169-854a-95271130bf8d,2023-07-24,2024-08-31,2010-09-04,Hn613,uX903,9085.35,M,99159,SC,,Port Michael,Approved,Outpatient
1993f896-fc65-4dbf-898c-e00527625c94,bbf203fb-e62a-454d-8297-3e4135d7bb7d,38e28b99-59f3-4245-b967-f4ba819026db,2023-05-18,2025-04-04,1989-03-29,sB421,DE652,5081.05,M,20904,MT,General Practice,Kennethside,Pending,Routine
8fb01533-bb9b-4996-abf1-6db6cb57bcc8,321023b5-20e3-4146-a03b-de89fb4b794a,af511929-bf31-49b6-8a03-b9d51d0e2534,2024-03-11,2025-05-10,2014-05-24,mA563,On319,6894.64,M,21907,NC,Pediatrics,Faithhaven,Denied,Emergency
2886048b-7d3d-4c99-9fba-b72b6450ae5d,b1766214-85eb-47d4-b82e-bfe09650abc5,c1192315-6fdb-4a81-839e-0073111351dc,2024-06-26,2023-12-06,2006-08-20,Ty701,ek038,3570.15,M,32641,FL,Pediatrics,Whitetown,Approved,Routine
39cf2775-1db5-4b04-8eea-3fb7d155cec7,8aad7823-6815-4500-a9a5-8f7752fe8ae5,5544f16e-2dd7-4e13-902b-872859101e1d,2022-08-31,2024-08-29,1996-12-18,Wj725,mY240,6440.71,F,73625,CA,Neurology,West Russell,Pending,Outpatient
7bd43644-1121-411b-bef8-7e633b389a5f,7eca2ed3-83b6-4b65-9767-be64f468b700,67381d8b-435c-426a-a452-e23f104d35f5,2023-12-07,2025-08-02,1981-07-26,XA792,Os091,7399.84,F,,RI,General Practice,New Michelle,Approved,Emergency
e8352c83-bca9-4292-bd66-7abf177d1200,9162f0f3-b86b-4ed6-819e-8f48dca8044e,c1c7d05f-1781-4ee5-be5d-56260b5a41d4,2023-07-26,2025-02-19,2014-11-16,Mo960,Xv140,5992.61,M,99415,AS,Orthopedics,New Breanna,Denied,Emergency
8a3fc935-6ccc-49e7-aec4-739b36a658c4,8b8759a1-b877-4244-8d30-91c9f8191522,1b409a87-6d51-4b56-95cf-b0b5c527cc80,2023-11-21,2025-03-10,1941-07-15,QF740,zh443,5763.28,M,17567,UT,Cardiology,Audreytown,Denied,Outpatient
7e680fd0-fd76-4c18-80bc-ea8e23f54e36,73630a22-4f5d-4957-842f-9dcb172c6de3,5d848d4c-178c-445a-ad87-e79f3ba90966,2024-06-12,2024-10-17,2011-01-08,gj855,Pc098,6400.37,F,,OK,Orthopedics,Davismouth,Pending,Routine
3b205ae6-b273-4fdf-9211-c9b5d4ec790b,7d0f5902-4259-47d8-ae8c-4212f7163c05,27c7ee91-7f98-41c5-8d74-5f1cfe1fa409,2024-05-17,2025-01-21,1975-03-26,HM483,YU316,7910.95,F,46769,TN,Cardiology,Kathleenburgh,Approved,Emergency
9a10c604-a535-4c48-b5ad-59d711ad4b58,18c57e90-d4d4-4904-8e0a-1f62e3432aca,59764629-d410-48a0-9ea5-99338f17e9d5,2022-09-09,2025-04-15,1968-04-09,SC550,fU029,6956.07,M,26431,NE,Orthopedics,Margaretport,Denied,Inpatient
3a06d46a-c3a1-45a3-bf57-63358abafd14,052d3889-cc1a-4a4a-89ff-58174493abab,ce5e593e-04d6-4c0a-9138-1e67df0ef230,2023-11-07,2024-03-17,1986-12-26,qh649,Vt910,2930.48,M,10958,FL,Orthopedics,Port Carlmouth,Approved,Emergency
8a3a13dc-e3aa-41a4-82d1-1bbc02cbf451,31382aa4-4515-4c80-b6d6-df0983e728bd,dba793cf-5506-4238-bc6b-d02f5ef04a33,2023-05-20,2024-12-19,1947-04-14,jn231,qQ835,2959.96,M,21091,IA,Cardiology,Jenniferchester,,Emergency
e17a92b8-15f5-44de-9e5c-413b9bcd6d30,08f506c3-0ad1-4891-85a8-1d442c1b11c6,d94f62d1-980a-4b23-8467-dcf55aafd73d,2024-02-17,2025-07-29,2003-01-14,uO642,oz401,4709594.92,F,74290,NC,Neurology,South Alexander,Approved,Inpatient
4c2e1d40-caaa-410f-939a-3f9882489563,5c2133fb-871f-4d91-a8d5-8f2aab47de13,,2023-11-17,2024-04-08,1973-06-19,zU377,LC641,2672.06,F,90836,MO,Cardiology,South Williamstad,Pending,Emergency
3051b6e9-ec7c-43f5-9867-a1831ddc6c09,b8f5012e-f810-48aa-8ac2-9b383ddbf5be,eaba5d60-b7ca-4ae7-8815-7a0f162af7ec,2023-08-19,2025-07-23,1983-09-04,,Kc390,4857.81,M,90293,VT,General Practice,,Approved,Inpatient
17c49417-a0c8-4855-9170-51bfd47bdd9b,d332a781-c342-440b-8bdb-20cb1e9fea05,47bb1cf7-edc4-4d24-8367-4b8e7963a272,2022-07-23,2024-08-09,1985-08-26,ox422,iJ477,4754650.58,F,42086,NC,Pediatrics,Carloshaven,Pending,Emergency
2b49a26d-b82a-4760-aa62-f4c6600a7800,166b09af-b278-437a-952d-4742b1424b36,f011ef9d-961e-49eb-96f2-473d2fef4319,2023-12-15,2025-09-28,1981-09-12,MB586,wx435,8218.67,F,44612,NC,Neurology,Johnberg,Approved,Routine
cc0faec1-8b67-4a35-84eb-1470ad8dc90e,7d793a4b-28ab-4895-b4c5-53862750cb1b,6d382383-3464-4eca-9877-0c0965cd1a49,2023-09-04,2025-09-11,1974-12-22,NS317,Mg108,7846.02,M,21868,MD,Orthopedics,North Thomasborough,Approved,Routine
8b625c6a-d06f-49f7-8a7a-cc064136255c,15ff9e64-a15c-49e3-9add-03fb083d260b,ffe400f4-2d93-48f6-b141-ab3548a59870,2023-06-23,2024-06-14,,wp012,,334.02,F,37043,CO,Pediatrics,West Alison,Approved,Routine
afcd34fa-d854-4b50-93ee-f7653af366fa,45e5a03c-ac39-40bb-b520-489f8e381d06,a8c7304e-fedc-4234-bf2e-91ceb8b97d1f,2024-05-16,2024-01-25,1970-03-23,gk780,UY667,9746.51,F,25713,NC,General Practice,West Danny,Approved,Outpatient
83a3a70e-b594-4d72-ae65-1c7da550bd3b,313339a9-ab0d-43c3-9aa7-89eb25c5b3ac,78ef25eb-a782-45b6-8765-cd35ef969582,,2024-02-05,1935-11-07,,,9837.32,F,17415,OR,General Practice,Lake Brandonchester,,Routine
2f17e6e8-a9e2-46eb-8323-40b4d4400c8d,b9e048e9-486a-4ba5-a581-0417e70eed4b,64ce2460-b397-4025-ac31-9a813b60aca7,2024-01-31,2024-09-14,1950-04-16,QX312,mT520,3493.04,F,09387,WY,Pediatrics,Lake Johnside,Pending,Inpatient
d238ab1a-1a8f-43dc-ac4b-e9aab3b4aa02,73924008-8917-4b66-81f7-1d3410a4be1c,117f665d-99ed-4c63-b2fe-596e80770bda,2023-02-01,2024-09-06,2000-08-18,SA043,uS180,9132.4,F,77751,,,Douglastown,Approved,Inpatient
68e95752-9be8-4d63-8016-6c9a5a2d1bbe,404ac0cd-23b0-426d-b93c-ff8a856cf52f,531489c2-769e-4dc1-8a62-fba150d02d06,2022-10-27,2023-12-26,1982-11-02,Uy919,um349,2669.46,M,34524,MH,Pediatrics,Port Jacqueline,Pending,Emergency
b7f9ae68-bf3f-4bf1-a0c3-fdb615d5d750,3984139b-5cc0-407a-88a7-edee566f7723,,2022-10-07,2024-02-18,2005-01-31,UB765,go435,2759.91,F,24342,NV,Pediatrics,Ortizberg,Denied,Emergency
f06cf919-5ae0-4452-971f-95b94f8f006c,240e1e64-a20a-406f-a318-8b229a389884,b6e04704-065d-43bb-811c-8f06ada3b4e6,2024-02-06,2024-02-18,1994-10-10,Rc522,IR360,2834.08,F,18002,IN,Cardiology,Geraldfurt,Denied,Inpatient
f02abdf0-5d72-4776-a232-45aeeb9796f3,f048f23d-79b8-46e4-bca3-815a2c2cf2b9,5d4b7ff0-ac1f-47f1-ba8c-8a7b1aa1f4ba,2022-10-31,2025-06-02,1968-03-25,aT398,rG379,1286.67,,17041,MI,Cardiology,Ronaldshire,Approved,Outpatient
31949087-8ee0-4c22-b2a4-cf274ac42be7,845210dd-8515-4b22-a5e4-0a1b1c3e1295,256f2d2c-cc75-4b16-b4e7-7adc4f7ceb85,2023-11-29,2024-07-08,1995-04-28,mb355,,5452.91,M,18073,ME,Neurology,,Denied,Outpatient
368b52bf-7aa8-4812-b42c-ff775bbd20da,91916c7a-f2aa-4f26-8db8-63a875f9f3dc,66e8992a-a382-4a9a-acaa-306f828ba2b3,2024-03-13,2025-12-02,2007-08-05,VP027,Ex391,408.23,F,57933,DE,Neurology,West Andrewview,Approved,Emergency
273c88dd-ee7c-468e-8123-24ac50031d17,ea9093b4-77e6-42e9-b051-d27e9fa2f5f9,5107c610-5f04-4a6a-a243-229fd9a04147,2023-08-25,2024-11-10,1967-01-21,Gm393,Gi463,2992.23,F,55490,IL,Orthopedics,Port Dianestad,Approved,Outpatient
368a44c6-e52e-4384-bed2-1c23e4b05c62,f2291283-ea3f-49e2-ac04-b55d4666bcee,354cc847-5a2b-4ff8-94af-331f9edaa9e3,2023-11-06,2025-09-01,2001-04-05,Fh509,pb267,7159.16,M,34485,AL,Cardiology,Stacyville,Pending,Emergency
83bd70d0-f611-4ec5-8c50-efebdd417277,6743ab70-c416-4ed3-979e-550d0f976a23,4438f25f-e9da-4fef-9621-a40c2c0a095a,2023-10-26,2024-01-07,1949-06-27,XH098,Qy602,1068.56,M,12056,IA,Pediatrics,Espinozachester,Approved,Inpatient
6d891c33-4ff5-4797-86ae-d4a09622f304,8d1df53e-1624-498b-9656-cdbef5704ae6,3842528a-b9f6-4934-97eb-b1e1cb46470a,2024-04-29,2024-02-09,,ZI446,tP781,5458.57,F,76154,AR,Orthopedics,Lake Paulshire,Denied,Inpatient
96351115-3c1f-4fa8-8413-087776c8e44b,,eecd3ee7-5fe8-46ae-84cb-989505a9e0a2,2024-04-05,2024-09-16,1936-10-05,TD650,xg874,4494.8,M,84960,MP,,,Pending,Outpatient
cb84265f-fbaa-4ff2-bc3b-5b48292af88e,e3dd70c9-3d64-4095-9081-ad0b2addab61,134cae3f-8ea2-4c0c-8dd3-a9a7598f1e87,2022-09-02,2024-12-13,1970-05-20,xq697,QL461,3741.08,F,19854,NM,Orthopedics,Nathanielhaven,Denied,Outpatient
04355543-e3ce-4c67-bdb6-7b39e8b3db29,3613d606-7a73-4f5b-a59e-4ffd28de50a2,41d4ec48-8234-4d4a-a8be-658672342732,2023-12-26,,1985-06-24,hu135,oe044,3207.39,M,80394,AK,Cardiology,Matthewhaven,Approved,Inpatient
9f52f6bd-fe29-4896-8885-7afa11542f4b,9eeecbb8-3ed0-4730-abc4-65711598984f,11418e4d-c77f-406f-b1a5-dffa6ac3ace1,2024-06-26,2024-05-18,1999-06-13,WW674,LK046,4278.14,M,18229,NV,General Practice,,Pending,Routine
ad133bfd-8cfd-4e12-ba6e-b11fe8e6755e,5f1298e9-2cf6-4afc-9ccd-cf254ec1ea62,2a1bd9a0-4492-43ab-af89-688ba2f2ccb1,2023-09-30,2025-08-09,2007-03-31,KM238,op930,1292.43,M,90780,NC,Cardiology,Meganhaven,Denied,Emergency
634fb8a7-ac09-42c9-9054-6a38d76930b5,8499fdae-b051-4b3f-8572-375cf0277802,8a95475c-4953-4a50-808a-32de0c3d7fb5,2024-04-10,,1995-01-08,eA033,Xn930,3581.06,M,52619,PA,Pediatrics,West Daniel,Pending,Emergency
34f3fc93-87c3-491c-b055-91d687156b86,15b79318-3005-4662-95e1-477ba375e4fe,5c9b19a8-e76a-40e7-9450-4afa3f6da349,2023-06-21,2024-03-27,,wI759,yz738,6332.62,F,38154,MT,Cardiology,North Leslie,Pending,Inpatient
cca95918-25c1-4f3b-86ef-1fdc3941dec4,5faf7093-0bd3-4767-be77-4d947e0511a8,e58a4706-b11c-4144-a8c2-3a8eb060f900,2024-05-29,2024-11-16,2004-08-28,Mq951,ZK723,213.04,F,39977,FL,General Practice,,Pending,Emergency
407072e3-a6e1-4c1b-b307-d77555bff0c3,63890c23-80a4-4586-99f9-a2ae1b48c550,12a2aebb-ca34-48ed-aacb-a5e71a9ae98c,,2024-03-20,2002-06-26,LV500,CP533,,M,,VA,Cardiology,Port Pamela,Approved,Emergency
f972d056-e6e2-4d42-801e-83afc4c75107,536350e2-82f2-4e38-8746-12412119ea52,8686706a-db38-458c-8c33-b71358687031,2024-05-23,2025-11-13,2011-03-13,,Pq242,9989.04,F,05124,NH,Orthopedics,South Amy,Denied,Emergency
7d3d5fa2-b8d3-4a04-a2a3-982b7a34d984,b062c11c-43ca-4469-8963-72c4e72a0dc3,af230b33-d7fc-4437-8856-d2ac8c725dcd,2022-12-31,2024-04-20,1976-04-21,fz429,EE777,5105.78,M,24358,OR,General Practice,Joeville,Denied,Inpatient
4512a7c1-4b3a-4ed1-b42b-edb60ba02d61,,b0342f9c-a44d-47c2-a0f8-02a64eed0053,2024-06-06,2025-03-22,1952-09-06,Dd138,Qd755,1271.53,M,92545,DC,Orthopedics,East Jonathanside,Denied,Emergency
5b41cf62-e785-49a9-82a6-f47472376ec9,f3ebed2b-cdb2-4d18-ac5d-8c74801c4232,64c5a569-470d-4f1b-a71f-7444238520ce,2024-02-23,2024-11-05,,Yw893,cf633,$5000,F,53367,IN,Cardiology,Wheelerbury,Denied,Inpatient
2597ac45-48fc-40c3-bb31-3bbec5e0ef69,277c2680-de91-4bf2-bb81-0a3a6cda247a,536cda50-95c5-41e0-a50f-9c11a78410c8,2024-05-30,2025-02-10,1999-03-23,qD246,ZA182,,,,,Orthopedics,Mendozaland,Approved,
118dfb2a-dbd7-4d50-b493-4c08b7a6e416,9ccdead0-3428-46a8-9888-375a880c4d30,1693966f-5df4-4c1a-9b42-73512851d325,2023-10-23,2024-04-26,1992-12-20,Jm240,wN496,8238.82,F,81516,CO,Cardiology,West Maxwell,Denied,Outpatient
c444a636-b600-41a8-965e-d58290ee60d6,eb28b056-3c3a-4733-a206-017781720a15,68051d7b-397d-44e3-963f-a67667f47eb2,2023-11-22,2024-01-10,1997-05-30,gN242,nP539,9807.63,F,,VT,Pediatrics,North Nicholas,,Routine
e3ea3932-6137-4fa2-a3b2-1860862eba75,531fe973-7647-457b-a313-16a4ec7b718c,,2023-09-06,2025-03-20,1971-10-10,ee325,,8702.16,M,,MD,Orthopedics,Brandonhaven,Approved,Routine
29fb950b-de67-4aed-9f49-dc7d5967de46,e505342c-802d-4545-bc05-603f96887237,3e1de3df-02d3-4d99-ba95-aff896df087d,2023-10-10,2024-12-11,2004-04-06,bH866,CQ280,8950.5,M,03101,DC,General Practice,Brandonbury,Approved,Emergency
67898a5b-0c27-42df-9b34-f39a65852a5e,b51f9f86-aa15-4ef6-aaad-83135375a6b5,0b4d7d8c-b0f0-4a2d-b2b6-996764900d01,2024-01-21,2025-03-17,2009-12-11,UR600,Ur011,2826.27,F,92222,AL,Neurology,Austinchester,Denied,Emergency
,e37900ff-253e-4579-8d0d-ab954dd0bcbd,fd95d861-406b-452f-8497-fbcf8be87c5c,2022-07-26,,2012-07-19,Hd420,bX633,,F,123456,NY,Neurology,Welchmouth,Pending,Inpatient
adf2384a-27e6-4c30-bc8b-9080f27a10b9,454497d6-3bff-424c-a10d-9032422532a0,fefef8ce-3cc2-4d2d-93b6-c72f0c3033a4,2024-02-17,2024-02-07,1946-05-15,rs522,AY741,7051.25,F,99072,AZ,Neurology,Lake Desiree,Pending,Outpatient
9bc5b7bd-2afc-4fad-8790-03ad8522836e,602536ea-37f0-476c-b478-885ce19e1f16,57c3f03d-c3cb-459e-9455-442b47a3c601,2024-03-15,2025-10-24,1961-10-04,Zp591,YV499,8967.18,M,78244,NJ,General Practice,New Beckyport,Approved,Emergency
,9a722098-9c3b-4f51-ad92-8e60d7bda88b,05b3e93a-dd2d-429f-9073-ea21499f8d67,2023-01-18,2024-10-07,1978-03-10,Lm993,zg488,8644.72,F,79127,NH,Cardiology,Johnburgh,Approved,Routine
284ed084-5af1-4f03-962c-147d6a04912a,796a7ef0-69aa-4e87-b631-0405f30b81d0,489d221b-2753-4c71-bfe2-8f41bf60082f,2023-02-27,2024-02-12,1954-09-23,Zr085,Cs488,7750.44,M,68014,NJ,Cardiology,Martinezville,Denied,Outpatient
3275109b-7ba6-42aa-8580-1ed94236e337,257b69f3-65a4-4dd9-8fb8-fdcf80a9c3c2,34cff165-7470-421c-bbcf-6db9abdc712b,2023-11-10,2024-03-17,1972-02-26,Ga026,uI895,1765.22,M,27385,DC,General Practice,Stephanieville,Pending,Emergency
5b68b58f-45a4-4739-bc63-6ddc52273983,73e6eb6b-0e3f-42f3-8dcf-364644a53914,84bd4047-e8b2-4a4c-a38f-246faf41d8c7,2023-08-17,2025-03-04,1981-07-01,Kf038,vg039,5386.28,,12626,IN,Neurology,New Gary,Denied,Outpatient
f46a981c-95ad-4dda-9c40-cb344a6787de,cffbe74d-2cfd-4362-a755-702bf03ad709,dbb53a7a-13c2-4f2a-97d7-ebb681dea7ca,2023-01-27,2025-08-29,1989-10-20,yL065,ZT254,9697.18,F,44824,ND,Orthopedics,North Stephenberg,Denied,
49dec819-5d2e-403b-8536-6c5f0beebefc,462fe068-2c6d-4a43-b69f-151bf401e7da,79fdf849-e183-4c7e-9c57-43a7fa0d28b6,2023-09-08,2025-06-23,1936-01-01,sz590,zk990,9630.22,M,34618,NY,Pediatrics,,Denied,Outpatient
01dfcece-6028-4928-bf47-d40b77629e39,62e7ce8a-c286-4fc2-af78-902a8f89865a,da56054d-d63d-4bd7-96eb-d3cdc98ce504,2023-07-07,2024-03-21,2013-11-09,GM974,jW735,8647.0,F,41707,RI,General Practice,,Approved,
2006a36f-9dc4-456b-aecf-08f225dc4e5d,73c89d0e-3637-4ce9-a227-c593a881bfa3,5386a0b1-52e9-443a-b566-fd2c0cd1163f,,2024-01-09,1987-12-26,YJ998,Vh729,9489.69,M,46040,MP,Pediatrics,Christinechester,Denied,Outpatient
,f133965a-73fe-415c-a47a-9f04a6df5ae8,dcde9f03-7da2-4f13-bd43-2f0d8a8f9550,2024-02-06,2024-03-11,,,pI974,6600.65,F,38466,AK,Neurology,South Jamesside,Approved,Outpatient
78020cb7-ffad-4802-89a8-6646a3a1245d,54df2519-d5b8-4072-86bf-2c3e4898c43b,b6d96239-8d53-454b-b7c3-44d0bb31ef0e,2023-10-25,2025-03-21,1953-08-23,gP709,rA067,3319.31,F,91210,MD,General Practice,Williamsville,Pending,Routine
8e2d31d4-c676-4a1d-b332-f6b290114f89,e7a4a10f-1852-4854-b65a-42b69d3902ea,6ff24640-1639-47a2-a513-9d3ab1757ebe,2023-09-15,2025-07-15,2003-04-23,vY398,Ba624,1679.49,M,02449,NJ,Pediatrics,Anthonybury,Denied,Outpatient
,c3d3f69b-0a1c-4ba2-ab31-31bddcc83c9f,e0ff7d48-d17b-42a0-89b9-f770dc86b824,2024-06-15,2025-08-18,1951-02-12,lX388,TU359,2098.35,M,95269,AZ,Neurology,Mcdonaldburgh,,Inpatient
e49bfa1d-154c-4711-ab9b-2c5ff74cff58,263e3252-fbf5-4109-aebb-7451b156ed61,f06e651a-7332-494b-86d1-bab3b34cb617,2022-12-03,2025-12-02,1976-12-03,RN835,,,M,,MI,Orthopedics,Wilsonfort,Denied,
c9675fbc-0a61-4e5e-8eed-cefaf506afce,e302c8a4-5c96-4eed-a6e9-21f653d0fc5f,0a1bf085-bf62-4c58-ae0a-785f71840a2d,2023-04-10,2025-04-12,2013-07-07,Zy632,Ti065,6337.92,F,88001,AK,Cardiology,New Heather,Approved,
db9b0112-217b-4a4e-8d6f-e64bfc0f4379,1a39b019-b462-4cfe-b97f-113c0dc72cca,1684b9a1-07f5-4881-accf-906828727628,2023-03-08,2025-07-12,1945-05-23,,ye200,9948.71,F,70191,HI,Orthopedics,Johnborough,Approved,Inpatient
3bbdd23b-b543-40c6-b3ac-393be5208c77,bdb4871a-04bf-46c3-9b38-2b8191d446f8,9a33fa18-d1d1-48d0-a800-942d73fc3ec1,2024-06-18,2023-12-07,1986-09-19,,wS618,4402.5,F,97253,IN,,Robertbury,Pending,Routine
e0a9c748-a1a7-4175-941c-bc16890558f2,fde040fe-1877-42e7-b1d5-8122159fafc0,3c5b52b9-743f-4011-9a3a-08bba913e6f8,2024-05-02,2024-06-08,1953-02-21,UM137,HH354,6949.76,M,80917,,Cardiology,Smithhaven,Approved,Emergency
6a25ff3f-03ce-4a14-8e4c-b6a25864b6c1,ed0ac459-b51d-4973-b4cc-275118365dbc,92fffcf7-b076-4c07-9d63-b357c89a98b0,2023-12-25,2024-12-03,1971-09-11,ai412,UU954,3435.27,F,98914,LA,Orthopedics,Melissatown,Pending,Outpatient
2ab13490-3086-47cc-acd6-f0d68cb20907,00636c60-ca5b-4401-9102-683f08a9b17d,5d522353-15fa-4a39-bb81-ef4ed1cacd80,2022-09-29,2023-12-26,1969-11-07,,GX004,926.9,,23952,MT,Orthopedics,Edwardsview,Denied,Routine
,d388235c-d958-4275-8583-f57248b009d1,e5efee06-f611-4244-965f-1ac4d3ae270c,2022-12-19,2024-03-30,1945-05-08,QD068,rE078,8681.03,F,,KY,General Practice,Port Joshuahaven,Denied,Emergency
75b925cc-8c59-4beb-b329-ec8f0ea3ccc3,ae4695b4-f7dc-4eba-92e6-53959d18f3e7,6d29a350-3cae-472a-9492-35229bcff313,2022-10-12,2024-09-11,1935-11-28,wa084,Ry463,3631.86,F,48203,VA,Neurology,Abbottburgh,,Outpatient
700adbf8-ebdc-4e82-8905-31198ec7534d,33adf09a-f375-4a46-801f-37cd34c317ea,,2023-11-03,2024-01-08,1998-05-29,FD161,VM002,3926.75,F,,NV,Neurology,New Kelseyville,,Inpatient
133dcff4-e2c4-4b30-8f29-c3cfe8ae6ace,2cd4bf12-e771-4804-853c-488e68d4631d,4f202b2d-d608-4309-bbf7-fa67b2952547,2022-07-12,2025-08-29,1976-09-18,vE450,eZ811,6818.83,M,58925,NJ,Neurology,Carolview,Approved,Routine
2a917bb3-2dd7-40cd-8716-324697f54682,3903e0fd-933d-4538-9321-3aaab045c380,1d8169d7-a421-4fce-9518-14927aadf9cc,2024-01-19,2025-03-18,2006-08-02,ew118,Ex844,547.66,M,62783,MA,General Practice,North Markborough,Approved,Routine
e4551da5-7a43-4496-acd2-d0729edbf122,2860c5cc-59bc-44f0-9e0f-7d6abcd4e369,f48551cc-eb7c-4c65-8ed5-8cb5793af6ad,2024-04-21,2025-08-18,2013-08-11,Vx997,Ev812,1605.83,,92650,,Pediatrics,North Madison,Approved,Outpatient
791f1649-466f-44dd-9141-8fe61efab528,dbf1fdc2-5206-443b-9b2b-34a630acc863,d1d73859-80b1-4249-8e80-205846d0c0bb,2024-05-22,2025-02-25,1984-04-20,,lT502,7405.71,M,80328,NV,Pediatrics,Bergport,Pending,
fc96a6c7-ac79-4f5a-b1f8-a48dee02762d,b69efad7-ad19-4d55-aa65-fe8838854aeb,f66f27ed-c596-40df-a933-9a32d198c5ae,2023-09-06,2024-12-31,1945-04-27,Qj146,IH603,6762.37,M,86710,OR,Pediatrics,North Paul,Approved,Emergency
25823ae6-1abb-4397-874f-c5f47f67bf45,94f5b750-e76c-4657-b7e0-3c1be3ec48c3,9bff3c69-f319-4f6b-a64a-86359091448e,2022-08-12,2025-09-13,1951-02-15,fC668,sg156,355.12,M,72047,KS,Cardiology,,Denied,Outpatient
58abdfb5-aef4-46cc-a1fc-f547be4ba37d,9362ae00-d662-45a5-a42d-fc8a606a4cea,d0acd3b4-bb5e-4690-b359-c0e2688ce4da,2024-04-13,2023-12-20,1967-04-24,yN964,Vn300,4206.71,M,31101,MD,General Practice,Kevinchester,Approved,Emergency
ce9169d6-84f3-4e74-835a-b1476c512d40,a7d4ac85-d4d2-4b19-b3cb-45570819a63f,82ea7c6b-4ca6-489b-9d0d-ad162dc7e5d6,2024-03-27,2024-05-12,1965-08-12,ac615,gx990,8302.7,M,41571,ND,General Practice,New Jeffrey,Denied,Emergency
21ecebbb-6036-4257-a984-01109a562a00,b2be78e8-0b1e-42d0-bf9d-b508d2ef4cbc,88678736-917e-4139-8322-57ddafa5dc0c,2022-09-08,2024-05-27,2003-06-29,yT627,ar809,6828.37,F,61993,KY,Orthopedics,Jessicaland,Denied,Inpatient
d249bfcc-a9f0-4b69-b8b3-2eceb306ceca,925ee76f-f707-4210-ba4e-4e69bba4a3e2,,2023-09-15,2025-10-26,1997-02-07,Uj435,GM120,8731.25,F,28306,VI,Pediatrics,West Wendymouth,Pending,Routine
03e58321-60dd-4659-954e-d28a92df15e4,cc761737-9ff2-4c3f-9627-76c215d5e2ab,fd2da346-4612-45a8-ae44-fc0e3f5533a8,2023-11-26,2025-04-12,1999-11-01,hs801,Ae010,5014.97,M,76601,AR,Pediatrics,Benderfurt,Pending,Routine
6b265a34-8114-4ac0-92f0-a54a622f447d,4c93061c-06e6-4b08-a07c-ee05a34c76ef,8c122244-8ed2-49c6-9335-de7027c87e04,2024-01-20,2025-03-20,1993-07-10,oe764,eG695,6711.89,M,80129,UT,Neurology,Davidshire,Pending,Routine
9c11b258-ab00-4dea-80ba-a1a622bd7466,e85426d6-d592-435a-8436-98e9472f20bc,ea460ad9-8491-4b2e-a6ab-a6ce89a275d2,2023-06-14,2024-04-09,2009-12-04,Od309,Hs912,1371.1,F,16591,AL,Pediatrics,Roseland,Approved,Outpatient
22fb8152-3842-480e-bfab-f6507a3d85da,d4c119b9-ce9c-4e75-a30e-18f3d8a52464,72389dbf-94a7-400a-afbd-4b62fc29e653,2022-12-24,2025-09-17,2010-01-06,th188,XA677,1761585.59,M,53881,HI,Pediatrics,Gonzalesmouth,Pending,Routine
ed0c9cc1-c3cc-404e-894a-e0cee87f96f5,1c49fa0f-49ed-48f5-aa2a-c9c0f4e216fa,9600ff6a-6522-4752-8f4b-a2b571c5f561,2023-08-07,2025-05-27,1957-03-12,Es646,OU276,1632.8,M,75439,WY,Neurology,North Darrenbury,Denied,Outpatient
79e9e6ef-e6dd-476b-95bc-f70246296111,1ea48583-3770-4264-a561-fce24a82323f,,2023-03-29,2024-02-17,2004-06-20,NQ299,yK005,4384.02,F,29026,MA,Pediatrics,South Robertview,Denied,Emergency
5b213a0d-99a2-4153-b5b6-c2e50cd1a01a,a07a2dda-b5a1-4151-8d03-3e32ca49a9be,5a52e0fe-27fe-4788-99a0-8a67d18f73a5,2024-03-03,2025-02-11,2006-04-27,uW288,ZA495,1155.32,F,94471,ID,General Practice,West Jessica,,Inpatient
958a0937-57f7-4812-8081-2e88a98987a5,6c085fd9-9f83-4696-90b1-a9cf810a8830,fea4a2cc-16b5-4d89-aa77-7fe97ac21581,2023-09-18,2025-08-03,1995-09-15,Fd591,,8499.41,M,89077,NM,General Practice,Millerbury,Pending,Emergency
2bad1a33-ba36-4db0-8d63-8aa469422aaa,d1646fdf-1824-460e-b0c8-7a0d41c0b142,cc1fc8ff-f443-4c99-a7e9-40ad7c3e1d0d,2024-01-18,,2010-01-10,uh854,nC349,8284.4,M,17984,MT,General Practice,Anaport,Pending,Outpatient
e6599857-8f4e-48fb-b541-daa8fab04cf4,,78bb76a5-c260-4353-aed4-b5cacf247781,2023-06-07,2024-10-03,2014-01-11,JH737,CW599,9963.71,M,02174,,Cardiology,Ericton,Pending,Emergency
a6506db0-f7e2-437b-befa-12572e533e18,21f25067-f5c7-47d5-8a36-65a01b8eab9c,b6c37c96-d4e9-4f85-aed9-1e1d3156f75e,2022-12-13,2025-03-25,1990-06-28,vK064,nZ005,3618.31,F,19657,MN,Orthopedics,South Deanna,Denied,Routine
951dff61-b5ca-4097-b264-d1fb99514af1,8f86d952-c04f-43e0-a111-337084602894,b65ddac9-04f8-4651-943b-fe72dca007aa,2023-09-07,2025-04-11,2014-12-30,YQ810,Qb980,9408.28,F,45067,WV,Orthopedics,West Mikeberg,Approved,Inpatient
ddf444a2-034f-4fb4-a80b-f681343b80d6,3a212310-c872-49d5-9ccc-0a881e87a579,5152c1c9-084c-40d3-95fc-44be72fdf3b4,abcd,2025-03-21,1974-10-25,Vr282,cQ511,2782.33,M,86350,GU,General Practice,Port Travisport,Denied,Outpatient
605a7ef1-dfe4-466f-b4bd-2bd5c9c92168,c0e1c8dd-a2a5-4ec9-b1bb-be51e30b435c,4eeb4605-1c64-4e6e-8261-e29e1bfb5f17,2022-09-10,2025-03-15,1961-04-06,Ph312,EH351,6812.36,M,88486,OR,Orthopedics,Juliebury,Approved,Inpatient
7f334e75-6381-4ca0-b823-828beb322960,2afee3bc-ba6d-4c5b-9366-f705f8c43013,aed403dd-edc5-4cca-a68b-3479d2441de3,2023-02-06,2025-01-04,1960-10-13,tL700,al976,3658.96,F,74461,UT,Orthopedics,Cochranview,Pending,Outpatient
d1955c02-e468-4fc0-a577-597f3b1c6695,30c2e57d-9e8a-4b4b-8e94-e1eb817bb7fd,60999b1a-75f1-480f-9337-b01f2b9b30e3,2023-03-13,2024-03-02,2014-03-31,sq006,FA277,559.86,M,70454,FL,General Practice,Stacieberg,Denied,Inpatient
be0164a6-0561-4e54-aa1d-5a333fd52db0,75ae95eb-6dfb-4d62-85a6-acace2fe46ea,c4097137-bf3c-44ca-91ff-c7e65e10656f,2022-08-04,2025-07-29,1935-01-26,lw899,lD607,6271.72,M,24401,DC,Orthopedics,East David,Denied,Outpatient
6e7b290a-22d3-4dc6-832e-18f6cdb9a234,74181f27-6398-4c8f-b38c-cd7e29d340aa,4ee6b464-450e-403c-a043-999e0badec34,2023-11-22,2025-11-11,1942-05-13,aW584,OT972,7953.29,M,,PA,Pediatrics,Kaylashire,Approved,Inpatient
,b7015e69-10f4-4e39-802d-6615b85b5952,2a833bd1-0af3-4109-8624-612740e3eb90,2024-03-11,2023-12-23,1942-09-23,kL492,wu561,1700.55,M,63409,WY,Pediatrics,New Alexandriashire,Denied,Routine
,290d7f49-ae27-4ec0-9250-829cb8744344,192fe7ad-097e-498a-9f76-bcd55f579bbd,2023-08-30,2024-05-17,1959-12-05,Li856,gj877,5107.94,F,01093,MH,Orthopedics,Ruizport,Denied,Inpatient
b8ee9105-6936-49cf-b0f0-210305337209,8b1606b7-f1c0-468b-a1b8-0e02c31850a7,6be44f09-722a-41b2-8e81-ed98495a9973,2023-08-20,2025-09-15,1984-10-15,NG658,sk521,4988.58,,32656,WY,Neurology,North Jasmine,Denied,Inpatient
,b587ed0f-18cc-4378-8475-193c2be84e24,a1eed04a-f901-4662-9c00-8b05406a7593,2024-03-19,2024-04-19,1992-06-15,mk507,yQ632,,M,20990,CO,Neurology,East Angela,Denied,Inpatient
d363e07b-9cbd-4959-bd6f-7b375d2a97bd,12ac6bb8-7e7a-44b8-a78c-9ea46ace24f6,1cb0fdb9-78d8-45f2-9a85-8b5833f58a8f,2023-09-03,2025-01-25,2011-12-16,Ou041,DB691,3953.1,M,93104,SD,General Practice,Catherineberg,,Emergency
b4b97025-fc94-4d05-8239-19f75ea444a6,f0d600e9-98ff-4f83-bc95-7c1cf5bf2a41,f9c22b0a-18de-4700-85cf-81d58747f001,2022-10-11,2024-04-05,1965-04-28,Oi111,WL319,,M,97018,FM,General Practice,South Sandramouth,Approved,Routine
9e647458-855d-4c49-ba5a-a15c7a59c15c,fc508496-72b2-415b-a398-2d25c4e87d8a,c6e9ef69-6e7f-4eea-b1cd-32f434d8455c,2023-08-22,2024-03-31,2007-12-25,JO847,iZ848,9851.4,F,74376,AS,Neurology,South Stephaniefort,Approved,Emergency
4ac6a6a4-5cf2-47f9-a603-ae5c61ab190a,a940722a-9b98-430d-b7a9-08fb47d5bc8c,2f8efb8d-b4ab-43a8-a810-faf9973c4b1f,2023-07-12,2024-09-25,1986-09-19,ay010,ep420,5827.08,M,57450,NC,General Practice,East Andreamouth,Approved,Emergency
45c34da7-ef4b-42c1-9cba-b9ea54475119,ab637098-e27c-4323-8507-6511c62a1f8e,a094d740-a304-4fe6-91de-3a5fc18583e6,2023-10-13,2024-02-19,1937-12-24,ef648,RM954,3611.81,M,123456,MA,Neurology,Villanuevaport,Approved,Inpatient
99eb34fe-a0b1-46cf-8732-49013dc4ba9e,f038f9a8-41dc-4700-ab6c-cb3b5d6d6ae5,80d69bbd-8090-4c10-973e-442cf6ebe49d,2023-08-15,2023-12-20,,Bm443,UR458,8436.13,F,74731,MD,Neurology,Port Kaylabury,,Emergency
b1a48b6f-80ad-48e9-a9a5-85934ede4c19,ce08eff3-6074-4429-84bd-4fb08bacea36,f0c81d79-1401-4b85-9259-2158e01f43e8,2024-06-06,2025-04-14,1971-10-03,Hv829,Mi804,372.61,M,09894,AR,General Practice,Lake Edward,Approved,Inpatient
,a3694201-29cf-4fad-b06d-a334ae42381e,51fe116a-9da6-4242-b3de-8f939d8a6ff4,2023-11-30,2024-01-15,1971-07-03,Vx099,oO631,7002.37,M,97884,OK,General Practice,Doylefurt,Denied,Inpatient
93cf9df6-8ef7-476a-9d83-dda275d53572,12814281-e6ff-40db-9054-a007ff61ef65,3a5639dd-2808-4693-b06f-2b007f615154,2022-08-13,2024-01-30,1977-11-15,Vr103,iU173,642.14,M,,??,Cardiology,Ashleyberg,Denied,Emergency
95c06a43-f083-4dc7-8c7d-f0c0168316b8,,76695328-a3d3-4edb-8d2a-c65711988d49,2023-02-20,2025-11-28,1994-02-13,fo110,mC503,6581.04,F,11537,GU,Cardiology,North Jamiemouth,Approved,Outpatient
fa34edda-c564-4b2c-85e6-1f2df2b568d9,52fd4e1a-85fe-4ea3-a7ee-1d715c31db1b,1a6aa0f2-076a-45cf-b28d-51be4ebe4390,,2025-03-22,1950-08-09,HB834,eU019,6757.93,F,49063,WI,General Practice,South Charles,Approved,Routine
381fbaec-c06e-4b27-bba8-893aa7cf5c23,,0a48083e-507a-4bf9-967d-a01cad3cef83,2022-11-10,2023-12-20,2002-10-16,cE367,ss934,7414.78,M,39330,GU,Pediatrics,North Michael,Pending,Routine
02a03466-f646-4e27-8210-b77d77b21aeb,74d842bf-1a03-406a-ada5-76de24782e58,4a097dc2-dc62-4037-8a20-48a50d4ea001,2023-05-11,2025-03-11,2007-09-06,qS491,gW747,4740.8,M,30050,VA,Orthopedics,Salinaschester,Approved,Inpatient
15eae27c-0e2f-4f19-9ed2-f11ebce4f371,5a503932-c00b-4f51-83c1-cbfb207e4f4d,f27355a9-821f-4f8e-808c-c0fa88366dbf,2023-01-26,2024-03-27,1959-08-17,YR749,ae447,4576.96,F,41586,TN,Pediatrics,Jessehaven,Approved,Outpatient
6d74ffc4-9bf4-45f1-a185-9264a60de919,386e08f5-047e-42b5-92cb-a3f768a11326,fd49bbb4-9c6b-466a-881a-4818177f4023,2023-10-23,2024-06-19,2004-08-23,ha663,rE006,7055.15,F,68375,WA,Pediatrics,Delgadotown,Approved,Inpatient
2f739915-513c-421c-92ab-5a1556567728,3658eb72-0a46-472f-b73e-5cc4a3533599,7a915484-6bff-4cd5-bb49-ac1741fb6c66,2023-06-22,2024-12-15,1950-01-28,,vx678,6725.08,F,47478,WA,Orthopedics,New Mollyshire,Denied,Emergency
63bf7b90-1d2b-4ce6-9662-ca6085d0384e,a5237dcf-44cf-4407-a727-523e286c3dd3,8c52e697-ee7d-410c-9175-46f5c397fbc8,2024-06-21,2024-10-10,1975-08-02,Qc913,PH432,6490.18,M,64534,NC,General Practice,,Denied,Outpatient
f317a2d8-33e6-48bf-bfff-9de3399ed4be,9bbf9060-6351-4156-902c-a9174776bd4e,856c2e25-479d-4e45-9898-50e18af0e8fa,2024-06-08,2024-10-25,2025-06-08,gn439,tv097,4525.85,F,96380,,General Practice,,Denied,Routine
6245d87c-aa41-4e35-a52b-3cebe72c5788,5a274126-6947-4be0-a6e6-44935345c6a9,04b2ccc3-12f7-45d1-85b7-f6fd80e1c52f,2022-11-28,2023-12-07,2011-12-18,,Ln022,7997.55,M,70880,DC,Cardiology,New Laurenside,Denied,Outpatient
1f9c97f7-3201-401f-b2d6-ce5646338acd,8f3438f6-66ed-4b21-917b-8ca1273cf0b5,fdbf70ea-b3dd-4a92-a948-3f373f7acc54,2023-02-02,2025-03-06,1963-11-04,GC366,hQ240,5053.97,M,01793,AZ,Orthopedics,Josephtown,Pending,Emergency
,2ae1c7ca-f8e9-4be3-90aa-d844a2956d18,726d265a-93ed-46f9-ad3a-4c7f79dccbdd,2024-01-12,2024-11-28,1966-10-12,yQ721,Oa993,5104.01,F,41837,RI,Pediatrics,Robertland,Approved,Emergency
9ab1b2ce-b3a9-4ab9-a24f-e9ba32dec131,,670b66f4-912a-48f6-b6e1-96e404376583,2024-02-21,2025-04-22,1966-01-13,Nk891,eF196,5677.74,M,69350,VT,Orthopedics,North Davidshire,Pending,Emergency
b5537fa4-457a-44d4-8c12-a91df60d0688,19c720e7-080c-41bd-9a50-3325bb8dc4d9,4503dc9c-494d-4c5a-a37a-fb5489cb0735,abcd,2025-11-04,1941-02-21,Fr133,Zi471,7228.36,M,85967,IL,Neurology,New Lindatown,Denied,Routine
38659987-89cd-4aa1-a02a-cdfc437f13d1,067c545a-8669-4248-9c4a-6624ac096440,e0dbede8-cb24-4e39-913f-77feabe5266e,2023-03-05,2025-05-25,2024-03-04,uv659,rb746,5512.43,,51294,AK,Neurology,Rodriguezfurt,Pending,Emergency
52ad6850-ddf3-4b2e-9c4b-fe77524f438f,ec5cfa82-727e-4876-85fc-05c535f022c5,3f5f1ea5-3a27-4ff3-a552-344ca6005efb,2022-11-10,2025-11-26,1980-06-14,LO880,TV350,1347.42,F,67811,AS,General Practice,Wallaceland,Pending,Routine
09a45fc3-b161-4e2f-979c-dc05f0aeca33,507064df-d5db-445f-8bcf-399ba1fef046,4596184d-dc23-4049-b1f9-5df1e3fcbd49,2022-10-24,2025-01-15,1966-04-10,ct416,gF916,3761.15,F,95658,KY,Cardiology,South Dennis,Approved,Inpatient
851d7dd0-51b8-4701-91cf-51204f9ae213,bfd6e761-73ff-4230-86d8-cf210f97e45f,567a8028-53ab-4edd-b405-e126c2d8720c,2023-04-28,2024-08-05,1989-07-25,My248,og966,428.57,M,70435,MI,Orthopedics,North Lori,Denied,Inpatient
8b8d4af6-af57-4574-a052-da83dff934f5,87087751-77e1-4e4c-865e-3c34122376e3,c8b2acf2-2eba-4229-9bab-71c8a5c8782c,2024-01-27,2024-02-02,1989-01-05,Ez287,FC308,8751.51,M,,PW,Pediatrics,Charlenefurt,Approved,Routine
1e4b4df4-a461-4daf-97de-a20a411ad17d,6fa249f4-8382-4c14-a389-be87d623d2e8,,2022-10-19,2024-02-13,1999-09-08,gS092,NS941,8873.34,M,07138,MA,Pediatrics,Johnton,Denied,Emergency
2b6641f0-6f67-4285-8631-6addd93f882f,445f725e-0031-420d-95b7-8b9bee2e1b77,6a5272cb-bf26-42ff-ab39-4d506220cd41,2023-02-23,2025-08-01,1937-12-13,tN203,YZ191,6521.53,M,66504,IN,Neurology,Cranehaven,Approved,Inpatient
83db1be1-e5b7-40ed-a4c0-d59e1cb3671d,a9466e56-a896-4678-adaa-31b15df8cea9,490fabff-8e32-4200-b8b2-20ef8c4ce5ef,2022-09-22,2024-01-26,1993-04-22,mg182,fa992,6204.84,M,43166,KY,,Mcdowellbury,Denied,
67ef7157-fd7e-41ba-97f9-e4adece487a8,d1201aad-c6f8-429e-87a9-f4b9e163f6ef,0099c0f7-bc36-413a-9ea8-952cf84dd524,2023-01-11,2025-07-22,1949-02-17,fb245,LP805,6803.49,F,49940,ND,Neurology,North Heather,Approved,Routine
64ff3565-7572-435a-8470-145561bf9a80,d63f5118-5848-4165-a4a6-fa06c1f5fd03,d6867408-ba73-43fa-b9b3-b733bfa1ee28,2023-03-31,,1976-08-28,ju133,Ru190,5815.06,F,36937,SC,Pediatrics,North Lindsay,Denied,Inpatient
19fab95b-2190-46db-b521-b819841239ee,9bf1a9b6-4cea-4096-93af-eb3a74a43c21,393b5b6b-2a3e-4d3f-b029-2f37f95b2e68,2024-02-13,2025-13-40,1988-11-27,uF321,mP918,1100.35,M,85662,IA,General Practice,,Pending,Routine
5208b3f1-27d7-43d0-9c30-d6327efbafe7,723fbeec-8ea7-4ff2-bdb4-76b466165c93,3a7d9def-4780-42a4-8f5c-0b8b4d0aac81,2023-08-31,2025-10-14,1967-05-26,ki727,bE781,9034.29,M,98401,WY,General Practice,Fergusonshire,Approved,Emergency
8a2af924-ded7-4889-869c-1c285efde6e8,d0ebb338-c126-45ac-8288-83bf7110578c,45a30c5c-2f53-4e58-9ba0-d298c780072c,2023-09-29,2025-10-06,1943-04-23,OL076,QA714,2202.16,M,64185,VA,Neurology,Port Julie,Approved,Inpatient
bcb811a5-1923-4854-bb02-2b5765ba9f91,f7fcb93b-ebc9-45c5-bbc6-8c9fc06802e2,179d1432-1d7e-4225-8606-fac435774bf0,2023-10-18,2023-12-27,2006-07-04,Mk138,Zp981,9417.1,F,75100,GA,Orthopedics,Geraldstad,Denied,Routine
bfbe6bbb-0543-4b8f-8024-42294e9d4ee3,1fc4370c-8268-42cd-83ce-08f9a87f9898,13668a50-ffbe-4f41-9c56-39c07fd6a464,2022-07-24,,1972-12-02,,kG641,1004.78,F,84136,MD,Cardiology,Hunterbury,Pending,Outpatient
e7214c6e-4886-4029-b040-6bc79c002f33,cf9edf67-5a99-4376-ac8c-f42767fdcc1f,c207c7a1-43a1-4d80-8644-f693fd4b3ae4,2024-07-04,2024-06-26,2011-01-20,yc099,tT968,8995.69,M,59346,PA,Pediatrics,Anthonyville,Pending,Routine
72e74c63-8e79-4f01-aea6-c49baf371d72,b1c14b92-a25e-468a-8357-f8d5cf22f0df,5cf93ce2-6fa4-4f7a-bf33-de6ae33157d2,2022-12-06,2024-10-23,1964-04-27,Ff035,fs361,3342.22,M,50889,NC,Neurology,Heatherfurt,,Emergency
,f7ec3145-d2e6-47cf-93fe-82b643a55ee5,ec405cbc-7239-46c8-9555-4c4a210446e8,2024-05-04,2025-11-29,1996-03-08,,mk159,211.9,M,53993,MI,Orthopedics,Lake Bethton,,Routine
45768349-01a9-4673-9e16-01f6125176e1,04461970-6525-4f77-b867-454a81327660,6bf9a684-e98e-4dd2-ba64-f929b724987d,2023-06-20,2024-03-11,1942-04-25,nM158,iR789,7168.13,M,07319,CA,General Practice,Jamesfort,Denied,Emergency
5b10bb60-352f-4831-a987-2c486b5a79ef,1d2caab6-df50-4c8c-bb02-298c13440113,69f475bb-4f1e-4df3-915f-b572d28969f6,2024-01-08,2024-11-16,1986-02-20,yP317,RL049,4362.24,M,66726,SC,General Practice,Monicachester,Denied,Inpatient
7dbf8916-a61f-4e73-8075-51901d81bcba,08ad2ccb-f87c-4cd4-b464-c44df8cff060,5ce554f0-89e6-47fd-9367-3546cf4b46f3,2023-05-12,2025-03-03,1958-12-29,bw267,kh549,614.52,F,06611,MI,Cardiology,Port Tara,Pending,Inpatient
685f6dd7-8910-459c-a0a0-a999277bf252,8d82dc24-dcd1-4521-bc4a-cce60be6631a,bfbfa41b-030c-420e-b145-fb781124b044,2023-04-28,2025-10-09,1973-05-07,Cu717,ky138,9038.66,M,38474,,General Practice,Valdezstad,Denied,Inpatient
b922af4d-07dd-42a2-a08c-249fc379c92b,2e546f69-98ca-48b4-8cb3-d8bd93f3fcf1,b2f16d92-5a6e-4c37-92bb-301b89cc2944,2024-04-12,2024-09-04,1971-05-02,Ay950,ok352,3002.16,F,96472,UT,General Practice,Johnsonmouth,Denied,Routine
ea410b4b-ced8-4424-93c6-b77604d788d4,28790874-dbe4-4187-8760-291b9d625af7,0687414c-4946-4060-a0ac-9546672828d7,2023-08-12,2025-06-22,2001-10-07,rn052,lf472,4945.31,,77654,OR,Cardiology,,Approved,Routine
d1f08017-c182-40c6-9b75-3ffcb80c72cc,4b152049-9247-434c-9956-d513ec0054df,aa46cfff-f13b-4e43-b992-948f19046c40,2023-08-10,2025-08-27,1982-05-30,sm762,UG384,2136.3,F,06660,NM,Cardiology,North Lindaport,Pending,Routine
39de9061-6894-4e59-9b3d-6867a5b3cbf5,b1bdbab4-c493-4eed-a358-632750338b84,d83e370e-7b84-4952-9c4a-3f92aaaef701,2023-12-08,2024-07-10,1982-06-17,rQ431,jk064,7433.61,F,15486,WA,General Practice,Lake Jason,Approved,Emergency
ac2eaa5e-5fce-4d8d-8253-5c6f383f029f,bd1fe773-a2dc-441e-9549-70a185997a80,c4ff234a-e6a6-4094-a2a5-055a774dc26c,2022-10-07,2025-04-12,1981-10-07,Xr462,KH260,1629.15,F,83993,PR,Cardiology,East Ryan,Approved,Inpatient
fc942711-f642-41da-9a78-ab4ca9f8619f,1a6c5925-cefa-4fdf-bbc6-ab78992aba94,996085c0-b446-45af-a53f-e3db9610a0e0,,2025-02-07,1954-01-31,Nz421,EF140,6454.01,,00656,PA,General Practice,Jeanneport,Denied,Inpatient
748bf139-a9a4-40ed-808e-263560e5f5b0,3d683222-0754-4d57-ac81-72d0525016d9,7f6cfdad-2cc3-4857-9d96-da2c651e8777,2023-04-25,2024-04-06,2009-04-01,ih928,pK269,2195.2,F,13751,SC,General Practice,,Pending,Inpatient
9ed1ea86-7b70-4874-afeb-9beb3c1e1513,059502c9-7d2b-4e37-8f11-0cdd85628608,49399570-f70a-4bc6-9f69-cefe6b568d54,2023-05-21,2025-10-06,1955-07-09,GH819,oE804,2038.33,M,46995,CO,Neurology,North Johnport,Pending,Outpatient
f8ff685a-8eb6-4d56-96ef-f918c9ba6837,3590801a-6f45-48d0-afba-585c9c42b908,d3e2f2e3-1dfc-4ebf-8c32-8142c6737660,2024-01-31,2025-04-09,2014-01-17,kZ763,yU178,,F,61263,,Orthopedics,Kimberlyview,Denied,Emergency
7066ba01-7469-40cc-956c-cd312cb92d85,bf334790-126f-42bb-95f6-f3dd9d2aa169,ed2a209e-bf36-45ae-9a82-c25d00e22fb5,2023-01-19,2025-05-26,1973-08-10,iB578,zo700,4077.61,F,10061,MP,Pediatrics,East Johnshire,Denied,Routine
8bce086c-a402-4baf-a663-313b13fd919f,f99a053d-25e5-4cc5-bf8e-24432c146662,f2c47f2e-e3f0-429c-9655-24847e575175,2024-05-04,2025-06-26,,ix690,mz643,7395.05,F,22760,NC,Cardiology,Clarkmouth,Denied,Emergency
f1d90ddf-f495-482c-956f-5bbd9ac40bf9,a6e4a064-6c70-4c9c-beb8-446cfeea5a14,e93e9bfb-da4e-4a2b-977b-273d8abaabfc,2023-04-20,2024-06-01,1970-05-06,jF581,Rf953,7509.01,F,,OR,Cardiology,Lake Jeremybury,Denied,Outpatient
c24cf4ca-1049-45de-a88c-40c84cb1b639,b2c9b9e8-06ba-43e9-bd50-13b85a67983e,655694c3-f6a6-4333-94c3-fc2626ca61c1,2023-01-27,2024-11-20,1946-03-24,pl508,IV907,131.86,M,63979,FM,General Practice,Stephaniebury,Denied,Outpatient
430311c1-a08b-459e-947a-27a110c8767b,70dd42a4-ef0a-432f-90ab-9ff0db27e7bc,03bee74c-20cc-444e-869f-31b4875818a3,2023-06-04,2025-06-12,2003-04-10,md849,IP129,6219.47,M,60748,PW,Cardiology,Port Raymond,Approved,Routine
eb880a84-8868-4941-8e55-c18109cb5568,b8822fca-9fe0-423c-acd9-110edddc15d0,e8f05b53-3f02-48e0-b34e-5944f0a56408,2022-08-11,2025-05-28,2011-03-14,pT232,zr418,4715.2,M,77663,WI,Pediatrics,Lake Nataliehaven,Approved,Inpatient
fcf9fe5f-f6bd-4470-ae61-586eb8f5912d,0ce1ceaf-eedd-40f8-a0dc-2b9460e4628f,2100c3b8-8d7b-4fc9-a1e1-ab7b3e09d9d7,2023-05-21,2024-04-19,1960-09-01,ur579,Lw413,411.15,F,06185,,Neurology,Yatesburgh,Approved,Outpatient
82def9bd-912d-4be7-b951-53965446aa63,bf6f69a9-c845-4f98-817d-4b009c212e9c,3c66503c-7abd-4021-83cb-4a20c98bb2f6,2023-05-03,2024-04-02,1987-09-06,BR132,jJ380,9559.68,F,37504,VA,Pediatrics,Port Benjamin,Approved,Inpatient
8077bfb6-ac65-4c29-9f4c-8e6f6d4f15fb,c96d2a4f-9944-41d0-8c94-0b445d6dd5c5,54af9a81-5b38-41f7-ae76-962045e50196,2024-05-30,2025-08-12,1998-09-30,oa398,rl423,5101.55,F,97413,DE,Pediatrics,West David,Pending,Outpatient
e4ef17eb-3c19-4cae-af22-14c1339f7f85,8a959baf-4e01-428e-b863-6e96947f6984,c9e6548c-e319-4cca-a2e3-14b72f149e70,2022-12-30,2024-11-28,,Zn654,aL576,2607.4,F,80420,OH,Cardiology,,Pending,Inpatient
0f1a2f8f-2a08-497c-9d7b-01a6ee6624b8,bb40f31a-446f-4991-afa6-965f6c2c8288,c616c269-5e0f-4567-bd04-e20f34442199,2024-05-20,2024-08-18,1957-07-19,Sc110,Ci572,6191.45,F,87759,AR,General Practice,Rodriguezfort,Denied,Emergency
a26fe955-2b08-4f8c-874c-a8063c15d80d,3954abf3-04ee-4d17-84ff-a0833b2cec2e,b15e9db7-e24e-4eba-8ef2-f4fc68ad588a,2022-08-29,2025-06-29,1972-01-02,oe178,zx903,4476.13,F,97884,MN,Cardiology,Spencerside,Pending,Routine
0795161f-b2ed-455e-9cdc-101918e45353,a661ddab-d849-4ac1-a944-e20c9d4f52dd,591e4acf-a14f-40f1-9c2e-70c83611501f,2023-04-07,2025-06-06,1955-08-29,ht242,sO469,6901.49,F,42648,VA,General Practice,East Monique,Denied,Routine
620f065b-5e86-403a-a5d9-ceae82f5065d,fbe4c553-841a-4437-8777-4a032a2d6464,6add4b1d-a057-4be8-82f3-8586ae669333,2022-08-09,2025-04-04,1974-11-28,Og405,vM992,7288.3,M,62177,PA,Orthopedics,East Jonathanside,Pending,Emergency
608399c9-63bf-41bd-bdbf-ff2b8fe939a3,fccff01b-f8bb-4377-a453-826506cb2f51,1c778adc-1603-43ea-aafc-851273cd42ff,2024-03-20,2025-10-29,1984-09-05,pa937,oi638,8197.87,F,16848,KY,Pediatrics,New Jonathanview,Denied,Inpatient
90e1abef-dad7-466d-8110-3f7b271cb59b,8d09478b-d0bf-4841-9ceb-3d31240c826b,e4c544cb-d882-49d0-aa11-3a215e6d8474,2024-06-08,2025-07-16,1938-03-19,FF516,jA860,6286.25,M,41612,ID,Cardiology,Hernandezchester,Denied,Emergency
f0cf0f91-52af-4df3-b692-ce5ab3d93435,e7a4a8f9-edc8-4689-8fa8-6a23dfb326cf,e0ca02b0-2196-4a1b-a37c-cec985bf8d94,2023-09-01,2025-10-07,1954-02-17,DB491,Ft293,8120.12,F,61925,TX,General Practice,Emilyburgh,Denied,Inpatient
58c899eb-132e-4c79-a409-f06ad48cc118,c321a163-8902-4d58-8a78-4546580ac7bf,b3b6922a-1b1d-4491-982b-b5af999b1394,2022-12-17,2024-09-29,2007-01-14,Ac510,pe737,8184.33,F,58132,AK,Cardiology,Gloriachester,Approved,Outpatient
89e7c102-42c9-4152-a61e-fb35a14b0fb3,182fa738-c38f-4568-8785-9224848b1ecf,6a8af21f-3676-4258-9f5a-bdab81b7370c,2024-01-06,2025-10-10,1989-03-15,Kr743,nM630,4457.51,M,,OH,General Practice,West Nicholaston,Denied,
28008b3c-ba74-4349-8ec6-34487ed2b873,1121bbca-0388-4532-bf63-9fb206028754,37378f61-5918-4f9c-82f3-6d25e1de0892,2024-05-24,2024-11-05,1966-07-08,JV183,Hv936,-377.86,M,87334,,Pediatrics,East Crystalville,Denied,Routine
be7b2531-4b6a-4274-bcbe-02b1be55a635,50078292-6f73-407b-925e-be0881059f28,e7388eff-a063-4dda-8325-91478eedccc7,2023-04-23,2025-01-21,2011-03-12,BM675,ur551,5807.51,M,21451,IL,Orthopedics,Lake Amanda,Approved,Outpatient
0e42bffb-7da9-441f-ab5e-4b84b6d5610e,f45859f8-4809-4511-b883-38998883132e,a061b70b-0b57-4a09-ba86-f2001b36bbef,2024-02-04,2024-05-16,1954-10-30,Js625,ry944,2922.44,F,54574,SC,,Markland,Pending,Outpatient
c529cd89-ad43-4c5e-aaa5-015b47b60195,57cb498e-dc48-4453-8cae-9d941ad418cb,fa7fc9de-0056-4f72-8706-2ecfaf470af4,2023-09-02,,2006-07-08,PM888,dH592,3348.98,M,08769,FL,Cardiology,Hillshire,Approved,Inpatient
b24d2ddb-f940-4bb4-a746-239be6cd2462,0de3bb54-9da8-419f-ae91-44bff31bf4cb,ad558d16-cfe1-4a34-939d-d1087ef763fc,2022-11-06,99/99/9999,,eo709,DM718,5700.88,,65684,WY,Cardiology,Chandlerton,Pending,Inpatient
ec16b843-c35f-4e07-9ecc-21cf777feda1,6d524a25-37a0-4f49-bf28-0863e7a7f242,536a849b-ac8a-456a-9c22-2a546fa2f409,2023-08-31,2025-07-30,1973-07-17,JB060,uB294,6664.17,F,47559,ME,General Practice,Stanleyburgh,Denied,Inpatient
ca6b6406-9759-4a87-9d48-1053d5f9a6fa,51e75101-1f01-4a1a-862d-86df9d50fe3d,92fa90ac-0b75-404d-8e20-8aac8990188e,2023-03-19,2025-10-28,2010-11-02,Cb557,px862,6071.19,F,18957,DC,Orthopedics,Carlyport,Approved,Outpatient
afb91e29-ee07-4515-a5db-02374e664f02,8f98d092-68f1-488b-b963-c378ff2813ab,6534248b-65b8-45ec-beb3-5c7f82fbac7c,2022-11-10,2024-05-13,1943-01-06,EU278,iw701,6383.25,M,92108,ID,General Practice,North Deanhaven,Denied,Routine
3f549d30-4c25-4392-820e-513350583bab,36a5fb3b-5244-4796-9fb5-19c7414e3877,a802cb6c-643c-43ef-a003-c5b765e4db51,2024-06-23,2024-03-16,1940-09-11,pu883,ja399,,,15413,WY,Neurology,New Crystalchester,Denied,
661f099a-537e-4870-920f-940f5af00092,62c1f1ae-15fb-468d-892f-9b3c0d0d13dd,d3bf6918-e0e5-47ec-a97a-a0c0c03c3705,2023-08-22,2025-06-08,,Uv579,Ng840,1084.47,F,92871,LA,General Practice,North John,Pending,Inpatient
b2ef7ab1-29e6-41ff-b368-6709f3b6fed3,cf5b677c-5178-40b6-9476-8d78e9cf4ba6,e61ea077-62a9-4ff8-b0a0-156a221905c1,,,1994-09-19,Xm566,Ln400,7316.5,M,29660,,General Practice,Rioston,Pending,Emergency
516d76ca-23fe-416b-91b4-a0bbfe7f0f56,2fd328f5-2851-4bd3-b58d-cc6bab3c1074,e11f31ad-d1a6-4c3e-bfa8-2dda6b0b8d31,2022-09-24,2024-01-23,1970-09-10,AQ627,Xl817,2186.85,F,29413,HI,General Practice,Johnstad,Denied,Inpatient
d6d9a3d2-675e-4fae-8765-2c5b47f06f6a,03335c6e-ba89-4b3a-af6a-81767c9e3de0,a298559a-1e18-469a-bbd2-ca4179efe2ed,2023-12-26,2025-01-23,2008-06-04,pG562,lR718,2286.44,F,28002,LA,Pediatrics,Morseborough,Approved,Outpatient
e0bf8e55-7440-48bb-9583-187ab12a5682,14844cfb-2bff-4be5-8540-7d58c72ed309,ae3fdf78-c574-495a-ba8a-2246ba1d61a5,2022-07-09,2025-03-07,1952-12-25,cF152,aT402,6908.45,F,42366,PW,Pediatrics,Garyborough,Denied,
c23f1717-cd87-47c5-b281-36c5bf09b406,d54c33aa-4884-43fa-9897-a644039a0be5,ea6bab7f-6c45-43db-b057-837da26b968a,2024-01-18,2025-01-08,1982-08-13,fn701,FV974,3648.81,F,76654,MN,Orthopedics,New Frankshire,Pending,Outpatient
953a9a17-3680-41aa-9226-3906ee3500b3,a3dd4c20-8090-4ced-b8a6-297866dd1300,d00289ed-4b9c-4197-aee3-8e4c92c5d88b,2022-10-27,2024-08-20,2006-03-11,tH087,rH865,316.05,F,17823,AS,Cardiology,Myersfort,Denied,Outpatient
ed53e4b1-c57e-4a22-9302-b979f470755e,9099b210-b353-4973-8cf1-509681d0fee2,3ee74e25-9c5a-4e77-858d-e2db9ad83998,2022-09-10,2025-07-21,1963-10-07,VI673,dO954,1872.41,M,76163,DE,General Practice,West Danielburgh,Denied,Inpatient
cf29e552-e243-47b7-b83b-6fc58cbfba6b,,06468d8a-e2e3-463f-8845-bb4e77982817,2022-12-30,2025-08-17,1939-11-19,qx896,,7341.71,F,01959,PW,General Practice,Lake Patrick,Approved,
6ea6492c-89d5-41b0-a54c-a0ea4f5a41e7,7b9b2bba-4fa1-4409-bf83-1fc2693cc1f9,,2022-08-08,2025-03-29,2003-10-27,EQ077,XF877,7019.59,M,,IN,Orthopedics,New Gabrielleville,Approved,Routine
730013f6-4b28-4ef2-b6a7-f22c4712dfa7,a938a044-8a97-4ecc-9b04-8ea818746c0b,,2023-06-29,2025-07-30,1979-05-23,HV499,lh517,403.46,F,60829,FL,Pediatrics,South Derek,Denied,Inpatient
235bbf00-f51b-4dc1-b2ab-6845f7897ed9,,97202f20-e2f4-45e4-9e1f-d14ea8024ee0,2023-01-12,2024-10-22,1998-03-28,pG027,UE702,4947.48,M,57290,SD,Pediatrics,Sheilahaven,Pending,Routine
58e437f2-a395-4d0f-b6c5-0ba17e9a0fad,383845e4-614b-4c22-a5af-fdd837fc88d5,e71f9925-22ea-46cf-93aa-7c51e6ea6986,2022-11-15,2024-10-24,2001-09-26,Tz041,nY109,5612.17,F,35052,,Cardiology,East Jennifer,Denied,Emergency
0daa776d-0c27-458b-9d79-4e4170a3772c,,bc16c54e-a7ee-44dc-bd27-6ff8cc5b1df3,2023-04-29,2024-05-18,1934-12-23,Xj336,SW998,4332.15,F,65357,MN,Neurology,East Edwardberg,Approved,Inpatient
,32aa39a7-4085-4f29-9fb6-0d116d3df8d4,9cda5e14-2c27-4638-878a-bae1bdd2e540,2024-03-21,2024-01-22,1996-08-29,hh635,OO682,4275.04,M,50905,MN,Neurology,West Robertton,Denied,Routine
7a9397ab-bb0b-453b-ae2c-45798f43eaef,7c0436a6-a53e-4bb5-afa5-1f15bc414d91,6aec3328-540d-446f-b1af-5bcccb8b1170,2024-05-30,2025-05-10,2010-02-13,hx534,uV641,9051.17,F,54869,IL,General Practice,East Edward,Denied,Emergency
3323e11b-70b0-4107-a920-4cfc7138de3f,83a29dda-85b4-4323-997e-f72054c103fe,a0d542e0-9788-45a7-afa1-701226e6fec9,2024-05-30,2025-11-03,2015-01-21,WQ992,,8422.96,F,50561,MS,Orthopedics,New Annaville,Denied,Emergency
abb63ddd-d700-49af-8de7-062689c44450,6737930e-389a-4c92-9730-6291678644b7,1ddc570e-2b5f-43ac-891b-066a4a3cc7f2,2024-02-28,2025-11-01,1968-07-15,kO169,xk337,8261.07,F,89277,MT,General Practice,New Sarahfurt,Pending,Emergency
c1ae9717-6395-45fd-8e24-614914fd0c7d,c715ee20-9e50-477c-b995-879bb190d1c6,,2023-10-02,2024-04-08,2015-10-04,cr511,MW797,5563.88,M,85614,NJ,General Practice,North Cynthiaview,Approved,Routine
ccac6f0a-0c85-4957-8735-185a197d672d,df48fba9-b4a5-4481-9359-253438c5b0ea,a508581b-1157-4265-b881-4e0a73bac7ee,2023-05-04,2025-07-09,1954-07-25,IA775,Ma289,2723.96,M,53302,DC,General Practice,East Tammyville,Pending,Inpatient
10d9be2c-493e-4040-b298-f5279357026a,3c151de4-c9a6-467f-8c1b-fefaab700e9e,7290e6e4-7787-4377-ad89-9a1401f1a6eb,2024-02-17,2024-06-03,1993-04-08,Fd223,rb864,695.41,M,46621,CT,Neurology,Jacquelinetown,Denied,Routine
65bc7154-a081-48a7-b61a-439ebcab8b80,8bb98fb2-c2dc-4b6e-ad70-aa140b18609c,4abe09aa-c13b-4c0b-b911-06e2da2fa55c,2022-09-26,99/99/9999,1951-11-22,EP843,Zf020,5869.79,M,49250,PR,General Practice,Gallagherview,Denied,Routine
c9d46203-b3d5-47a3-aee2-fdccfef8136f,a6839b9b-3927-4dcf-9a77-34e951867127,2e0aec2b-4e7d-43f4-b442-f40e8a74a52c,2023-05-12,2025-05-19,1975-05-05,dk233,he109,7405.38,F,66788,WY,,East Charles,Pending,Routine
09a8b5ef-de2b-46f9-9fcd-547b91e5c0b8,1b08e17c-412a-4d96-906e-3ec45896be5b,,2022-10-11,2025-10-05,1950-06-25,BZ937,,6444.66,M,09473,NC,Orthopedics,Port Stephaniechester,Approved,Emergency
44bf830e-3461-4b25-8332-7e93441cb601,ba514389-1323-4236-bd71-f7d947c61d35,986c2999-d8bd-4a5c-b7b9-2d41c2253c4d,2023-06-29,2025-05-06,1950-09-01,kg513,JU779,7209.42,F,68929,HI,Orthopedics,Jameston,Denied,Routine
11e9b195-e7dd-492f-9080-8626e0f29cfa,,96159ad3-0b05-48d3-ba25-ca753dfc0b7c,2022-09-24,2024-03-28,2003-03-01,Rz088,fT079,4967.0,M,66149,LA,Pediatrics,Andersonchester,Denied,Outpatient
9c6a5a68-1ebb-421b-bc32-81af391b177a,4c0b1bf1-d585-4bfc-8c48-22f5ebe57432,8ef03eed-11cf-4532-84c3-04fac5bf2e1d,2024-06-26,2023-12-18,1998-01-09,BE881,LJ847,503.67,M,04375,AL,Pediatrics,North Kellyfurt,Pending,Emergency
,277110da-5da2-4e4b-882d-c04a06dee58b,5a7cd30e-4cd1-4a55-9f93-3c1511739123,2023-02-05,2024-10-03,1963-10-28,XN020,Ok716,5426.42,F,09592,NM,Orthopedics,Woodwardberg,Pending,Inpatient
89c2640b-6402-4d1b-914e-acf8e3cb0844,,032ed9e6-34ac-4224-a9cd-f56cb86e5cb7,2023-12-16,2025-10-24,2008-06-11,kQ133,wb867,6601.62,F,31546,CA,Orthopedics,Jeffchester,,
,b693afba-e186-4edd-9c9d-fd70e6f4d27e,ed7a785a-dc4b-43e9-997a-9744d0ab56cc,2024-04-13,2024-06-02,1972-09-22,UR865,rc608,6787.01,M,,NH,General Practice,New Kimberly,Denied,Emergency
0a21bcfb-8832-45ef-a4a6-225a2f57eec1,3dc4aaa7-b4d3-417a-b652-d8272b7810c6,001333d4-0aba-4805-87b5-49f4c88d69ca,2023-07-29,2024-02-20,1975-06-15,fR497,Qr742,5854.26,,37401,AZ,Neurology,Burkeberg,Denied,Outpatient
0f7ac853-c88b-49bf-a20b-5e95ea808ad4,c5982198-a2dd-4c38-811b-fbf0c31a4b50,1059926d-6479-4481-8cf0-e156d3d06617,2024-04-12,2024-12-23,1950-05-11,Dk218,GM849,2040.23,M,73328,NE,General Practice,,Denied,Outpatient
a9f3e6af-d962-40fb-9d2e-fb59697e16b5,fdba4a34-0316-4555-b701-ceed77c59b00,,2024-06-09,2025-09-15,1940-09-29,xV532,qb657,,,64865,WY,Cardiology,Lake Vicki,Pending,Emergency
3f2fc2a5-2258-4273-9ee7-ac7eb3f78158,9439591c-b73e-45aa-b432-4047514c216a,abc0fb85-fc25-46ff-9ecc-b0e2b208d0bb,2022-11-07,2024-01-30,1963-04-17,Bb114,PB815,8724.92,M,41017,PA,Neurology,North Jennifer,Pending,Routine
0758218b-0bf8-47de-aa07-dfae9990f82e,b43ada62-b4db-4841-a5b5-d991ead08a3a,,2022-12-30,2024-01-10,1990-03-09,vX710,Pu846,280.5,M,80308,MS,General Practice,East Chad,Approved,Emergency
ce7c6b4e-d84f-42b1-8361-c9c4d28a861f,1419e5f4-618a-4bff-9fac-6870ec371f27,75cc281b-77ba-4d6e-9b42-6f12fa7111e2,2023-04-12,2025-05-10,1938-06-17,RW692,RB239,398.03,M,56506,AL,Pediatrics,West Greg,Approved,Routine
6f2a9892-1df5-42aa-8ea6-229112fb6ed4,,29c1cc90-340e-402e-b2ae-cd47bb03c7bb,2024-05-20,2025-09-21,1993-05-04,wR260,,5805.25,F,77012,TN,,East Sandraberg,Approved,Inpatient
be8d8633-4e8d-4365-b929-3e2d7ca8d84d,3720cad2-fee0-43be-b92e-fbffada84f67,aff9d323-5405-4dee-b0b3-fbf1ec98a9ad,,2024-12-17,2000-02-08,uL090,qV751,563.83,M,07849,VI,Neurology,Ashleyberg,Denied,Emergency
3fa4675b-86ed-48c1-a8d0-4bbab9f71b75,2ac68b5d-bb6d-4d2f-9de8-bf39d2e995e7,a506c8ad-3ea3-44fa-8f42-dbf540f99d49,2023-05-19,2024-02-01,1972-06-01,gP335,,8292.78,F,34862,IL,Pediatrics,Robertstown,Denied,Outpatient
391b4460-c7ef-4c18-84b7-f3421bf200d9,89ef9cdb-dd48-4c50-bd72-5a0ecd901950,12242d58-6542-4d38-a4e6-e63f7810a204,2024-01-13,2024-09-30,1993-09-28,AV700,El925,1306.67,M,78993,PA,Orthopedics,New Sandyland,Approved,Outpatient
605bc848-2040-4f1d-87bd-413593c87a1c,f326d51f-5962-4cb3-8083-327cd9abd342,735a0c49-9ee1-41c9-b02a-924f3ee78780,2023-11-24,2024-03-13,1944-12-03,uW228,aK895,5736.84,M,63460,UT,Orthopedics,Andreaberg,,Outpatient
9939d032-8f25-402a-b7e7-3be14c8d5f51,ad9c197f-cc39-428b-a433-9cd3719dabb1,a74e8292-c616-4509-9dd9-64737ccd9c0f,2024-04-04,2024-12-08,2000-03-31,,bb072,6110.64,M,,NJ,Orthopedics,South Austin,Approved,Emergency
ebce45ed-f732-429f-9a3e-58592e2b9f2d,dfdbb943-8690-45d6-b679-58ad5737b4b2,666ce10f-8074-4135-af4a-69112b1f6b90,2023-07-15,2024-12-29,1992-08-21,IQ622,KX542,4936.11,M,93839,MN,Cardiology,Danielview,Approved,Emergency
02d29d5c-e850-42e7-beff-57edc4241281,9b2e8f7a-5455-401f-976d-958350b91c0e,b82f3d51-e25d-4df9-b507-883255098767,2022-12-14,2025-05-14,1961-03-18,YL653,Sg132,6701.79,F,69562,LA,Pediatrics,Lake Gregory,Denied,Inpatient
56a13846-bee1-4ad1-94e6-100b40c682d5,a258c3ae-0d1d-4ba4-961f-eb26d40daf76,b0ad99dc-f9c7-4712-b74e-0b3e1d2171df,2023-08-13,2024-06-15,1994-12-16,rH705,Ev761,9663.87,M,77173,NV,General Practice,Kevinbury,Denied,Inpatient
a9f14081-99cb-4b69-b411-680592b1e3a3,f133965a-73fe-415c-a47a-9f04a6df5ae8,dcde9f03-7da2-4f13-bd43-2f0d8a8f9550,2024-02-06,2024-01-05,1951-05-08,tL477,pI974,6600.65,F,38466,AK,Neurology,South Jamesside,Approved,Outpatient
afa1e12a-62ec-44a0-b6b4-494b150c8f73,ed90480d-0ab4-4a6d-89e8-eaf6abe7fcd9,,2024-05-24,2024-05-06,1981-03-31,aE726,ML904,3852.5,F,50429,UT,Orthopedics,South Rachel,Pending,Emergency
7f98b132-fda1-4f68-9ba6-8e130915dc97,,036adf11-6ca7-4ecd-8a0c-d158f5a7c2d9,2022-10-15,2025-10-11,1956-04-18,Nh772,,8148.56,F,04530,VT,Neurology,North Michaelton,Pending,Routine
9b9ee017-63d5-4e97-8434-2dc96256e15e,4cd4d100-a453-43e2-b6eb-790f7dba00c6,5c458d13-92cf-4220-b21a-df1183eb1e24,2024-06-24,2025-02-19,2001-12-29,VY267,my860,9633.62,,92443,,Pediatrics,Lake Robert,Denied,Emergency
b26ccd7f-7edb-41a4-8169-e2a138e27e85,0dcce61b-9dbf-44ba-af54-9143376795f1,df2c8927-ee7d-43ff-b837-1f7a677561e8,2023-09-21,2025-02-08,1993-01-28,ov508,Az317,876.71,F,123456,NV,Orthopedics,West Kendrachester,Pending,Routine
,facf9f7f-bb35-4f35-8e89-13147d22c311,21b6df8d-d4ef-4fd6-b036-fc78f354e234,2024-05-07,2024-09-18,1949-04-11,Gp846,Wf194,1070.28,M,88119,MD,Cardiology,Jamieshire,Approved,Emergency
e60f9c5f-11d4-4258-b9f9-4894d81998ce,,e8dc2479-087f-4ffa-b8c3-fe6bd1210f03,2023-06-09,2025-02-14,1959-07-09,tX516,Gi974,4190.41,M,86599,VI,Pediatrics,New Williambury,Pending,Routine
2b64c332-8cb9-421f-8ded-2b7be07f5bc4,8c37c808-cb8e-4c85-8af6-76f26d6ba464,a69f5daa-e9f2-4dc8-a380-81f9c8e1231f,2023-09-05,2025-08-26,1938-01-26,Hi446,RP060,3068.03,F,32351,MH,General Practice,East Andrewport,,Emergency
10e2bc1f-3f8d-4932-90e8-46b6c7a74f90,74771bac-c238-42c7-afa0-6673a493d679,04c50c2d-3f4c-460c-8a96-17bbde50e153,2023-04-03,,2012-03-03,yX342,qR515,759.86,M,45194,PW,Neurology,Port Kimberly,Approved,Emergency
1429bdf4-69a4-48aa-9e58-4ea9463d1be1,3e448d85-3cc5-4c61-a4f1-18d12610cf26,cbaad2dc-a636-4207-9c09-a30e712ed9d8,2023-09-02,,2012-10-03,,vS997,4319.19,F,67740,NM,Pediatrics,Phillipsport,Approved,Routine
01d6c863-8038-4aae-9c12-980762dc450f,62df15bd-eda7-4f91-8a92-f15f4cf41dc4,e553b687-3672-42c6-b0a3-f14494997467,2024-06-22,2023-12-13,1986-09-26,jX415,kO949,5222.72,F,87294,FL,Pediatrics,Nicoleport,Denied,Outpatient
1f275b4b-fc6a-4810-9764-406ae39aa546,2b4589d1-16bf-4a24-95dd-da531ee95abc,7c293ae0-fbc4-47ae-b5c1-42ce8b5672f2,2023-05-23,2024-09-11,1951-02-13,Qa896,BP244,3483.99,M,79379,MP,Cardiology,Kellihaven,Pending,Emergency
7c7802d6-08d4-4d3f-ad30-0222e323508f,03acb7b8-112a-4454-8d60-32096534877d,3f01793b-3b6b-4c26-b006-b01b5c27efa1,2023-03-18,2025-02-27,1963-05-03,ii290,uz589,515.32,F,12904,DC,Orthopedics,Angelafurt,Pending,Routine
873fa7c5-eefb-4bfa-a5c5-557dd1cc4828,8d4a6ac2-a14d-466d-82dd-75eac720c837,24d28c06-463f-496d-8881-4c5c6bf150fc,,2024-06-04,1974-06-26,Ij497,Az726,-739.06,F,53634,RI,Orthopedics,Brownberg,Pending,Emergency
3bcb1aba-9bb0-424b-87d0-a0ff3ffef5a8,d41eb6eb-f966-4a6b-99d0-4821a1333a35,385c9947-9ed3-4848-ad4d-62a92e338f0e,2024-06-10,2025-09-11,,yR651,,656.14,M,40179,AR,General Practice,Stephanieberg,Pending,Outpatient
a980369f-2409-45d9-813a-534974c62266,62091aa9-4b47-4f51-acb7-9585bca952c5,127c74e3-9cdf-441a-86a6-97d829ec9a1d,2023-04-16,2023-04-30,1949-04-27,hU481,aG938,368.96,M,09188,TX,Pediatrics,Bradfordfurt,Denied,Emergency
68e34b15-32c8-4c14-95dd-ca69fe0bf53f,1bd8ccd5-ec9f-4afd-a551-062f97567ad2,53aafad9-3495-42bc-b114-06f920ad6fd2,2024-04-06,2025-07-10,1999-11-10,ek394,Ja789,1148.16,,71656,AR,Cardiology,Port Tinaton,Approved,Outpatient
ef0a7151-9ccc-4206-a640-5545ad554c4e,f5f3973f-d7ad-4d16-9e4e-cf496f329d03,10392d5e-e413-4710-83e5-71557e5a0053,2023-05-23,2024-06-02,1983-05-21,jR528,XJ873,3737.17,F,87617,ME,Neurology,North Christian,Approved,Outpatient
29781088-32d1-4aae-97aa-83ae534704e0,6acefaca-986b-40de-b28e-8c2aea178c08,cc06a301-91ae-41f5-8a91-e03438b797e5,2023-10-08,2025-03-19,,ja488,Kw455,3396.72,M,15550,CT,Cardiology,Richardside,Pending,
f1cbb0fc-c794-4800-a3a8-d4a164dc7e78,7aa57e94-cadf-4560-89ec-05c205665dad,18eadf47-b028-4bf1-93fb-3f9dc3d36016,,2023-12-25,1979-01-22,gO856,xj438,,M,04236,NH,,,Approved,Inpatient
63a600c4-93f1-405f-a0a7-a3331e83c625,2be88702-15b0-463f-96ff-c9f10a2abec5,a5697fca-cd51-4178-83e4-ece073c517db,2023-07-20,2025-04-29,1948-04-10,NU453,pk884,1454.5,M,14953,AZ,Cardiology,Johnsonfort,Pending,Inpatient
ace2741b-6dd6-464e-a4c3-621e47f51fa1,bb6623fa-6634-4947-9cfd-42af66dd60bc,735c4089-1719-4e9c-bf43-b6cd578a1db6,2024-05-16,2023-12-31,1947-12-22,nB062,yM092,9278.53,,47662,KS,Neurology,Lake Sarah,Denied,Routine
81cf392e-83d5-48c8-90b4-9c7a1b5ede56,8726101a-8d8c-40bd-ba4a-95006930746a,82a73d97-09da-470b-ad4d-46e3731d4e35,2022-11-19,2025-02-04,1986-12-10,kA571,fN858,9569.36,M,53212,UT,Pediatrics,Port Logan,Approved,Routine
0c3272d2-f600-45be-ad0f-38efc31db7dd,89f0dea8-8fc8-4ae5-96c2-a220bd5c1651,fc8bacee-3d06-4209-b543-23888bf21116,2024-01-26,2024-03-10,1947-06-26,OL715,Rw922,3738.59,M,35017,NM,Orthopedics,East Brandonland,Pending,Routine
bafb43d4-1ff8-49b6-88e8-a36f475daee9,1ffd6445-b098-4a60-aaf8-4d21d4d27f95,ae577dd9-675e-49d4-81d4-e2b6b9a0f352,2022-11-15,2024-10-03,1967-07-31,oR312,ZV596,5701.24,F,70929,UT,General Practice,Owenport,Approved,Inpatient
b9f16926-8edf-4151-aa09-c300c224ce8a,b28cb6b9-6dee-4caa-89eb-3ade9ee743a1,ae2781a2-2183-4318-a716-b4a8d7865824,2023-10-26,2024-11-05,1956-11-25,rG734,SI746,6576.33,M,90422,OR,Neurology,Martinezmouth,Pending,Routine
bef0941a-84d8-49d2-8ee1-c8d38ac6eecd,822df8f4-2ebb-4150-acfe-e4c94fbdd696,a1e37349-0014-4d0a-8a2e-2010a7cadabc,2023-06-06,2024-07-30,1987-03-04,,dW962,820.08,F,91352,,Neurology,Christophershire,Pending,Inpatient
73ef7503-1269-41e3-aef8-428735e560b2,db69a952-d663-44bf-bb55-1839d7661bd7,59a1a3b4-37a3-40c9-bbf9-fd2c5476d4ab,,2025-08-02,1943-05-26,bf382,Hm126,5463.43,F,123456,MP,General Practice,South Matthew,Approved,Routine
522d23f2-6d51-43d4-96e1-b6e46905463d,5b8c59fa-8f99-4646-b018-f224a3ff5e1c,59ac3e42-9caa-4a94-ae2d-180f6051267f,2022-08-09,2023-12-23,1941-10-27,py220,,5002.25,F,80292,TN,General Practice,South Michelle,Pending,Outpatient
7b6f1ccf-cb81-497b-a9aa-92a7f3feb812,716d13a6-3315-40b2-a55e-f17fd336f926,84fe0d74-de09-47e4-9cd2-4da7718c151c,2024-02-21,2024-03-29,1982-02-17,FY940,qb577,,,45448,KY,Neurology,North Michael,Denied,Emergency
299221ff-8235-4802-bbb9-5e13c65df7d9,a7d0d6b6-c66a-460f-9dae-6ad8b3ac5506,63ada462-b82a-4368-b70a-372ac6d4e6e0,2022-09-12,2024-02-04,1936-07-21,Zk299,GU318,4155.74,M,72892,IL,Neurology,Terriberg,Pending,Outpatient
04d089c8-524f-48a1-9453-acb5aaa56298,94eab845-4239-44ca-b632-71185549cdfb,1ad8c620-4dda-4156-b886-64c3eb2b5ba2,2022-11-06,2025-01-26,1977-11-12,BK501,Cl366,1719.88,M,22940,FL,Cardiology,Flowersport,Denied,Routine
fc9dc07a-5628-4bbb-939e-4109de2880e5,42edfcde-bdf9-4327-95aa-f8606dd1f38f,287c6a71-81f6-4b62-8a0d-26ca86b8e437,2023-05-24,2024-10-30,2003-12-02,cR438,HT408,884.87,F,92353,CT,Neurology,East Jonathanborough,Denied,Outpatient
8a4565a9-833d-456c-95e1-79f75ce21847,08f4babc-96ff-4928-bfba-13351383b5d7,f38d8a30-5154-4505-89d5-ec6defbf9861,2023-11-30,2025-03-27,1958-02-14,uO005,nE776,5051.12,M,79374,,Pediatrics,West Katiefurt,Approved,Routine
b74a2e7e-6b51-4300-8403-7aac893dd2b0,08ca557a-35bf-41f7-ba88-96bb5d9f84c3,ccfacbec-8af2-4711-8c1d-5c9dc649cce3,2023-03-15,2025-10-24,,yN729,Ed394,9555.64,F,11407,MO,Pediatrics,North Jaime,Pending,Outpatient
45b192a2-d4bf-4cda-9624-eac438781e91,c995c9f8-664a-4108-9c91-104e95d52dba,f1aff71f-c7ec-453c-889b-06b3eb12bae5,2023-03-11,2025-02-04,2012-01-08,Go467,lY038,6980.85,M,61258,KS,General Practice,New Rachelstad,,Emergency
c22f6719-6fc3-4c48-b233-a024e9b34186,,cb4b3218-7395-4fc8-93ec-97d8540bfcc7,2024-05-28,2024-04-27,2010-10-11,Zq187,,2758.48,F,62079,IL,Neurology,West Samanthaburgh,Denied,Outpatient
261dafc2-91d4-41fe-8bc5-be992cbeaa8a,6ed675b3-46b4-44d0-91f8-aec568b0cf13,b61e9488-f793-4f50-94c7-fe75f309ec2c,2024-03-02,2024-03-23,2008-06-26,Is442,jH171,8085.98,M,30806,ID,General Practice,Samuelville,Denied,Emergency
7bd43644-1121-411b-bef8-7e633b389a5f,7eca2ed3-83b6-4b65-9767-be64f468b700,67381d8b-435c-426a-a452-e23f104d35f5,2023-12-07,2025-08-02,1981-07-26,XA792,Os091,7399.84,F,12585,RI,General Practice,New Michelle,Approved,Emergency
35c68b7a-e1de-4b21-99a2-ffc85ba9fe97,bdeef1a8-9360-43ae-9ba6-6476d99593a2,f013dded-5d2b-4e70-be4b-7172aa2fb325,2023-05-10,2024-06-18,2009-06-19,XY123,BQ189,8173.07,F,10943,IN,Orthopedics,Jacobton,Denied,Routine
dfde6dca-7017-487b-bd9c-c27b78f5b283,c13c00ad-609d-4af8-83da-73d65b63e8e9,51a1aa82-7a54-4693-ba03-1cf97f77f984,2022-09-13,2024-03-21,1937-05-15,AK888,kB056,8003.12,M,12417,WV,Neurology,Maureenmouth,Denied,Outpatient
a5c17510-90a2-4aac-9f13-40b4b5cc9601,9385c878-1f49-4dc0-959b-e23e99d9d818,f9c8e6db-d276-475f-9d23-84e3431da11e,2022-12-16,2024-03-16,1978-02-11,Qe706,yF801,4939.58,F,09233,WA,Orthopedics,Sandraland,,Routine
fa7eb688-8a2f-41bf-8968-5a1df40e5a97,fabf3af9-32cb-47b4-ac04-b12b913f7253,6518f133-bcb2-4678-85b5-d04894006d97,2024-04-08,2025-11-12,1981-07-13,CA770,fE415,3141.44,M,,AL,Pediatrics,Port Catherinechester,,Inpatient
9fe9c393-5307-4567-83fa-569b317e0070,d4407f1d-23ea-4780-bdcc-4fa6535cf185,95c1e49c-4f7c-4ded-aef8-c1e2d2e522cb,2023-12-07,2024-03-05,1943-01-11,XR793,BN628,869570.53,F,38659,TX,Orthopedics,Harrisstad,Pending,Emergency
92b16297-587d-499e-ad86-d22a97542752,f2a9eabc-4e53-4dca-a88b-f9d7223f4481,83483b6d-d053-4a20-8178-b3df1ec7b153,2022-09-11,,1952-12-07,Ls280,FG455,8820.62,F,,VA,Cardiology,Lake Kathryn,Pending,Emergency
ff786e7a-4679-4704-8cf8-9557349c70c4,541628bd-3ea7-4141-aa62-7367c2cda630,31815a28-81db-4faa-9112-13dbf2a3209f,2023-09-17,2025-07-27,1938-11-06,wf254,rk147,4643.51,F,77387,SC,,Katherineville,Pending,Emergency
99dd22e9-7da4-4c5a-a604-3b9c136c5354,31c511fb-53d0-4d22-9173-0dcdc78242e8,6941a5a8-ac70-4a93-891b-ac86a9876a21,2023-06-16,2024-04-30,2014-06-18,Xd761,Hg581,4966.79,,20336,OK,,South Nicolefort,Approved,Emergency
3cca25fe-08d6-44d7-8cce-e2bbe9ec44a2,33e43691-f7ed-48a2-b2d6-e39ea8c85c27,4a3137f7-c0cb-4f83-8f33-e5a8a0885a90,2023-11-28,2024-02-08,2007-05-31,Xv618,Ho761,249.6,F,43685,HI,Orthopedics,New Garyfort,Approved,Inpatient
79120636-c7e0-468f-b00a-30e6b6fd02c5,50434d92-b012-4ed2-8ae9-4c347dbc67f5,3ae9a1b3-f3a8-4719-8e61-bf5c5f97e881,2024-04-14,2025-04-18,1940-12-02,Bb585,,2583.7,M,94649,,Pediatrics,Larryshire,Approved,Emergency
cae32061-e9eb-4aed-9c92-722acbae53d6,c43c012d-5da4-4ffe-824d-e0574bd1dbe9,,2023-09-15,2025-09-28,1953-02-13,Ph638,Au827,1915.7,M,48708,MO,Orthopedics,Port Barbara,Approved,Emergency
5282a242-b49a-479f-879a-bc4c259e9bbe,12ed958f-f70b-4ade-8b4b-2b543467f4e5,2a2d4334-9c86-4e2e-9102-8b41e733eab7,2022-10-17,2025-06-13,,,NU737,9702.27,F,53457,KS,Pediatrics,Reillymouth,Pending,Inpatient
c7dcbb86-4ce9-40f6-80f0-0a92f77c1422,94fb45e4-e5f8-43bb-b8bf-07f3627abfce,c700271f-5a99-4f9c-9e58-fc7a56382118,2022-12-26,2024-10-06,1974-03-13,fP722,Hu797,6055.96,M,38097,OR,Orthopedics,Lake Duaneburgh,Approved,Inpatient
8d95ee57-a166-436e-aebc-a5dc7db3e976,77538dc6-3025-4607-bd3e-a869f3a3a49e,dce7e344-987f-42c8-9297-36b5489cb382,2023-07-24,2024-03-14,1956-05-20,mE847,xm586,4045.2,F,65117,PW,Orthopedics,South Alexisstad,Pending,Routine
7767f0bf-4cd0-4b21-b196-30134266e617,7f8b0dce-5f7c-4f1e-940d-313cd470e4bf,319ec3ba-8922-483b-867d-721d468a78bb,2023-06-27,2024-03-29,1935-12-01,Ss391,Ji714,9298.48,F,60607,VT,Cardiology,Marcville,Approved,Inpatient
fc1cafbf-d803-49fa-8b55-294e70681871,6dd88a12-2745-4b0f-9040-4381fc36b6bb,85212dda-3311-4cfd-bc1a-7ae8a681b4ac,2022-09-12,2024-08-30,1936-04-04,Ey878,Dq377,--100,,78008,WY,Cardiology,North Jessica,Pending,Inpatient
25c6a331-ac9a-4eb7-98ec-4cc13e03484b,dbaffe4e-56a6-44be-8c33-b663a27845d3,eeaec7c3-df5d-436c-85da-3a7a417b8553,2023-06-20,2024-12-30,1942-01-13,iT950,vD616,3598.19,M,22120,CO,Pediatrics,North Danielland,Pending,Routine
53f77ea6-b1ec-4e79-bd0b-1d6a86e45d56,40e17f2f-d24e-454f-a21d-6150769e96e1,e0f1fabf-0ae5-4f13-88b1-c97549a505ef,2024-03-29,2025-09-08,2009-10-06,Ew583,xd393,6058.63,F,92356,MD,Pediatrics,,Pending,Routine
05b84e90-139c-4425-96cd-4995df6311a8,c2d8f862-976f-4740-b80e-7296d49b0267,fc6c5e0e-6c4b-4732-91f9-ddab2369155a,2023-01-20,2024-10-07,2004-09-17,sG291,wf035,,M,03534,AZ,General Practice,Kellyfort,Denied,Emergency
c649621a-307a-468e-8b91-cb6510b8df15,debad1fa-f2d4-41ad-84ab-c1069288a068,f99616ed-778e-42b2-b891-10d385fc6a98,2024-06-05,2025-03-25,,Fp420,os578,2945.87,M,13946,DE,General Practice,Stephanieberg,Pending,
93a75162-7220-4e56-986a-606c7c304b10,d18584f4-9183-4e11-bdb3-bebb63cbbfe1,b6e18ee5-1e44-4d8d-8a49-f380a6e85aa4,2022-10-10,2024-03-27,1946-11-16,rr878,jI294,3015.21,M,81686,GU,Pediatrics,Walkerberg,Approved,Inpatient
ef732384-95fd-449b-9515-dc354246a20b,827e6d9f-d101-46f6-a574-b1446c4b8748,f2275338-c5b9-408c-a16d-8a9aab6e60b4,2022-12-08,2024-07-14,1991-01-05,EL590,zS914,8754.8,F,04750,NM,General Practice,Randallbury,Pending,Emergency
,d489e47d-d39b-4057-9be9-1e002df57763,9f012d61-127f-4550-9fd5-3a44401a757e,2023-11-29,2023-12-14,1966-04-03,cX654,sg233,977.14,M,66184,FL,General Practice,New Steven,Denied,Emergency
2a546fcd-411d-4bf6-94ba-bd4ae6d39017,06620d02-a864-4205-9b25-e9b7f69d186b,f13084f4-e763-455b-9659-8ac29e6944c2,2023-01-13,2024-12-17,2006-06-13,Vn356,qT395,1474.39,M,92755,ID,General Practice,South Kristina,Approved,Inpatient
64808330-ca5b-46aa-ba6c-d93a90a6eec5,159ae127-b85b-486a-9bc7-607e65636512,5fda0653-0054-478c-9461-25f0448b8c3b,2023-04-26,2024-04-03,1976-03-23,BC638,iT806,7052.36,M,48678,WY,Pediatrics,Port Davidfurt,Pending,Outpatient
8ae75d34-037a-45b2-b574-b12aff54fc9a,99a80ef1-6e5a-41fe-bedf-7b5e5db2b658,930b4fde-1fe0-4b27-9e56-8fe95ff3cd13,2024-04-20,2025-03-12,1986-11-03,IB887,Xw022,7309.34,M,98688,HI,General Practice,Dennisside,Approved,Routine
e251a257-20ff-4b5a-82b1-1243829d2670,bbcb052a-8191-4ca5-9729-0d2343066785,,2024-01-18,2023-12-14,1978-07-27,tK607,Tk085,2471.15,M,07241,FM,Orthopedics,Elliottmouth,Approved,Inpatient
797d1afd-6cdb-4e61-b655-62857c9cb817,f25637aa-7c3a-4748-9f44-69dec0f29b48,f29d47bb-8d64-42a1-8227-41cd01b951e0,2023-07-03,2024-12-08,1981-02-11,py294,lO399,1293.53,F,71465,AR,Neurology,Martinezmouth,Denied,Outpatient
50154178-a783-4f20-9881-c20265c4c6bb,ef793bdc-bdfd-4ecd-b54f-531eac2744ed,3140569b-aa90-4bf8-9a5d-0ae611671f47,2022-11-26,2025-01-18,1973-08-06,qq757,IE713,9979.55,F,25498,CA,General Practice,Lake Brian,Denied,Emergency
,542e4208-e33e-4e02-85c1-bc9e288ffda8,92983fdc-ce3c-491a-883a-9c85b7e26ede,2023-03-07,2025-05-06,1984-05-10,Ch082,Wr897,7646.62,M,23305,MA,Pediatrics,Port Robertborough,Denied,Inpatient
10f62863-4e13-4ad8-8345-775f25b72134,811515b3-858c-493a-9e30-0f4cf6d2ed2d,1bf63333-eed0-404c-afe4-39fc3135728d,2024-07-07,2025-11-08,1938-09-11,EC314,ND467,7549.44,F,86523,WI,Orthopedics,Mirandaland,Pending,Outpatient
d4f4a5fc-e541-4162-a33f-94d1ddfff818,47bf2bf7-7f20-47f0-9f40-d99da9701554,b9f06568-ab66-4715-9c9a-cfb5d24dab81,2023-09-20,2024-02-06,2002-12-14,xT509,KK810,1602294.31,M,03878,VI,Neurology,Port Kristintown,Pending,Outpatient
1c90cb46-6bba-479c-a2c2-18547ec4809c,79dc9aac-c7ea-4fd4-923a-93a0456a6fc1,c54419de-a2f7-40a0-8546-3b27f5731a96,2022-07-14,,,qv412,Ji347,1029.62,F,72117,IN,Neurology,Justinstad,Denied,Routine
28b9f35b-d58d-4059-8bfa-ba794a516b28,925b3ab7-45eb-421f-a85c-1cf3a88bbb40,4dd69990-504c-40ab-9d14-8fd4a4d9d4dc,2023-07-18,2024-10-10,2013-03-11,sa724,sw370,727.41,M,92555,TN,Cardiology,Rileytown,Approved,Emergency
,d1d272d7-c6a1-4749-9b49-2f8b832e0f44,bc6d45ce-e592-414e-a2cc-609d5aebc8a5,2024-07-05,2024-03-23,1954-11-15,IY955,zy682,148.91,M,08154,FL,Cardiology,Lake Sylviabury,,Routine
c1a7bfda-6f98-4a73-a677-f1ad38a3cf70,c94c40a9-f5a3-4d8d-bb06-b37befdfa041,,2023-06-20,2024-02-28,1994-05-03,Ds791,dl609,5075.4,F,45554,DC,,,Approved,Routine
389c157d-84e5-4808-a929-a211da075e39,e68000a9-728b-49f9-b3a9-3825901c4391,2ecc61b6-6758-4adb-87a9-7d4f2c139416,2023-11-15,2025-03-31,1963-12-09,,gl216,9580.55,F,18173,TN,Cardiology,North Paul,Approved,Emergency
64d2f54f-9b85-489e-927b-cfc783c8540d,c975e318-58ab-4ece-9e7e-f067a6596f30,c7f0ecd0-ffe1-40de-a8de-c749163cd22c,2023-05-26,2025-06-22,1997-11-01,jY749,YZ629,4200.0,F,74208,AR,,East Calvin,,Routine
6eea92b2-bd25-484d-94bd-278706e7f11c,e86c4d40-dc9f-4666-bcb6-0561ae7468e4,3ebc3513-699e-4efe-82e1-7e81e9274edd,2023-06-23,2025-05-09,1984-09-04,Bj740,Ws079,1442143.91,M,89338,WV,Neurology,Harrisfurt,Denied,Routine
3eb4ebcc-d711-462e-b536-9a6424ce7220,780091ca-9466-4978-8b5d-439822d7f5f1,f66f6fa8-874d-4963-8afc-1e5bed1fa35f,2023-09-27,2025-07-25,2006-05-02,dA192,Lo435,4339.18,F,,SD,Orthopedics,Gutierrezbury,Pending,Emergency
d46f7426-347f-47ce-b914-5c9256e989ff,7fcf525f-4142-403c-abf7-29a50305f04e,77f7dc54-276e-4c30-8174-9102b83641e5,2023-12-14,2024-11-20,1992-10-31,fM433,gi805,6069.13,F,24638,MT,Pediatrics,North Sherristad,Approved,Routine
1b6c6dfa-847a-42f7-a1b3-381d04b8e1a3,28e3700a-a97f-4b75-88cb-4fba0c52b97b,9390d0a4-0dae-4b4e-99b1-54edef535b1e,2023-01-31,2024-02-25,1935-05-01,fF392,vM441,3349.11,F,71028,WA,General Practice,South Joseph,Pending,Outpatient
ce636815-d61d-4390-8063-48c42c6d2b41,7a65a4c8-f3e3-41ca-8bfd-bdcd9afe06f3,39e182e5-4304-4ad5-94c1-56351b6a507d,2023-11-01,2025-07-09,1990-08-23,wO459,CV008,8430.33,M,,AS,Pediatrics,North Danielton,Denied,Emergency
2798fea9-c877-4e57-a453-6387cf61c4ad,080ce4b5-7b94-4488-916a-b6f481807ba6,7909fecd-0891-477d-9be6-203b5e91af5f,2024-02-10,2025-01-25,1945-06-14,vA902,Zl524,8749.62,F,05694,TN,Cardiology,Saunderstown,Approved,Outpatient
e8cd8d5d-3cf6-46b0-967c-c13e35cac25f,526a1e99-70da-4393-8a14-ebfc87a291ac,f21cb22b-9c6a-4cdd-89be-bfc9c261ca5c,2023-12-17,2025-06-23,2011-02-19,oK391,Oo613,8805.37,F,67910,SC,Cardiology,Sarahport,Denied,Emergency
8e859cb4-6895-4e6b-93ae-ba14f808aaba,03f32639-c69e-40f8-a52d-576ecd511485,ce492ce2-84bf-4bf9-9e54-d0c5b48241f1,2023-12-10,2024-08-18,1957-10-23,Tp470,ya769,830.59,F,12647,PA,Orthopedics,Rebeccaville,Denied,Emergency
99248648-2467-483c-b404-b9a4f71dac26,d56af4a8-1968-4d86-92e6-c790617e69b7,45f5fae1-733c-4d44-84c4-753fd6dd56e7,2023-01-28,2025-03-22,1963-02-19,eG028,HU210,,M,,FL,Orthopedics,Garciatown,Approved,Emergency
,95a71921-2700-40f3-814c-d4f8bcd7971a,0a53c881-fdb3-4e25-bafa-5bd41a27e5ba,2023-11-14,2024-02-02,1940-03-13,RQ463,On411,3153.84,M,53311,VA,General Practice,Bishopland,Denied,Outpatient
82ad47e5-497f-465a-b7f6-e5e4bc431d05,e74c7c8f-1650-4d0f-afa4-9d3e811a1495,155d572f-f599-4df2-9e5a-1f3708eb678f,2022-07-12,2025-01-10,2008-11-20,LJ575,MK710,7171.83,F,43155,TN,Pediatrics,Rayberg,Pending,Routine
519a7054-6cff-427a-b3f4-69a40596ddfc,,64d3ddd1-328f-45d9-a6b5-04e756bca767,2024-03-17,2025-05-18,1950-08-25,kU210,Of373,8333.8,F,78723,KY,Cardiology,Joneshaven,Pending,
16e38ae9-7ef5-4f93-bcf7-60159448eb90,2ab20174-460f-48e0-a95d-7640d2c16bdd,6437b02a-07b8-4a4a-a2b2-6c420330abb5,2024-04-23,2024-03-30,1965-06-29,qg057,Ne335,8292.44,F,67277,UT,Cardiology,Jessicahaven,Approved,Outpatient
f2e55c7b-c0bd-465f-8d61-19191ccffdb2,2b1fcb61-f501-4801-8242-d4060ffadf8f,3c1b4d67-4350-4660-a806-f9a781800338,2023-04-25,2025-05-26,1976-05-07,eU836,bC160,6244.54,M,45051,DE,Neurology,Jacksonshire,Approved,Emergency
3c9b2cf5-1d7d-455d-ab39-ffd4e20eae8d,03ebbd98-648d-40e9-9ebe-1bba9f21cfe3,0fd9e343-5b97-4cd1-84a5-389210488af9,2023-08-22,2024-01-26,1963-05-22,Rv809,pG333,3045.73,M,07153,MO,General Practice,East Katrinaburgh,Approved,Emergency
06fc8dc2-e9e8-4ea1-bf84-4eed704e3fd0,ba4dc591-6362-4fc6-95f8-5330cdc2f653,5bb0b648-3459-4248-a130-72fd7566b873,2023-08-29,2024-07-06,1953-04-18,cL772,yC949,5445.58,M,41324,AL,Neurology,Lake Jamiefurt,Denied,Emergency
1608a4a1-d05c-467e-8af9-7e07549042ee,bf898d53-3a91-4ee3-b361-2b8a6cfbff2b,e4072f9c-c6c9-4e6a-a21a-e792d6ee1c29,2022-07-16,2024-05-22,2008-11-28,BS717,xs009,1597.34,M,82576,MI,Neurology,New Brandontown,Approved,Outpatient
3cc290da-4dd8-4447-a836-805a1cd425e6,dce8bda2-3e10-4e34-9709-18fc6952b29d,d4f97f11-90d9-4401-b380-220d458650ec,2023-09-01,2025-05-31,1976-12-03,ws832,dZ055,7926.05,M,37823,PA,Pediatrics,Greenshire,Pending,Emergency
878edfaf-aa65-4217-97d7-48cbc3bc726d,f6292015-fa2c-4f26-afe2-33a2592a22ff,8284dab2-7495-49ae-a445-018bd36f69c4,2023-12-22,2024-02-16,1976-12-01,hw891,dE810,6623.35,M,95751,LA,,Ayersborough,Denied,Routine
c763c9b8-085c-4794-82fe-013ae57d18a6,72306af7-725e-465e-9c0c-e47bf3656944,564a2794-137c-4851-9fbc-40261ee9b306,2023-06-30,2025-01-26,1952-06-08,ub307,fN890,6627.6,F,39633,,Neurology,Port Kristen,Denied,Routine
8284a861-5f2c-4609-92da-9d2552adf462,bc8c4179-8efa-486d-b02f-da279e1a266e,8a67fedd-ee52-4688-b3d4-32fa3f88addb,2022-08-13,2025-10-01,1974-07-31,eN918,vN020,8785.66,M,38419,NM,Neurology,Danielborough,Approved,
b2f90bad-302d-4240-a8d3-359581832e95,9ee6d373-73d0-4400-901e-fbb614424073,c7b90eee-4cfc-4460-bf5e-572d9bf1482c,2023-02-11,2025-10-28,1989-11-10,hu658,ix291,3408.96,F,99909,AL,Orthopedics,South Sherrifort,Approved,
55b13b84-9c92-49fe-9b0c-3afe02da4f17,97c456af-ce17-4481-babc-92ceda4b42e4,fc7aaf4a-ca8f-451c-a420-c1183a660f88,2024-07-04,2025-01-13,1992-01-26,UZ982,lX079,7594.78,F,88349,KS,Pediatrics,Port Markborough,,Emergency
e2209e29-809b-4864-95f9-a93be22c497b,89270923-4e2a-4848-bf61-849054c33136,e50b7965-8df9-4538-ab42-aa321064f7c7,2022-10-22,2024-11-29,2004-01-10,rw476,,298.7,M,36915,FL,Pediatrics,Jonesbury,Pending,Outpatient
c4b1d042-aa78-4948-adf0-a6f13f403a65,687110c6-68e5-431d-9f80-919f74c86c20,177cad25-1202-4c6f-a1ef-4b1ab4fc6b21,2024-01-26,2024-10-16,1944-08-27,GL963,kn454,8872.25,F,99582,NC,Orthopedics,West Sean,Denied,Outpatient
3147c3aa-708d-43d9-bcb8-f8a33904ac37,45abb799-e8c5-49a1-8aff-80f276bb8d97,b236c30b-9c75-4703-8961-62ac3b31fab5,2023-02-15,2024-03-24,1984-12-21,vU934,iA110,289.64,F,74211,WI,Cardiology,Chavezhaven,Approved,Routine
73048991-8382-43df-93af-9fffb29f2489,c8b4d900-8348-493a-b27c-75f77856eae8,fcf2109e-2a05-4e1a-84e5-29f068225cfb,2022-09-20,2025-05-09,2004-10-24,kE905,yg146,322.02,F,65123,VT,,South Lisa,Approved,Routine
9f401235-e764-47c2-a28f-c62fe0d01399,a99bd82b-5f26-4199-8786-a58db09e319d,558f727d-1824-453a-a890-e4bd2a011f10,2024-01-15,2024-07-01,1946-10-09,cB575,uW705,3530.59,M,43149,CO,General Practice,West Laurentown,Approved,Outpatient
b2f90bad-302d-4240-a8d3-359581832e95,9ee6d373-73d0-4400-901e-fbb614424073,c7b90eee-4cfc-4460-bf5e-572d9bf1482c,2023-02-11,2025-10-28,1989-11-10,hu658,ix291,3408.96,F,99909,AL,Orthopedics,South Sherrifort,Approved,Outpatient
7c9cc02a-b712-48d3-948d-fa7b0652f97a,1f94a6a4-19ed-46cd-9a52-c325f2502b23,b91590a6-b2bc-4118-979e-dee2ef6c93f1,2022-12-24,2024-09-02,1967-11-19,zF705,CX473,7357.82,F,30526,KS,Cardiology,Jenniferfort,Denied,Inpatient
e113f045-143b-4c99-b70b-f81d1de700de,cdb742c6-827d-43e9-8684-8190a569ddae,67144cdf-2fdb-438d-a55c-50cfed664326,2023-07-23,2025-04-28,1967-06-18,,wM134,6629.16,M,95254,SC,Cardiology,West Madison,Pending,Emergency
fc9f9459-b451-4963-a279-8440bc79a256,2bddd455-4dc4-4eea-acf6-a9954b4c11a5,4ca1371e-d444-4e42-9021-1ef11fb78891,2023-10-23,2025-07-02,2000-08-20,QL223,ho463,4135.08,M,33023,FL,Neurology,New Adrianville,Approved,Routine
dcc5e1bf-5475-406e-8214-f5f83e1fe793,a78629b4-4aee-4f9e-a4d5-be181b70e2d2,12de4f5f-e674-418e-a766-f7b73d377378,2022-11-27,2025-11-16,1991-05-21,py884,RN396,5825.76,F,14638,DE,Neurology,Brianbury,Approved,Inpatient
3b6b45b3-0ca6-4f82-91bc-8241d595bf44,3a0770cf-ab49-46eb-b758-efcc73b47c21,c2186d52-e1d1-42c3-8cd2-49f2be812fc9,2022-08-19,2025-05-29,,Uh919,TT366,,F,98812,LA,Cardiology,New Dianastad,Pending,Emergency
3e93969b-2ade-45da-b09e-61030f7c67d2,886b8dc1-222a-4316-8922-75af984c6371,7d6091b8-92bd-4fed-86e2-60411648f869,2023-05-26,2024-11-08,1950-05-17,oW659,,6247.06,F,20648,MO,Cardiology,New Michaelmouth,Approved,Emergency
3d5d257b-7e53-42b8-a357-8d1454223418,9554a195-0835-493e-8d2d-71ba513583b6,32682001-a844-4cc4-9626-035e7443a0ad,2023-11-26,2024-11-17,1972-09-03,JO256,Uy241,2398.91,F,49581,OH,General Practice,Port Timothystad,,Emergency
65d665dc-9dab-49ae-9ca9-f8cf7c0a56ed,394db403-46bd-425b-964a-6f8bb33bd169,6ba099a6-ab13-489d-9fec-8508e87e66de,2023-08-27,2025-06-26,2012-01-24,,ec370,2771.23,M,93388,RI,Orthopedics,Rickyhaven,Approved,Emergency
e850f248-433a-4f47-8a8e-bf61d3c793e4,2d4a39db-2a90-4cec-b202-6de22f54d4b4,d6b85a4a-169f-4cb7-be7b-ab8c5680e99e,2022-08-23,2024-05-24,1951-02-26,uv459,ke663,3297.97,F,60329,ND,General Practice,North Joshuamouth,Approved,Outpatient
a57ad848-2719-4afe-b497-ef928bb0661b,e400716d-ffcd-4bbf-9167-1433c9f85aec,d67040cb-81c9-4602-9c40-21bc02088f75,2024-06-16,2024-06-09,1967-11-07,,kA104,2661.92,M,39272,DE,General Practice,Taylorstad,Denied,Emergency
2ec69b68-0373-4d94-88bf-442b11f193ed,efb6db6e-7632-4d78-aef0-8a6a2c7217a6,14442cac-c0aa-47ea-b06a-ada2e146fb6b,2024-02-22,2024-09-23,1938-12-10,Xp528,Lk116,1316.91,M,65093,MT,Cardiology,Port Justin,Approved,Routine
27470de1-f2bd-40a0-9496-beb6cc49bbdd,b84e5f73-58f7-4f10-b901-b172874fe47c,147b6d14-ded2-4ba7-8b62-e7cc8257cbad,2024-04-14,2024-07-20,2011-09-27,Az884,Dl325,5204.4,F,82533,WV,Pediatrics,Mullinsfort,Approved,Routine
9563f102-637c-45ba-8777-edc4cbf341a4,5d9909b8-dc45-436b-84bc-572efa90cbef,1a0de528-de3c-4b70-bada-d55c40593b10,2024-05-28,2025-04-14,1973-05-19,JI437,tI680,2203.23,M,76683,MT,Pediatrics,Lake Jennifer,Approved,Inpatient
bb7d2716-1652-4927-bdfe-a6abf611f18a,b9988c3a-2248-4125-86db-a31050feba02,2996645a-0cf3-4a44-8b26-bcc4818a107c,2022-12-27,2024-01-04,1967-12-09,Xm015,Id106,7735.58,F,53395,NH,Neurology,New Corey,Approved,Inpatient
b7d054a3-d1d8-4a77-9112-a7c5341f35de,f61db926-df38-4f67-8716-41dcc1adc800,90cf3371-500e-45d9-ae57-fc1ac958010e,2023-02-08,2025-09-28,1949-01-30,jX751,Kn196,5994.31,,78170,VI,,Stephensville,Pending,Outpatient
9ff54345-ccf0-46cf-bed9-f6e8d74329bb,8047e870-2b48-4dd8-9632-8e2d360aee6f,27770c34-b216-497f-a2bf-306418b3c0dd,2022-07-22,2025-09-07,1982-09-10,LY614,RA691,6009.42,M,67050,KY,Cardiology,Lake Emilyland,,Inpatient
7d31c01d-ddd0-46b7-abb3-07dfc441f346,,70d2feb6-d206-4ebd-9d0a-4dd7eeade6c1,2024-06-24,2024-01-04,1941-01-10,sT409,rr539,2562.27,F,53003,ME,Orthopedics,South Larry,Approved,Inpatient
3cd0f04f-02a2-4767-afb6-a1552b69d955,dc9e92db-f341-4d02-8a23-89d7d51f6007,c9b9f98f-ea70-45e1-9daf-360a59ab27de,,2025-03-01,1959-04-01,,Oe154,1571.76,F,82806,KY,Neurology,Maryborough,Pending,
e67e4559-2ee8-4677-b9d9-0d9dc41e2bbd,707206c4-aa8f-4b05-a5ef-b6d835fe1586,726cc899-0a80-4fec-a642-5a035cc140d6,2022-12-24,2025-08-29,1973-03-27,Sv001,LO197,2420.81,F,45003,RI,Orthopedics,Ortizhaven,Pending,Outpatient
0f83d33f-2590-4964-aa25-8d1038d1a26b,f78f8406-1c20-41d8-8e2c-17b2d84836f0,,,2024-10-11,1997-11-19,Hn394,aq798,1678.97,F,78567,OK,Pediatrics,Kellyland,Denied,Outpatient
be554df4-d07d-4bb8-b5ed-7b6429b5059e,7082320a-694d-450f-a174-a90ce475b51a,f1d5b76b-5c7e-4dc1-bbcb-d18e5019ba4f,2024-01-21,2025-01-26,1988-03-14,qm966,Le048,5488.11,F,59385,KS,Neurology,Thomasville,Approved,Routine
1ed136a1-2099-4050-987d-883fff94ceea,05615990-eb99-44d3-9af9-fc1c841246db,dd9c181e-383f-4756-b87a-c7e2060d2dd1,2023-04-28,2025-01-11,2010-01-17,Xd633,SC814,8990.5,F,34345,ID,Pediatrics,Walkerport,Denied,Inpatient
c84397ec-9114-4609-b3b4-7dfdcaf2e5d6,b95e3243-fcec-4fdb-8d98-06deadb9d239,1ea9139c-0508-45b1-a2b0-92750da7976f,2023-10-15,2025-03-29,1938-06-06,fb186,wG878,9477.76,M,85199,ME,Neurology,North Curtis,Approved,Routine
7a66edf9-a1c6-4f98-83e0-ee85b9b70104,79efaf46-cbd7-492e-8f18-64dca9212ed3,60163a44-f282-480e-a267-20e6b24f1380,,2024-12-05,2015-04-25,oK776,EC275,3417.68,M,97573,NM,Neurology,South Saraberg,Denied,Outpatient
0121ab83-3fda-4efd-9d50-07cb9f592465,ffe50db6-6ccd-4b2c-a43d-d01d8e232f66,3aff4ca5-a6a7-4fab-90f8-4a2d0a44b0d0,2023-09-13,2025-04-20,1942-02-19,tH848,OW006,9732.8,F,70454,CA,Orthopedics,Danielstad,Approved,Emergency
105ed33c-bad2-4cc4-8161-5e022d248341,2cd86e1b-0211-4f22-b1b0-a21e6f6949e5,4c9b9f63-0396-4341-bfc7-ac48e3f9e2df,,2025-05-22,1964-10-25,ap702,jA070,3006.56,F,32541,PA,General Practice,North Johnport,Approved,Inpatient
64bf6d68-8940-4773-aa2b-24e8c44b8d12,,70273e6d-1430-4daa-b82c-b5341f677938,2024-03-12,2025-08-03,1990-04-08,Jc419,MB782,4976.92,F,59876,MT,Orthopedics,,Pending,Routine
28497fdc-fbe7-455a-a766-99cbf89e0251,ae4caef4-6a70-4b29-b52e-5aa27b43d5c9,e4edb18a-9007-4793-a929-bfc5f6002d6b,2023-06-19,2024-03-15,1990-03-16,QB369,QF253,8437.44,M,05693,,General Practice,,,Emergency
dc16cced-c183-4b3d-9c47-0bd6e9521d90,3c3d8a27-1af6-42ad-a119-ac338d353ae9,453b5ce8-c2fc-48fe-84bd-59e943b52683,2022-07-24,2024-10-03,1979-05-28,xb764,ZT470,3447.04,F,,KS,,Port Rodney,Approved,Routine
3da2d808-4f49-4638-8031-5de4ff2f2974,7abf4d52-c50d-459f-a01d-15c62ea378ef,,2022-10-27,2024-04-22,,DC208,vO927,4594.5,F,98783,AZ,Neurology,South Kennethberg,Approved,Outpatient
f21b0a3d-8c5e-4a4e-a7e6-062555a30580,10c31f4b-3a06-4057-b089-bc141a2355ac,89e2ad2a-09ea-4883-974b-79bc922a9296,2024-06-29,2024-07-29,1939-07-13,UF456,Bx854,2963.52,,48928,IN,Orthopedics,Lake Daryl,Denied,Inpatient
3eff3dca-2748-4b54-8702-19b216313cb2,e9cf902d-b439-4d58-8ff9-5f82528e474d,f550c56c-d590-4862-9abf-3549d809ff23,2024-01-19,,2000-08-09,VS370,zW098,6807.67,,16735,OR,Orthopedics,South Marissa,Pending,Inpatient
ac713ffe-696e-450a-9f11-f122ed9fd136,08e60158-9f60-47ad-82f3-bad79ce57c0f,87139845-340a-4556-b394-1772d04d8293,2023-10-07,2024-08-10,1948-03-01,LW922,oq589,6339.45,F,59983,AL,Neurology,Port Williamtown,Approved,Routine
06305d39-de9d-407c-b5a2-ebba3d540359,e89dc842-8ecb-440b-8f55-62f5d6d29012,b25f6c88-f44e-4e59-987d-f0fe3d158355,2023-11-07,2024-03-22,1991-11-10,ZL737,jn156,5121.62,F,15502,FL,Orthopedics,North Michaelborough,Denied,Inpatient
00f7bd55-3c2d-4080-b774-4fcc6ddd27e8,e4aab41b-7ecd-4567-8fcd-6ae11f6b3fac,733f8f91-18ca-4093-8947-203e3d28c87e,2023-06-12,2024-11-19,1954-05-15,DT884,PF916,8068.58,M,,VI,Cardiology,Whitemouth,Denied,Inpatient
,55d6299d-3595-4ce4-bd2e-f12306d78da9,4f5abb75-247c-44a2-a96e-7dafede3f603,2023-09-11,2025-02-22,2008-08-20,FD847,DN990,1479.63,F,69575,GA,Neurology,Lake William,Pending,Emergency
76bf4dbb-0ba0-43d9-a57d-6ef2b8b6ecb2,4db169bd-5011-41f4-a541-d75205e1f416,af8dddd2-84e2-44e8-a7ed-52b4e66ec0f2,2024-07-03,2024-08-07,,OV896,Rp360,6758.76,M,49516,MN,Orthopedics,Michaelberg,,Outpatient
04220e25-c447-4f75-afc9-a7752ca0a6f5,bcc86a94-7a39-4369-be2a-e338a362124e,2e19fb25-c0d2-40dc-8d7b-ab2658979347,2023-04-19,2025-09-25,1999-01-11,Fp196,Ht071,1118.14,F,18961,ID,Orthopedics,West Joshua,Pending,Outpatient
ec9fcee2-8976-47ff-a3e3-4b2e64186017,f018fb31-d44f-460d-820c-4dfbc46c48af,20f1326a-5336-4c48-968f-000b997de661,2024-03-24,2025-02-26,2012-06-15,lz157,Hg768,8147.72,,46959,WY,Cardiology,Williamtown,Denied,Routine
cdf3458d-8a7f-4be5-bf67-412177a49541,,1fcaed51-d30f-4c15-8141-263d5065e0b7,2024-02-21,2025-10-23,1992-07-01,bq360,gG220,9667.53,F,66327,RI,Neurology,Evansmouth,Pending,Inpatient
27b69754-4df4-4f56-b4f3-a6e5f346466e,c5a6e0b3-4af2-40a4-86fd-1f851d61a6ee,884f883a-e259-4cc3-a9be-0fa998e9f351,2023-12-16,2025-05-17,1968-04-05,lU596,Mo498,4053.39,F,23728,NE,Orthopedics,Bentonton,Denied,Outpatient
25210911-c9a1-41b2-a722-72d218b26ffe,b08ecdbe-72ae-47da-81ad-ad879f1794d6,04e95767-2413-465b-9f42-b4a5e8c2f52f,2022-11-05,2024-03-19,1964-06-20,fY796,Jq597,1367.65,F,69021,RI,Pediatrics,North Karenstad,Pending,Routine
15e52b72-7fe2-490e-ad22-1115a3fbecc0,072aac1b-f6fe-4ce5-a20b-0be7f10a559a,e61ee573-419b-43b2-80ed-321df4ed48b7,2023-06-22,2025-08-09,1987-12-28,AE653,Zg707,,M,91180,HI,Cardiology,Darleneland,Denied,Inpatient
6405313d-c90d-4e1e-876b-6930b62a1a13,6d5d69e7-6085-4af5-8d1b-68d964b32f53,b7305d89-30fd-4cb8-b6d5-c3f276ed300e,2023-04-21,2024-11-29,1944-08-16,ml492,Do579,119.72,M,33092,ND,General Practice,Lake Jenniferville,Pending,Inpatient
82e8345f-de91-4c65-affc-b4e836c854f1,13362676-eda2-4309-860d-39291a526f28,27c1f238-343b-46de-ac7f-6601030beaa3,2024-06-30,2025-06-25,1949-04-15,ws019,ka847,2671.56,M,63064,NY,General Practice,Christopherbury,Approved,Outpatient
35156ebe-cfa9-4a86-afc3-6091d08ff909,ad4deeda-5446-4abe-8c09-cc8acd51aaae,5bfde202-940a-4857-8f59-7f291bd58075,2022-11-16,2024-07-10,1956-05-04,br129,sI589,3665.89,M,77421,CO,General Practice,,Approved,Emergency
4cbfc291-5a05-4f01-9874-f018d754b056,1cc23607-97a6-46bd-90b3-8c1edabd406e,97979d5a-9cf8-4654-8d35-039cb4516370,2022-07-19,2024-09-28,1984-09-05,yn055,YQ885,334.71,F,69854,AK,Neurology,,Pending,Outpatient
58223add-ede1-45e9-a7ac-e3cb82c425db,eb567b29-31e3-4466-89c9-6bb866d5b028,102b2956-9c1f-48c1-ba84-c587e2fb537d,2024-03-24,2025-11-02,1980-03-28,OY579,Xt802,8414.04,F,88863,,Orthopedics,North Erin,Pending,Routine
5251192e-1325-4bc9-9bc0-bc5c0cc89962,38cce24c-0557-432b-86f3-bb651e1b56a2,,2023-03-23,2023-12-06,,,pS085,,F,10831,VI,Cardiology,,Approved,Outpatient
8ecbe436-f2b2-4179-a933-d42a9b6c228d,,f496abbf-38f1-4edb-8513-76ce9897ce2b,2023-07-24,2024-11-17,1984-08-30,yZ514,du353,7448.49,M,14561,FM,Neurology,Carpenterbury,Approved,Inpatient
bfdfbe46-ccee-4ad1-a425-cf824ec49058,d046f224-992b-4505-9918-7ee38c728d55,,2023-06-04,2025-04-24,1946-06-08,Pj210,tZ954,5848.39,F,92779,IA,Neurology,Mcculloughland,,Inpatient
d1cb1015-9deb-44b8-a281-16addc9c69ea,97c2673d-8ebf-462e-a8d4-cb9ffd0adedf,bffb7478-0b1d-4daa-aa6e-62d20174bd82,2024-06-25,2025-02-06,1951-03-24,iz066,Dt986,,M,67809,VT,Neurology,,Pending,
20c110d5-38b1-41bd-91f3-3efee3dda79a,1731fdf9-9e49-4a55-bdaf-c98a7dc0f93a,219155c6-7d07-4284-9526-881bfb026c2e,2023-10-11,2024-06-13,1998-02-08,xh981,lg162,4496.03,M,67858,WY,General Practice,South Cherylshire,Approved,Routine
1f80eb22-565d-4453-a302-6987081d4fee,fada7bfe-ead1-4586-ac36-eb943aeed945,c78fe1bf-ccc9-4333-b36c-da310bf79f04,2022-12-29,,1976-11-25,Tr812,WY910,4668.63,M,32470,IA,Orthopedics,Vickitown,,Inpatient
163653d4-a9d2-46ee-9690-d00b7d2db4bc,4dbf6d10-19c4-412a-9224-00dca27066fd,a1eaca63-a5a9-46e8-b169-b10b546dcd87,2023-05-28,2024-10-11,2000-09-05,Cn280,uB686,7829.54,F,94478,WV,Neurology,Palmerfurt,Approved,Outpatient
817543c8-2592-4f3b-a210-eaf40ccb634e,833cb2c5-0657-4794-85ed-f043d9aa6d58,4968f21e-950f-42e3-a21e-4899efc14435,2023-09-19,2025-07-20,1963-09-15,bN870,QM532,6668.67,F,33932,GA,Neurology,Jeanmouth,Approved,Routine
1e588031-98b9-44bc-a94a-8c5731fa2fd9,0fbc28ba-c66b-44ec-b0a1-54d36e0908d3,416fc43b-0dc2-40f4-8400-176c158212c4,2022-07-15,2024-02-24,1953-09-01,sT882,Ja842,389.55,M,03645,FM,Pediatrics,Riverabury,Pending,Emergency
7d297b91-c552-438a-8258-c44307adda44,0e7787ab-cab5-4b52-8b49-a3e3ec174ffa,5cbbe65e-656d-41ff-a91a-708447bda814,2023-03-19,2024-05-04,2000-03-24,JE127,zI622,2749.17,F,84856,MO,Cardiology,Derekshire,Pending,Inpatient
a08e7dc4-ade2-417d-9327-95cd9f9c174a,7fca7c19-f2c7-4fb9-8395-fd30c52defb3,cd7aae72-44ab-4bfe-85c6-5961710cad39,2022-07-26,2024-06-02,1990-09-13,Qs241,ye883,7618.04,M,88373,MP,Neurology,Lake William,Denied,Emergency
8e0dd8c8-9ec4-438b-b193-31ee8be8b813,4b8627a7-fe71-4c34-a981-fdc61b7e993b,d1074553-8579-4b93-bc4a-af9100ab6daa,2022-11-28,2024-01-10,,Wz646,US236,422.01,F,91547,AR,Pediatrics,North Brittanyview,Approved,Routine
8ef98394-4838-4193-afcf-7d3bd1aadb55,97fa4329-a02e-4227-8e3f-811a3ca7d595,62fc6229-9ebf-401f-ba9b-a56368bf1c71,2024-01-16,2025-07-12,1990-03-10,UY790,vA212,6551.5,M,24294,OH,Pediatrics,,Denied,Outpatient
94f6eb78-c815-4e38-b9cf-1ba4feff893a,166be4c7-49d9-43f6-8efa-fc57ad56f13d,ef5fdbe5-c44c-4540-9895-95381e95ca9d,2024-02-21,99/99/9999,1984-05-03,jC508,pN071,7189.89,M,13750,DE,General Practice,Port Jennifer,Approved,
c890cb8a-f43b-46fd-abd1-2cf30d3a0b3a,ac631286-1484-4b2c-b07a-3ab1d67281ab,3f23d675-81c0-406a-a635-a74a51e9982c,2023-06-12,2024-09-27,1955-05-01,,bM908,3907.65,F,29434,MD,Neurology,East Cindy,Approved,Emergency
4d30fa88-a834-45e5-81a1-1c2e0a15109b,b7c83237-b643-4dfa-b546-7ffa5b7640ee,,2023-09-20,2024-08-25,1996-08-02,ZF207,cI291,,F,09143,WI,General Practice,Gonzalezfort,Denied,Routine
ce5104f2-3dcd-4f65-9c81-49d730a67e5a,cd0ba749-2716-4c9a-8fd9-aabd87993d4c,5175fa81-8163-41ef-b622-40336ea9df02,2022-08-16,2024-02-04,1940-12-01,pD639,mi920,6148.71,F,13783,NJ,Orthopedics,Garrisonbury,Pending,Routine
d1a69339-7c3b-43d1-ba20-19d4a384afb8,46cc129b-202e-42ee-99ca-ed545ab7ca23,5d38ca53-56ed-47b2-b209-fb8d37a2af22,2023-06-26,2025-09-05,2003-10-30,qw137,Pa408,3380.34,M,21591,FM,Neurology,Lindaburgh,Approved,Outpatient
885ab570-2bad-4440-a5da-8650d98102d0,6d7febe8-98b8-4a58-8a34-755700d37804,9041fffc-75f7-4717-9d75-22f3230605ce,2023-11-13,2025-06-02,2000-06-17,AQ594,,5053.56,M,11916,UT,Orthopedics,South Megan,Denied,Routine
45ecfbb2-3767-422a-a1ed-0fb3ec8feee2,1a1a8a4f-9dc1-4c05-af12-eec7fe4683b5,a3635a20-12c0-478f-b568-630bb08f3c21,2023-12-01,2024-11-09,1982-12-14,dQ830,yO837,6139.07,F,21694,CT,Cardiology,Weissmouth,Approved,Inpatient
,f4ead4de-2105-4bc0-b45f-3c6d052a4861,9d279839-633f-4fe1-b8bd-d3a09bfbcad3,2022-07-17,,1998-02-21,nJ231,uy495,4891.49,F,42671,PW,Orthopedics,,Pending,Emergency
d4f6432b-764b-4e13-987e-743e1ae48b9e,7bb20a08-83a8-4dbc-81e8-0416a7b24413,8044c40e-8a5a-437e-b5e8-2e36dee6fc8e,2023-11-30,2025-03-05,1991-05-28,ih674,oq916,-50.96,F,48170,RI,General Practice,Jeremyburgh,Denied,Inpatient
edad4409-acd1-459b-bdae-dc298638258b,b8a79b4d-3b0c-41b5-b12d-4618fd9ec5e0,9c8905a9-5f14-4481-ad79-ba0d0946669e,2023-04-07,2025-11-03,,Pd136,jZ037,2597.89,M,21702,MP,Pediatrics,Lake Bobby,Denied,Inpatient
eddad115-c5e4-4d64-9625-63dbcd34900b,,456d76a2-6a3c-4c72-b194-c3c019b4de0e,2023-01-03,2025-01-07,2008-01-25,hy595,vB447,8759.55,F,87458,SC,Cardiology,East Vanessa,Denied,Routine
f661ad4d-14d6-4c9f-8a07-cfa0e2c0d191,72a0cb40-7c06-4337-897b-9d76bdd95e56,f0a437e1-d8c9-4d0a-a177-1e843bece78e,2024-02-25,2025-04-10,1940-09-19,aD781,wA038,4451.17,M,45295,AK,Neurology,Port Keith,Approved,
740ca1c4-ff50-4c9f-9103-0ae7fb2f137c,25df9e59-3651-410f-9457-20cd97c44748,704691f8-4833-49f7-a2ff-4ed23084fc38,2022-09-07,2022-10-23,1951-06-14,vi736,RQ148,6395.81,M,,MI,Cardiology,West Tonymouth,Approved,Routine
f9e9f653-3252-4e0e-b11a-14aa00d34f62,,a15f6652-dc3d-4c2c-88ea-56a3bdb83007,2024-06-29,2024-03-03,1973-11-11,PU908,Cg426,3042.65,F,97791,RI,Neurology,South Stacyville,Approved,Inpatient
8ccc7751-a48f-485a-90c4-614f4f571fe2,44e97e5d-7c3d-4fc4-a20f-be8eb3d25297,af70b80a-fb3d-4b3f-b4c7-31c703ce30c3,2023-04-27,2024-12-23,1957-12-11,XI951,DV357,3288.58,F,97844,WA,Cardiology,Lauriestad,Pending,Routine
0e1c0c1b-f6bc-4bf9-9c07-285907e70949,504f3299-9f50-4ae7-8054-71b5a5523121,f9a883db-7b94-48ad-8474-b166b870bffc,2023-01-22,2024-11-29,1970-04-01,XA992,gX566,4356.85,M,63832,GA,Pediatrics,East David,Approved,Inpatient
4fd949d8-39c6-4c79-beb1-8fea7f7daaf1,a462d364-7a4c-4f58-ac13-f3b728c97a75,fd157ef9-4757-4e4e-b55f-762def507aed,2023-12-02,2025-07-03,2014-03-07,Bo577,hb681,3805.28,M,65561,VA,Orthopedics,New Rogerberg,Pending,Routine
4b2f6a89-51d9-4084-8a0a-153c54601a95,ac3160b0-0d26-4185-b2d5-4518819c1467,06ce0b86-3fbb-41f0-a67f-79f75824cb73,2023-06-10,2024-06-19,2011-11-25,so926,Bl418,8103.13,M,19297,MO,Pediatrics,Porterview,Pending,
e5c52e23-e04e-4810-aef8-4827b5492ab9,e08ec9b2-f4e1-4fec-9c4f-a4e908ddaaea,34d60663-5aa1-47bd-b136-8b9c3cba787e,2023-03-15,2024-06-15,2011-10-11,Ht595,qZ645,7533.62,F,71945,OH,Neurology,East Jessica,Approved,Outpatient
2f2ece38-518e-4a10-9a4f-0c1bc3c3234b,9e685956-1fcd-4611-800f-5818a1cb5bc3,c29e7442-c6ce-4c38-b38a-3a19f993968b,2022-08-27,2025-08-26,2005-03-17,,cZ916,5262.45,F,55423,CO,Cardiology,Port Jose,Pending,Emergency
ee26a7f7-0268-4ddf-a238-10527953063f,894e332f-79b4-407f-b14f-c7adc6802f50,da516f45-8064-4628-a572-c2d009911ca7,2022-12-06,,2006-03-11,eF345,Xp721,2653.62,F,46877,PW,General Practice,Nelsonton,Approved,Emergency
790ded37-9ef5-4cca-9001-ceb54172321e,,1f214663-3011-430b-a941-c21198710566,2022-08-05,2024-12-11,1977-01-31,pH935,Pl521,7313.7,M,68560,WV,Neurology,,Approved,Emergency
9390c6cc-a813-4046-a9b5-04b97a0f865b,8272ba37-aa20-440c-b399-5177becd7e74,c3ad2e86-5251-4c7f-b9f2-e64ef48c2c1b,2024-06-12,2025-03-17,1994-09-17,hB905,Ov669,5056.18,M,53478,GU,Cardiology,,Pending,Outpatient
d28ee890-3c2a-4352-a0e1-76b67d6bb583,a5c1d6fd-a93b-4b58-a0c0-d1396af2d3b8,2362a1e1-5b1f-4394-b402-2a013bb2828a,2023-11-07,2024-07-24,2001-08-31,bp045,Ei622,3517.4,F,34393,VI,Orthopedics,Lake Tammychester,Denied,Inpatient
1f36d0a7-7618-433a-81bf-d84dfa05deae,6507d66b-2b66-4cd5-9feb-a2e581c9a5d5,,2023-06-16,2024-11-05,1964-07-10,kJ589,wt303,4384.44,M,05639,IL,Cardiology,Emilyberg,Approved,Emergency
60e1d4a5-2ff2-4504-8646-2cf3f95a0ac4,5ae07ca7-cf6e-4e96-ad6d-d692a523504b,61fb5a85-bd29-411b-99c6-cede84c0f8dc,2023-05-17,2024-06-17,2002-08-27,gO347,Ae829,6972.09,M,69784,VT,General Practice,South Makaylafort,Approved,Routine
662e2187-cafd-4b42-ac34-baa2668411d7,93fb7b64-8993-40f8-bc7d-8e9350399054,aea1c8f6-7ef0-4b37-93ee-305ad982ce77,2024-03-16,2025-03-27,2012-09-23,gV650,qO591,6708.82,F,19252,OK,Cardiology,Lake Davidland,Denied,Emergency
72a733c9-2165-4518-bfde-14956ab6ed66,83387a41-860d-4618-a6a6-455e1ca4c1d7,f59a8257-3649-420f-99ae-cad64c519c4d,2023-10-13,2025-01-07,2012-04-19,,Xc462,6621.21,F,91363,MH,Pediatrics,East Teresa,Pending,Routine
d09f12db-2251-4331-9a3e-b804ff97cc5c,002e8db4-4731-48c5-8b65-241f0f20b726,a1eb64b5-0b26-49a2-bc27-060d0814a984,2024-06-02,2025-06-18,1950-02-04,YB851,Zo803,802.23,M,78311,IL,Pediatrics,East Johnbury,Pending,Outpatient
86156ec8-170d-4d38-97cf-b99809b8ab19,393e139e-eb94-4d91-a743-6d7a80cc9537,8711c732-6975-4ac7-83e5-6028014d72b1,2024-05-07,2025-08-07,2007-10-10,MH216,cQ376,5025.64,M,05609,CT,Orthopedics,Port Shannonmouth,Denied,Emergency
432f4e97-6f75-43cd-a96e-fff6e04307d1,9c5915a5-4082-40be-bd90-a62469b64b1e,eabe6f65-9501-4cdb-a899-219aac208d33,2024-04-18,2024-02-06,1948-10-22,bA075,qK385,7642.83,M,72674,NJ,Orthopedics,Josephville,Approved,Inpatient
697dd30c-e156-416b-91be-fcc46458ffb2,70aa832b-316a-495e-9dc6-d701ab941fd7,0f1a34c5-4dfb-4e15-895a-c4385a3406cd,2022-11-22,2025-01-03,1951-07-30,uC539,hC059,6682.63,M,99817,AR,Neurology,West Daniel,Denied,Emergency
99ee60e3-7940-4361-852f-7c756e5d08d2,2888886f-da09-4aee-a7dd-2355ef2c537b,ae35daea-f346-42d6-b842-db1f9bd1ef90,2023-04-13,2024-05-29,1946-09-20,MS994,HY383,3598748.37,M,28035,AK,Pediatrics,South Christopher,Approved,Routine
7461bbc1-f6cd-4b56-8c86-4970c2d34966,aa439635-0ac7-476d-9ef0-b1018b14c5ff,79966220-bc10-439e-9d96-a4f427bfe5fa,2023-11-13,2025-05-25,1983-06-25,oz907,tM626,3634.59,M,35533,ID,General Practice,Williamsport,Denied,Emergency
d424537f-eeb0-4cf4-b73b-290fde10bd90,b9d060d4-cc95-4e14-9c1e-6541274aa36e,c2d86535-7f84-472c-8d21-91e8350af1e8,2024-06-21,2024-08-27,1954-04-16,KY392,Hw041,6833.11,M,69308,VA,Neurology,Port Rebecca,Approved,Emergency
b6c64c93-b728-41cd-a45e-0e944da9e3db,22b209d3-7bf0-4d62-ada6-2a43cafc58cf,76e5bffc-f420-42c0-8482-83308b1f0602,,,,Xc498,Yv622,8034.31,M,17812,PR,Neurology,Cookbury,Approved,Routine
31c4050d-a633-4ebb-8e72-a7f788b7b857,15b4d67d-b48b-4991-bed2-3ca61f9d850d,0474b7fa-b24a-496a-a6f5-f37ecbdf9f8f,2024-03-25,2024-10-27,1947-02-03,EH638,qt819,5985.32,M,15562,MS,General Practice,Angelaside,Pending,Inpatient
d060e14c-aad5-495e-abc1-21e1f984a03b,2220835a-361e-460c-973e-af5e38a1ffc6,870a8d57-f707-4c81-b130-fa40da0710ce,2023-05-10,2025-09-06,2001-07-20,zF868,VX123,3471.98,M,60110,MA,Orthopedics,Port Ricardoburgh,Pending,Inpatient
3c38b5a0-8df3-4b9b-86f6-b441097fefe4,8e9fb40e-658a-4ea3-8eb0-e47308834327,61df835b-0233-4a6c-ab27-9cd83ae12883,2023-11-11,2025-03-26,1980-01-23,Ke084,Xy943,9683.96,M,54303,SC,,Kirbyport,Pending,Inpatient
ba73df54-a283-4945-936a-bbe7cff73cca,2146645d-6992-491d-9f32-f00e9211730f,3cdf44be-ef58-4298-bf87-c99d186a06d2,2022-08-25,2025-04-25,1950-03-17,wy194,NK961,3853.03,M,01129,MD,Pediatrics,Aguilarbury,Denied,Routine
a949e4cf-8f82-457f-8f87-9d9cadb107a7,77945383-2b1a-4538-9e61-80eed8ea0544,b20b96f8-6918-4281-a988-849f0aaee78e,2023-12-26,2024-10-08,1985-10-24,dg595,HY272,3282.81,M,38254,GA,Pediatrics,South Vickie,Pending,Outpatient
,9ffd3430-b9ed-41a6-a63e-5350e305b549,0714c435-586c-4c46-ad15-b0a9c2aa62c4,2024-06-03,2025-08-13,1980-01-30,OZ495,TY027,9965.61,F,,MA,Neurology,,Pending,Emergency
,b377b019-f154-4e51-9c10-23e69d7b4aaa,3309283c-971e-4a69-b4d2-b796603f5dc3,2023-12-17,2024-03-31,1961-10-10,va695,gl685,8919.47,F,,TX,Orthopedics,Port Dawnbury,Approved,Inpatient
b84f8ebc-ef4b-4e84-a3be-fdcc17cf2069,51973ed2-ab5c-4651-bd14-ee5d071e8b03,e5145c74-29a9-4a29-a1ef-91161cb1e57a,2023-04-16,2025-11-18,2012-08-26,Lp932,Ax479,2638.98,M,40972,GA,Orthopedics,Port Kevin,Denied,Routine
2f471fcb-c575-4e92-a86c-32f74e11337e,ea03cb15-7748-4a65-a278-d5cfa2ebc7a6,aab161ec-d2ec-4a95-8201-34cd4c798a56,2023-05-10,2024-05-09,1977-03-31,Ne084,TB783,9901.53,M,44340,MH,Cardiology,,Approved,
5b0907c5-682c-4b7e-b979-8198ce7874da,6488ec2e-4679-4b5c-8259-970d65aded39,ef6f717f-c10b-43ac-8c7f-96b74d76f6aa,2023-03-02,2025-05-23,1973-01-29,fQ929,Sh960,3742.61,F,75475,ID,Orthopedics,Andersonfurt,Pending,Routine
de5ecee3-e752-4472-9f4e-d38ad641453d,ede9b952-4383-4769-b6af-e735de50094a,25c6ed04-db45-4d2d-bbdc-0dee42e0e8f5,2024-02-15,2024-04-18,1964-04-26,kw457,gR863,942.52,M,15199,NM,Pediatrics,Jeanhaven,Approved,Routine
cc899b5c-fe7d-483b-bd73-19c5cd69daea,cb535d80-4688-4ef6-b0a8-ed6305f68373,bb9dcc51-f948-4a35-9388-582b7e89a104,2024-01-17,2025-09-11,1953-09-25,Xj655,di839,,F,43014,TN,Neurology,Griffintown,Denied,Inpatient
07b05ff7-654e-4bd6-b17b-f89a381d940a,72e6f95e-3ee3-46d6-9452-1ba386d62d7e,e70527e0-8578-4f52-ae17-d5504ba2ed4d,2023-07-01,2024-07-21,2002-01-05,GG151,aw739,1330.54,M,68559,,General Practice,Christinahaven,Pending,Outpatient
7f5a630f-f303-4b77-8617-0ea2093b8069,5e845b1b-effa-40b5-9bbc-0057ff139e98,89bf6c2c-4b70-4b7e-9599-8e2a66628174,2024-02-15,2024-01-08,1938-12-05,,dg118,5244.16,M,59882,NC,Cardiology,Port Amandatown,Pending,Outpatient
1826c584-1ff7-4dff-a399-c00bd446fe00,c920d4da-1577-4a09-a4c0-0575f8cfe026,ac7eb5e5-1a78-4296-9173-f89ef5c74fe0,2023-08-03,2025-03-15,2006-11-14,YD746,,290.0,F,04816,,Neurology,Lindaport,Approved,Routine
,9fd65bcc-9987-41d5-96b9-60b975827b60,0dd86151-42f9-472a-bd6d-842811b3655e,2022-10-18,2025-11-05,,PU352,QG635,7820.77,M,56146,AL,,Rodneyport,Pending,Emergency
2fa9c01b-0aee-47b3-9042-9a84321f2769,3ebf3e8a-98a0-4807-96b0-e7232078e891,8ecab0f4-c4eb-4966-bef9-2440f362e40e,2024-06-17,2025-03-09,1953-05-09,tf092,XG751,4212.89,F,66370,AK,General Practice,East Jacobview,Pending,Emergency
2f148a6f-421b-42e9-bc41-1e1ebdf5dc35,3cb6bcce-c3aa-4be0-8f72-8bb70bdf989c,e9d0af4e-fa56-4a42-abb9-86e918c9a695,2023-05-10,2024-09-21,1940-11-12,Gv596,HO199,1730.59,M,67122,MI,Orthopedics,North Anthonybury,Pending,Inpatient
9c213d1e-43c4-495e-86da-305af8d3a3f8,8643ea5e-4e18-4437-a827-a7fe815e2a06,e1d109dc-f96d-4bd8-b1e8-5366eb2c5b3b,2022-12-22,2024-07-30,1985-09-14,dY073,,7936.43,F,39802,IA,General Practice,West Lisashire,Denied,Inpatient
12bdafba-3c1e-47e3-ba90-222f7fa04702,eb64bf6e-d6b2-4e6f-b8ed-8ce4aec679c5,5f913dbf-07ae-4c34-ac95-32a00a39117a,2022-12-20,2025-06-16,1983-03-20,RI469,,914.5,M,19814,FM,Orthopedics,West Jeremy,Pending,Routine
ab06625c-82f9-4841-a37f-134ee1823ad5,,453e55c8-a72b-4b07-bcdb-466f8efe8022,2022-11-12,2025-09-01,1987-09-20,,SU632,8719.82,F,84097,MA,General Practice,South Justinchester,Approved,Emergency
d5678e4c-8f9e-4f3b-bb3c-8357694af1de,a01af370-e0cf-46ad-8b0b-40ed9d5fe923,9e7c8af7-5496-46ad-82f8-69e36497bf09,2023-04-24,2025-04-28,1998-02-11,SS552,jN040,8649.12,F,60317,AL,General Practice,Woodmouth,Approved,Routine
a5b5e8d1-bdb7-4b3d-aafc-77c3649d081b,3dd37a11-e661-4002-bd58-ccdf44cca3ea,7ab2cba4-b97c-4d34-82a6-d64ddd15c13d,2022-11-03,2025-04-08,1947-03-15,ex239,Vm538,6602.12,M,23576,TN,Cardiology,Anthonymouth,Approved,
,d982f4b8-468b-4bfd-b0a5-e37502921d43,4e1e9b89-9c34-435f-9994-18cbfa6a1377,2024-01-01,2025-01-09,1964-01-03,,rF406,8786.95,F,44507,DC,General Practice,Catherineville,Denied,Routine
7dd8bf88-f8fe-4ee2-8eed-f08d703a4f60,ad1dc2ed-f878-45c4-8e38-def5a79c756e,17ee8a80-f8d6-4d0b-b00f-8f6d5bb65dc0,2023-11-18,2025-03-11,1952-03-30,12ABC,KX963,9518.89,M,84684,NJ,Neurology,Port Angeltown,Denied,Inpatient
b0a1fb12-6cef-4495-802c-41ae751a3118,8af273d8-6a88-41b8-b994-ade052bc1e41,0c5a9ead-b879-497a-b1c5-87ea04ccf767,2023-10-12,2024-06-19,1970-12-10,rt256,gG355,7745.22,,60282,NM,General Practice,Walshton,,Inpatient
73fe8baf-7689-421a-962d-e3992b67e546,50190ee4-81f2-4f39-85e0-de57f69cb2f9,dc3d59d2-e1f1-4314-b276-bb4ae84b37e9,2023-10-24,2025-02-23,2006-05-23,,RD702,8675.14,M,81827,,Cardiology,South Andrew,Approved,Inpatient
fc6757e8-b150-46ec-a4af-88121b9664e5,9408458f-266a-49c7-a62f-5415830a926e,c78d771e-d8a3-4c71-863a-079813ca3440,2023-10-21,2024-08-14,1948-08-18,ZP047,hp621,2548.67,M,96323,FM,General Practice,Lake Tamara,Approved,Inpatient
15ac3e50-9f2f-4b18-afdd-b123be1af714,fc4d3cd7-4156-4c10-8fcd-09aba13c439d,b24a9e8d-9bf9-4d69-affa-99fb882b62cd,2023-03-24,2024-06-07,1975-05-28,iZ386,Rt138,8844.41,M,91594,OR,Pediatrics,Hawkinsberg,Pending,Routine
5afe72bd-e6f6-4ae1-9508-9523d0ddae50,2fa6a3db-263d-4c62-bbf9-35962d9bad14,f5177868-cd41-4800-9e30-0815daebc921,2023-04-25,2024-03-22,1946-10-17,uQ702,hS703,6482.98,M,26480,NC,Cardiology,Port Leslie,Pending,Emergency
94e281f9-ea5c-4c14-9c8d-43076fa4e103,b0880b24-2a46-4bf1-969c-96f829213a78,22d0bed7-6f4b-4354-bca9-0726a1e84bc3,2024-04-27,2025-02-08,1993-12-03,wZ706,AD818,3740.82,F,79102,VI,Pediatrics,Lake Jessica,Approved,Routine
c841b677-7590-4cef-8847-62afb0c6b0d8,107fd25e-ebc4-4c4d-a80b-db82a3f2aa7f,d25249d1-ce2e-4bcb-b4d9-df17e4b6154c,2022-11-23,2024-02-17,1961-08-05,JM128,JU474,9497.8,M,54976,MA,Pediatrics,Michaelville,Denied,Routine
81e3e694-b401-4084-b6d6-8338c072bbe4,d32bdd97-3d19-48e6-88fc-c27a6c45c0a4,,2022-12-03,,2005-06-07,SD786,la643,2164.25,F,38114,AK,Orthopedics,Christopherview,Denied,Inpatient
d68e7172-ded1-4f63-a1ca-16e7343ccb6f,3eed8dfe-78e2-4a4f-8770-c1733acf5a7c,7ac2dba7-06e6-4c0b-93d0-615095e0a097,2023-06-13,2025-13-40,2011-07-07,WM999,Hv225,,M,87324,IN,General Practice,Bakerberg,Approved,Inpatient
,,22e276f9-f59d-48d8-950f-b5e947fdf6ca,2023-05-23,2024-06-20,1961-01-14,ul419,en000,330.39,F,,TX,Cardiology,Ericmouth,,Emergency
9a9ee11f-1c23-454f-a0fd-dd7aae8e56bb,60ebbad5-3a1d-4301-8ac5-08cd6d071b4d,,2023-04-18,2024-06-17,2012-01-30,Ft678,Jv409,894.31,F,07634,AR,Cardiology,Holthaven,,Inpatient
7aa205c6-5e81-435d-81d4-73677228bb07,a53aef4a-022f-460d-9896-072c45f87cf4,6793bee1-d136-44b7-94b4-c95800edb982,2023-02-07,2024-12-24,1950-02-03,Sw332,qa418,4224.0,F,30846,FM,Orthopedics,New Kathymouth,Pending,Routine
8a80a48b-af5e-4b30-a724-2d721b936bc9,5981b53c-e59a-4282-8068-c0c7577ba1ff,9cc90977-f027-4588-913a-e8dae1babfaa,2023-02-10,2025-11-04,1965-09-12,pA249,tn878,6016.92,F,,UT,Pediatrics,Thomasburgh,Approved,Outpatient
fc6757e8-b150-46ec-a4af-88121b9664e5,9408458f-266a-49c7-a62f-5415830a926e,c78d771e-d8a3-4c71-863a-079813ca3440,abcd,2024-08-14,1948-08-18,ZP047,hp621,2548.67,M,96323,FM,General Practice,Lake Tamara,Approved,Inpatient
9158f29f-67e9-4d39-99cf-db85ef1e1b0a,95965413-13de-42bc-850c-4fbd4af26cab,455f5918-e32f-423c-a654-58976ad3d7c8,2022-10-05,2024-01-28,,HI741,eX682,9312.89,F,02232,MI,General Practice,New Heather,Pending,Outpatient
32cf6411-754d-441f-8ba2-5e75e089a120,7f7e6096-0279-4c93-89ec-8eb823fecefb,b3636854-cafe-433a-802e-0970b6d43ac6,2023-09-11,2024-02-18,2012-06-10,QM210,oO795,8484.18,,24155,,Cardiology,South Danaton,Denied,Emergency
a1733f96-0652-4155-9d57-b95ca8401889,ee988a8d-f591-4481-8c46-1759cea6b2dd,ce33885b-7f25-4247-8a9a-81e13f982519,2024-03-17,2024-05-23,1947-01-28,MR438,rS355,7039.59,F,81635,MH,Pediatrics,East Genemouth,Approved,Outpatient
be4c2f48-e512-4a4c-8e4f-6fa7d74ec648,70a737ad-9462-4256-86df-8d2e3469a185,e986b0e3-737a-4f52-9712-e8bdc4bfe731,2023-11-03,2024-11-06,1936-07-06,vZ450,Hp407,5595.34,M,03964,WY,Pediatrics,Lisastad,Denied,Outpatient
0710afad-02b9-4955-9f2d-18015ec66be4,6f141a73-8093-4398-95a4-a21cdf39fc36,b08ca9e0-d3cf-4a0e-bd61-6dce4852db51,2022-11-16,2024-09-04,1973-08-07,PK541,Ap335,3186.05,F,11498,MP,Orthopedics,North Maria,Denied,
59652504-449a-425c-b3a0-ee96495e12ce,12e5b3bf-e176-4d87-adda-8656517ac6d9,0b62d61a-44b4-41e5-9563-8c6235d05422,2025-13-40,2025-07-13,1979-11-28,dC647,Ot111,229.64,,43528,PR,General Practice,,Approved,Routine
122ae6fc-5fcf-4d8a-9796-1a4c4aaca56b,7f3378a9-0d3a-488c-ae24-c7960526c1bb,38c5e7bc-64bf-4892-9427-c194f8205fbf,2023-11-13,2024-12-10,1950-05-17,hJ699,,4311.82,F,31857,GA,General Practice,West Chloe,Approved,Inpatient
b8833a85-e52f-4d8d-85d7-92e3889a0857,120ae5c7-0430-4d43-9806-0b3a2be5d150,45787215-3300-4c8b-ae36-0c6f8f3d43da,2023-12-26,2025-09-16,1978-10-31,PM587,Vb285,1690.73,F,63732,RI,Pediatrics,Harrisview,Approved,Routine
dc86e6ce-59fc-4f14-928a-470c6e1febe3,777fe312-104b-4cdc-85de-7d75b8458870,101d68dd-3e1c-40b3-8d37-52efea352c9b,2024-05-07,2025-08-12,1955-10-17,CI088,xs318,5949.25,F,81796,TX,Cardiology,East Tracy,Denied,Outpatient
5c2199cd-d223-4f6d-b0db-36c1050df4da,47f2b4e6-4cf6-44a7-adb2-4282bd542cfb,cb9c16e6-e07f-444e-b329-4e9cab2e48b5,2022-07-27,2024-02-18,1938-06-19,Uq016,at021,4087.12,F,05183,GA,Pediatrics,Mosleyton,Approved,Routine
c55e8445-2576-438f-8301-6e09898a56fe,36775fa0-e70c-41f2-bbc8-e9fe5665ff45,1a9d307d-ad7c-4dd1-a8d1-a37b1696a43d,2023-06-14,2025-07-19,2008-05-19,ip834,NJ497,7972.34,F,86110,CO,Orthopedics,South Patriciachester,Pending,Inpatient
defaeca7-ee81-4e4b-8527-9b78d7edf312,4f459673-cd8b-4151-a678-95e36d6d59d2,0855ef7d-6950-4851-97f4-d49d3c33923f,2023-02-28,2024-01-03,1953-02-08,Ck291,Br548,1846.23,M,13343,WI,General Practice,Gonzalesmouth,Approved,
4cc96fd0-b8f6-4991-b0fe-17201b5c66d3,9d62cc51-6f35-4f8e-9d44-8047d08f402a,b9ace665-bf2a-495a-92ad-bbb438c1ce84,2023-02-19,2025-07-21,1971-10-02,Jw219,wg758,578.79,M,44844,RI,Orthopedics,North Martinside,,
08d219af-cbe5-459f-82bc-7d65d5206102,05a317f7-e248-43db-a8da-1e212273be94,df86c421-325e-4ba5-8058-da41b1ba5743,2022-08-24,,1973-02-20,jI638,rU925,771.59,F,37113,PW,Neurology,Port Brandon,Pending,Inpatient
ab250b17-9bd1-414a-b7c5-a2653301b58a,8f1cf4c4-8f40-4e00-b45f-251aef01a3c7,c57e5d88-dc67-4437-b425-22720c6a5331,2024-04-17,2025-05-07,1956-07-10,Bc764,sI343,5682.54,M,51523,XX,General Practice,New Stephaniestad,Pending,Outpatient
743c749f-9d66-4ef5-bdc1-01b6f9a6c524,93cfdb88-2a07-42c1-b097-f3e1b2d1efcc,1490d442-9259-41df-963f-1c55977b3de1,2023-11-23,2024-08-12,2009-08-06,On502,IJ243,3492.19,F,69481,SC,Pediatrics,Alexandratown,Denied,Inpatient
a6d6b561-0207-4622-adca-2864516e0869,47f44b25-e85a-40af-97d4-e6570bef6fb1,adc04dea-ac22-4dd7-9f49-0f1c52b23fdf,2023-01-26,,1994-07-20,GV425,mS175,3522.11,F,95773,AK,Orthopedics,Carrollfurt,Approved,Outpatient
7af8f7fc-3c30-476a-ac55-f14a3d371214,ec50cc8f-3402-4057-be15-98633a941c0e,3df395a5-153d-411c-97fe-a18d5a683225,2024-02-06,2025-09-07,2006-01-01,HK066,cp257,,F,16915,,Orthopedics,,Pending,Inpatient
e70bb4cd-5428-4892-9c80-e096f9bca660,ea4176b6-6a89-4b9f-8382-967d2a93d70a,6a4d3187-ff7d-4144-af8a-207048467eab,2024-01-15,2024-07-24,2006-05-12,kG458,yj756,9385.86,M,35131,MA,Pediatrics,West Loganfurt,Pending,Inpatient
10ecddfd-f29b-4dd7-ac9f-75d61bec2739,adb19046-d9bf-4cce-bb6f-6035069cbeda,,2024-02-17,2025-02-23,2025-02-16,AY326,Rb250,7460.73,M,71023,ND,Neurology,South Jason,Pending,Routine
7692a968-e798-40ec-b1c6-29ad362ad5b9,00392395-9639-40c0-9b10-432312cdf7ae,b30d470d-a64d-4ae5-af7e-a1d5a383f723,2023-02-05,2025-08-13,1987-12-28,Ky337,Ku326,1648.73,M,31671,,General Practice,South Steven,Approved,Routine
6097fc1f-18ea-4ef6-a984-2ddba8b9ef9f,85676689-12d0-460b-b786-6fcff189afa6,8fb86c2e-6651-42c7-a49c-18fe2303decf,2022-12-30,2023-12-06,12/2025/40,BR317,,679.65,M,77603,KY,Cardiology,West Thomas,Pending,Outpatient
72d23ec2-cebd-4e32-9f89-822cb7312d43,58d2524c-4332-4cb1-b458-7790ba7e980e,aee32d8c-8a1d-4f8a-9dec-20aaef13f5be,2023-01-29,2024-09-19,1953-06-07,CH748,lJ328,4709.42,M,39445,GA,Orthopedics,North Todd,Approved,Inpatient
c366e837-eb9c-4f76-b5b7-b37b5c879ba3,0ccbc558-8515-4e88-b1aa-f338ef1b88bd,304b0cb4-3ec3-4a97-a009-772a64b81994,2022-11-13,2023-12-06,1957-06-06,AX436,St564,3782.98,F,72863,DE,Orthopedics,New Ericabury,Approved,
9552ee2c-28eb-4066-9453-df121eeef0bb,a099baa5-b2a3-4d09-97af-eb13909a3511,af443cc9-22e5-4cdb-8990-51137233419a,2022-12-15,2024-07-01,1945-12-08,sC794,uN658,6669.02,M,,NJ,Pediatrics,Nicholasport,Approved,Emergency
de9a27d6-7f69-4af3-b1dd-34701bae46ba,d90961ee-30fb-4104-a4ea-da4975d94644,e1be09a9-affa-43cb-aab3-d0797652362f,2023-12-21,,1966-10-24,VF076,ne210,4907.34,F,67411,OK,Orthopedics,West Mary,Denied,Inpatient
daefea3d-ca24-4f63-9852-ac9503d821b6,59dacb9b-7176-4d57-88a3-55cdc4b12ff1,fe385810-399b-4539-b617-c0b29f1d128e,2023-08-07,2024-02-13,1944-05-28,zv477,Hv402,1130.67,F,,CO,Pediatrics,New Kristinaville,Denied,Emergency
d794e925-a396-4e1b-adbb-a99651b61fe2,37a0cff2-d308-4eb8-8f76-2a29c3d638a5,d7fd5eb3-7894-4881-908a-c6f695a5e157,2022-09-13,2025-06-28,,YN464,MO724,6684.05,M,32183,IL,Cardiology,Boothmouth,Denied,Inpatient
dbcd5a93-a827-4d30-8334-10bc41e3b744,7dd25c5c-3611-4c86-9d1a-6aef3f72f795,bab148fd-c340-4352-8c8f-1fc7807a80c9,2023-08-20,2024-01-06,1967-07-11,AO614,LM397,6911.65,M,21391,VA,Pediatrics,Kariton,Denied,Outpatient
0ee7a87b-167c-4945-9b11-9819f8be2697,f9bffe81-b649-4f58-997d-cb773ae8b2c1,0562e6c6-ee94-43dd-b65a-3c20359223cf,2024-06-09,2025-01-14,1980-10-20,hW109,Yo099,9016.95,F,63678,NC,Cardiology,West Sonya,Denied,
3ef72a48-23b1-435d-b19e-5ab0e6c87956,d8c5777a-e841-4d6a-b0fd-0589fead60ed,568c9acb-3236-4272-bf3b-95ef01502787,2023-08-28,2024-10-04,2002-09-27,Hw972,xK704,6362.96,M,32854,ID,Cardiology,South Erinburgh,Pending,Emergency
685f47ca-4325-463a-a04f-b51b9d7ab129,2daef995-87c0-4d9e-a350-b779173f17d1,56909abb-8477-478e-afc3-d7edc57a7de6,2023-10-11,,1981-05-03,Hp140,aD655,1457.39,M,37918,CA,Cardiology,East Victoria,Denied,Outpatient
909daa28-f9ca-4944-afe7-4bcec5aa124a,efb5cdb2-cc49-4c46-8e33-39c08dc366ac,3ceba78f-89be-4fe2-a1f7-a553bc02f89c,2023-02-09,2024-07-07,1975-11-29,Ce351,,2015.01,M,13238,NY,Orthopedics,Nicoleville,Denied,Outpatient
d3e1cb4f-6b3d-4b3e-a805-92227898afae,7c2357e2-989d-4663-a54a-fd70accc0aa6,e112223f-0d03-4c60-b3a1-54f4b1f925e3,2023-11-24,2025-04-28,1941-05-25,Nr530,aU839,,F,92124,AZ,General Practice,Brandonbury,Denied,Emergency
2c34e2a2-c11a-4708-877f-6afe11165ba6,58422e26-ec39-4860-8254-3e10644e9267,cc2a2520-8258-4287-8dab-716d35148e8b,2022-10-01,2025-03-27,1971-05-21,YM449,NO051,6303.27,F,87677,GA,General Practice,Leshire,Denied,Inpatient
25d86a51-cc9a-40a3-8085-b32b0b5c3bb5,ec36e939-2fb7-428a-95aa-9aaaf593733b,908de3f7-0a58-4e50-a3bc-1565f8f9ee04,2024-01-06,2025-09-03,1972-12-15,pn432,lb918,5684.33,,16047,NH,Orthopedics,Cunninghamfort,Denied,Routine
26496a39-59d3-4964-8b7f-a5bd75ef4e03,cf20e889-727e-4a32-9c8f-ef6bc18c8382,096f2039-ef0d-4d70-9001-e03aa6ace45a,2023-09-20,2025-05-09,1967-02-08,GX267,XV700,4606.2,M,60946,MO,General Practice,Kelliport,Pending,
159a7aa6-2c02-4dd4-9277-1b3759bae244,3770d4df-939c-42dd-a3d1-a2d76d5da2a8,d8fb527b-5564-4e47-9feb-2b1a261dbbae,2022-09-24,2025-05-30,2015-09-02,mZ519,Xl895,7507.02,M,84018,PR,General Practice,Port Danielle,Pending,Inpatient
583aebaa-ba96-4f55-ad62-af5080f7a0a9,488e3ff2-d170-465b-a27a-6a34aeea6e3a,8f7c2c4d-de6e-4048-a987-ff71b72323a3,2022-11-10,2025-11-23,1948-10-13,IW763,Wq534,714.21,M,06108,,Neurology,Christopherberg,Pending,Routine
7d744721-e6c9-4bb7-89b9-9ed538884d85,1a25d7f5-b48c-44f2-945c-683806c6a12c,40a198dd-42e7-4118-a47c-e2f59e0635bc,2023-03-05,2025-09-14,2009-11-27,uD651,Pr310,7176.06,,42564,LA,Pediatrics,,Pending,Routine
36cc8f37-d69b-4f50-8c20-3981a24798a9,000f4454-0d12-4a00-8cbd-943e3730f99b,2c065937-c944-46e3-b211-747cc99ce7fc,2022-09-30,,2015-02-17,la645,gl320,6122.36,M,16521,NY,General Practice,Bankshaven,Approved,Routine
aabb0b56-3435-4948-ac79-faf4d459e73a,65748674-e1b9-4601-9aec-52d0b0e6f041,4a5db19b-f1b3-4ef2-b0ca-bb02105050bc,2023-07-07,,1994-06-01,Pj418,iY704,2313.6,M,12A45,CA,Pediatrics,Andreatown,Approved,Emergency
b3b1fe4a-0738-4f19-84ba-f46cddc3de9f,ddc1e2fe-3e98-4a1d-83ae-b3b042ff5ddc,31ec2716-fa7f-44f9-961f-bb14aefecfdc,2024-04-07,2024-11-06,1979-10-17,TD861,sZ218,3304.42,M,05483,KY,Pediatrics,Gravesside,Denied,Outpatient
7c1eef85-f75a-48ba-a1c6-d2e49219d47d,68f99e4e-4009-4a64-b037-5cd8b1c94782,1c5ab10b-4bc3-428d-b023-b91aa676f01b,2022-08-12,2024-03-02,2000-02-19,As164,nh552,1237.84,M,61458,SD,Neurology,Bergershire,Pending,Emergency
bc9cd06a-1fad-44cc-beb0-6e612d359a04,39f6a3ed-de17-4711-bcda-6d0ebf6f87e5,38debbca-f022-4c31-80c1-11840ef8455d,2023-11-05,2024-09-15,1954-12-12,ZY297,ed706,471.95,M,33980,RI,Neurology,East Mark,Denied,Outpatient
0709efed-cae1-49bb-bbe2-7f75bda01b49,6b1cb3a7-17cb-4c44-8b8b-2b4186b54650,eb471e18-41da-4f1f-881e-b6d1bafc8aa0,2024-04-11,2023-12-14,1989-09-13,Wn696,NK595,9995.62,M,73752,WA,Neurology,Jacobfurt,Pending,Inpatient
5b213a0d-99a2-4153-b5b6-c2e50cd1a01a,a07a2dda-b5a1-4151-8d03-3e32ca49a9be,5a52e0fe-27fe-4788-99a0-8a67d18f73a5,2024-03-03,2025-02-11,2006-04-27,uW288,ZA495,624764.01,F,94471,ID,General Practice,West Jessica,Approved,Inpatient
71e2f901-9ccf-4f56-9c8b-289c983a6b7b,67660af1-485c-433a-8dbf-e5a481d9092a,574dca4d-f72c-46f3-9a43-f9012e5f827e,2023-02-20,2024-11-18,1970-10-27,,Ba592,2038.2,,76721,FM,,North Dennis,Denied,Emergency
ef56886c-4576-4a06-bc1a-a966cb5c33b2,249db6b7-b412-45ff-843d-b7cad41919a7,25712c82-074c-46c7-9959-f285d258e359,2023-11-13,2025-06-05,1984-06-08,Yk271,Si911,7054.4,F,16522,,Orthopedics,Alexisberg,Approved,Routine
af301178-4608-4ebe-b53c-b540745028fb,19a18b98-0a3f-4848-8af8-90d7ec443b65,95b373c7-44ea-431c-9aaf-47fa48f61f2a,2023-02-25,2024-12-20,1986-05-18,bb363,Ww837,,F,56045,UT,Neurology,Rodriguezborough,Denied,Emergency
033b2265-acf2-4efe-a2f8-26ba42a2a5f5,fc065adb-7e05-47d5-a5bb-c46711776ae0,df2741a5-f366-4dfc-bb2b-5dd01b0f5952,2023-04-10,2025-11-17,1937-06-25,Ti297,Hh498,6761.43,F,60549,GA,Pediatrics,Lambertville,Denied,Outpatient
a2e2e2e6-cb82-4221-8668-caaf7c2466f6,59e6ae00-be98-4292-b12e-148fb8e38646,6715d6e5-6dbc-4e8f-942d-f0dfc6fca511,2025-13-40,2025-06-08,1982-07-05,iW602,eC289,4194.14,M,61832,KS,General Practice,Frazierport,Pending,Outpatient
a87664a8-86fc-4dc3-b7c2-b1af18dcae38,,ae83e805-44c7-464c-a370-7f5d35d49468,2023-09-12,2025-04-06,1947-02-28,,CL739,143.2,M,06958,,Neurology,Davisside,Pending,Routine
7fba746c-7a88-4a63-9f5b-292d8c6381fe,5fcd6c10-9036-4149-8d0f-469b6498ca05,da0105b5-acb7-412e-9e9a-cc0285016256,2023-03-25,2023-12-04,1939-08-04,kQ653,Vq461,1286.92,F,85337,MH,Neurology,Terriland,Approved,Routine
155bdc5d-60c8-423e-9963-ecdb192c28f5,fff413fd-7e6c-4053-b35b-b356f5c1eab1,73f6a91f-6724-4f49-9fa6-c2a7e0c29f06,2023-06-20,2024-03-25,1963-08-28,XM328,BU131,9478.11,F,90918,WA,,North Alexis,Pending,Routine
9adfd8b6-948c-4bea-b165-f549b4da6dc9,cf2a979e-44c6-43c5-901f-79054d392338,0c767e84-1069-4df4-8a82-dfb186783a56,2023-04-15,2024-10-17,1950-12-10,ag541,BD513,6207.58,F,68434,LA,Pediatrics,East Christopher,Approved,Emergency
ad20f272-988c-42de-8f4a-96ec57d2aad2,08af23ad-7fc2-4f1b-a097-d73c44aa9f38,,2023-12-27,2025-04-28,2002-02-10,GY494,oK012,8659.18,M,46528,WI,Neurology,Scottshire,Approved,Routine
93e7f81d-464f-414e-a302-59683b912965,,1ebefc4c-d897-410c-9476-a1c351f2f64f,2023-05-06,2024-03-30,1979-03-05,hr581,hZ032,4006.27,F,84400,MD,Cardiology,Leonardfurt,Approved,Routine
535e907f-f50a-437a-9cbc-44fd67799c9a,cf89f002-cad7-437a-85ba-1504a06945c6,c1c00159-d082-454b-8dac-969c22b5a371,2023-01-19,2025-08-21,2012-11-18,Th860,CI628,6520.2,M,38318,UT,Pediatrics,East Daniel,Approved,Routine
50a1ac9a-cfb4-44f2-b926-6e3db2de09de,f958d990-bbfe-4b2c-beed-e25f19d56ff2,8f0c826c-1e5b-4033-a43b-88b5b64b6317,2022-12-20,2025-06-15,1943-07-03,cN036,bH593,4992.7,F,13795,NC,Orthopedics,South Douglas,Pending,Inpatient
6c0454fb-017c-4ea0-91b2-f53583f9dfb7,41f0f832-c8b3-45e1-8203-fffa04619ba6,5dc30f33-bf8c-40a4-a73e-cca47656af5a,2023-07-30,2025-06-02,1998-01-24,ip351,,8989.85,M,62088,NM,Orthopedics,North Anthonystad,Pending,Outpatient
5578a382-15b7-4a56-bb6a-4c41fbf517cf,,695bab80-f303-4c31-a854-9243c6d90911,2023-07-05,2024-11-06,1973-01-23,EA566,xI908,876.72,F,32060,MA,General Practice,,Approved,Routine
e6d722cf-59cb-4128-ad81-c783371f2384,cd27a365-1a92-4830-8013-5bf0d3b0bde0,93c34f39-6321-4ea5-b418-213daa77adda,2023-01-18,2024-12-24,1975-07-22,pa477,Wt555,4334.95,M,79444,OR,General Practice,Briannabury,Approved,Routine
480e8454-9b41-4819-b8f0-13c6e3ab0717,41bf5399-614e-4487-8249-6329d4a18241,d2e91e43-cc67-4f35-8363-55afc322778c,2022-08-15,2024-07-10,1948-06-12,ra219,HH796,4091.76,M,26373,ND,Neurology,East Nancy,Approved,Routine
96447209-b95c-414d-bf85-1cafcac7a31b,53bf53d7-1088-4f80-a0f7-5c3b9151959a,205b5a2a-e7b2-4480-b3e5-a3fdbf9beb7f,2023-02-19,2025-07-03,1948-03-17,am076,cS366,3418.45,F,68243,CO,Pediatrics,Chungfort,Pending,Inpatient
b87ca064-94a2-45df-a2b2-7203d4a71faa,b1d6a8ba-edb5-4059-a2b1-0461228d8945,90f53207-6e35-4c3b-b8cc-baf53611d295,2023-12-10,2025-10-21,1943-04-30,WC534,SL199,9271.99,M,70615,AZ,Cardiology,Ricetown,Approved,Outpatient
54fc2a87-eea4-4b00-937e-c75365fd696b,5bb0e3e7-5b0f-445e-9c3d-2b3d5664c2ff,53a9f82f-3fa7-4bac-ac00-db6492c1e499,2022-09-08,2025-05-05,1950-10-03,Hp269,kR351,909.41,F,40015,WI,Neurology,Ashleyside,,Inpatient
4dbf805b-9c94-483b-9377-a672958ff14b,078fc037-b0a1-49e4-8c31-7a1910f2e18a,348829ae-2dd2-44bf-a308-5cb73aaa4ba8,2022-11-20,2024-11-03,1993-05-10,pB403,lD590,,M,21481,WI,General Practice,North Thomas,Denied,Emergency
752bdfe1-1a4d-4187-86a1-2399bda803c1,e0765e30-fb8d-43b0-bf3b-ec5b0e62f277,d927b580-c96d-4354-800a-f723f309f1ab,2022-10-16,2025-11-10,1996-06-05,MX618,kt645,9217.85,M,22133,WY,Orthopedics,Haysmouth,Denied,Inpatient
79d3083d-295a-4ba2-9ec4-03a9790f8681,ab831ed1-e1da-460d-bdb7-1115e95dd1cb,df04d51f-83fe-4ea4-8dec-b337dc9ff7fc,2024-05-09,2024-12-22,1982-01-16,hG452,ef538,1357.9,F,10621,ND,Neurology,Wilsonfurt,Approved,Routine
1c675cca-051c-4885-80cc-0ad7880a1d6f,5b996d6e-2742-4dac-87a7-b18c729e15c9,41f78c7a-166b-4ba0-b2db-66f89406ebd7,2024-01-02,2024-10-13,1956-08-11,EI246,Po252,2376.55,F,79789,HI,Pediatrics,Hayesberg,Denied,Inpatient
b41921f3-168d-4717-8695-15929c8eb2f1,bcc9c56d-98eb-40c9-bba9-2c9334978abf,1ab35f48-ee23-436e-a3c8-c5641a4246ce,2023-03-28,2024-09-28,2000-09-15,lf499,,,M,08029,NV,Neurology,Hallstad,Pending,Routine
67d55d44-e563-484f-8feb-89e5e30814cb,216be991-2877-4ce7-a66d-e7ab3dde0c32,82d2536d-0f16-4d9a-83c8-a71f7c475a98,2023-03-28,,1946-05-20,Dy504,gl192,7068.19,M,18875,RI,Neurology,Port Brittney,Pending,Emergency
1a0d02ce-871e-483b-9864-173e2c037524,3789e1f1-2877-426b-8ed9-374c47f71b03,86535716-9bef-4812-b949-9a11bce97c6a,2023-05-15,2025-09-04,1954-06-29,FE474,Lj526,4022.11,F,70016,RI,Cardiology,Susanland,,Outpatient
df51313b-415d-44a7-ab6a-830f05e42dc6,304fb7fd-cb17-4a2c-9e5a-9f8a7736896e,ad5baaf8-b295-449a-9cdb-cfb3e705cdb1,2023-04-21,2024-11-07,2002-10-25,Fh788,ZG844,8755.64,M,07678,MS,Pediatrics,Andrewsstad,Approved,Routine
a5cf42c1-daf7-43b6-81eb-177f88f0c8f3,553ea5ac-e078-4513-b692-aba41de5c8d9,23685e19-0234-43aa-b292-da5eedafbc89,2023-02-22,2025-06-13,1997-11-07,Tm914,vC119,4611.0,F,31318,CA,General Practice,Stephanieside,Denied,Routine
2f5ff1d8-cdf8-4c57-8a8a-7806d1a58318,f5754456-d799-408c-88c0-0e8683b207b9,0a998997-f58b-4533-94e0-f44b7f7aef5d,2022-10-15,2024-02-04,1958-10-29,He535,JC542,8668.52,M,57608,PA,General Practice,West Nicoleview,Pending,Emergency
c828b098-f9db-4711-a5dd-33e803bd5fa2,799886bb-b80b-4db5-97af-f300f950e0c4,61f27a12-2d2c-429a-a146-10742326efd5,2024-01-26,2024-04-23,1985-05-25,hJ762,vb791,763.04,F,74127,PR,General Practice,South Reginald,Pending,Outpatient
92936c9a-2019-4df3-9b09-98972d41be06,23a7b3ab-82f1-494c-a16f-68fa7fabb71e,2573ecc2-8c03-49aa-b60c-dd0a9a48cbef,2024-05-20,2025-06-10,1975-03-06,oQ824,fU876,5404.17,M,64594,SD,Pediatrics,Lake Misty,Pending,Outpatient
,06ccc084-c319-427c-b9ad-a96b4dccc9da,87c9d933-0910-4de3-9853-fbdb22d8cde8,,2025-03-30,1958-02-16,nN438,xB999,9316.39,M,62824,DE,Neurology,Velasquezfurt,Denied,Outpatient
6b2f4739-774e-4ba3-854e-685e8d5c8b90,317d6402-0d19-4358-9f77-8fb10ee9bc2c,049cf4c0-3746-482e-a290-b84af0f4e164,2023-12-23,2025-09-30,1955-01-14,,XZ193,9900.61,M,,CO,Pediatrics,Ashleychester,Approved,Outpatient
a5beec58-e3df-45bc-be30-92425454111a,265f41a0-538c-4883-a38d-ecaaff4a1aa7,97dac285-5b9a-40a2-aa9a-5e66d16011c5,2023-10-13,2025-08-27,1994-12-30,Mv959,Sz568,1696.09,F,92758,OK,General Practice,Josephview,Denied,Outpatient
8e0fa605-7403-4ad7-860e-3c93ddfeaaee,394eaed2-9948-4651-bab5-4fcac96b697e,a7dea2a5-cc4c-4a55-8c30-b7b4259e5fc7,2022-09-08,2024-09-19,1967-09-12,MK098,qZ673,,M,22662,OR,Orthopedics,East Jasonshire,Denied,Routine
f131af38-9932-4974-9c64-c5027ac78217,ae3f7451-2e50-4580-a1bb-d4908bcce6aa,,,2024-08-14,1991-01-05,Gk723,al249,-1206.22,F,59968,MH,Cardiology,New Eric,Pending,Emergency
58552e8f-2bad-484a-bb9e-ddd677b08b9b,6933e69a-29ed-4695-bfa8-67022584500d,f8319907-49cb-4cd3-8156-d67988fda89e,2024-05-06,2024-07-06,1994-02-09,rt065,vJ770,,F,48192,NY,Cardiology,New Carmen,Pending,Emergency
6af2cb96-8db2-4b65-abc4-7b79689035c3,6981d335-e772-4b8b-af59-0661d2bffec6,40cef75e-fa15-448d-9937-115a06e0949f,2024-05-15,2024-08-14,1954-01-16,NB585,lc047,9949.59,F,55342,HI,Pediatrics,Thomasside,Pending,Inpatient
a4622695-36f7-4735-b705-ee385efe7397,433a637d-fd74-4846-a6f8-6da904f4fd8b,,2023-06-19,2024-10-13,1958-10-09,ET560,oA310,6455.52,M,78473,OK,General Practice,North Whitney,Pending,Routine
a930027f-9d0a-4a04-a91b-2899f2e327ea,f492bef1-f16e-4b80-b11c-daa0bb8ea8e0,6a3f67a3-7e72-4537-a092-72b34000a100,,2024-05-16,2013-02-20,Lr254,qP936,1066.95,M,81074,NM,Orthopedics,New Chad,Pending,Emergency
54fa1017-4e9a-4917-ab2f-371a7ffa6f90,b548c803-67b3-42ea-9ae9-d08f4286793f,edc9d092-b939-486c-9be7-37b6ffedfc9c,2023-08-29,2025-10-23,1945-01-17,Cc572,bJ053,1600.79,M,12295,PR,General Practice,Paulachester,Denied,Outpatient
249fdcfb-0ca2-434e-9d6f-24584b357ffd,2ce4aef7-09df-42f8-aa0c-c4445ba0854f,23d61279-d2ac-4e5c-9d71-4d52c324cab4,2023-01-29,2025-10-14,1990-11-12,Yx514,DL592,2539.38,F,72344,MA,Pediatrics,West Tamarastad,Approved,Emergency
9dd418b9-0a0a-4fa2-b7dc-37df1622bc42,4d9f3270-5d55-4f83-83b6-44fa39e7880f,dc058264-6a62-4ed7-9401-c936e160bdb7,2023-10-08,2025-12-01,1997-06-16,,oE690,4514.44,F,70233,WI,General Practice,,Pending,Routine
342beb62-c82d-4dce-b2c6-0982a663f730,1621fcc6-895c-4ce5-8c08-933b64eb798f,c80dbd72-0466-468e-bd9c-1e74fb571bc7,2024-01-05,2024-10-16,1965-02-14,DY421,fc754,6683.35,F,38974,,Neurology,Hayleyside,Approved,
31416472-3c21-459a-a119-ad315f6e51f6,6e013494-4ea4-4173-9763-8e44e437fb35,01bcfa6b-0ddc-4f17-b9c7-75ceb27acb2e,2022-08-14,2024-09-30,1946-01-17,xD983,DN433,480.42,F,58341,AR,Orthopedics,Branchfurt,,Emergency
77ef8824-38c6-4eb0-81ca-6b959cd5fc09,8d79edc9-2d85-46d7-8ca0-1dd4cdf7539d,c295ffa3-ceb9-453b-9833-a65083d309c4,2023-02-06,2024-11-23,1972-10-28,iq737,He217,9062.97,M,36053,MD,Pediatrics,Blakeview,Pending,Outpatient
2ea59409-5b6f-4653-af15-d1423c40a199,5089e029-20c3-45a6-995c-ed35d3526d95,12bdf784-80a1-4fd6-b0b5-c180ac7bd28c,2023-05-24,2025-08-31,1999-11-14,CQ645,qK570,4773.46,F,73605,OR,Cardiology,Christopherton,Denied,Routine
e5132068-502d-4f45-9819-aba0aa02ea7e,cdd2a327-7a46-4c6d-87aa-ba7eebd25a9b,5f0ccd21-31fa-40a1-b4c8-34b509bf7f19,2023-08-25,2025-03-16,1943-02-08,Rv526,uU305,2365.1,F,06807,VT,Pediatrics,South Jacqueline,Pending,Emergency
90da07cb-33bd-434f-a93b-a1404cf90339,5e6d3ab0-4bc1-455a-9663-4ee46eb979ef,4bdf658b-fab3-4ecb-ae6c-2610110fccf3,2024-07-01,2025-06-01,2008-03-15,yp250,gd395,8319.18,F,39026,OK,Cardiology,Mcintoshstad,Denied,Inpatient
abfc7879-d33d-4572-9f84-339db08ea88a,864d2103-c275-49fe-ae3b-ceb7b9f45bea,b9947183-a47b-4a75-b556-cbc310eeb822,2022-11-14,2024-09-23,1987-06-30,Uj072,xI140,4219.92,M,88782,AZ,Neurology,Mccoyshire,Denied,
c01c1f1f-cefd-4611-bd1c-ed1532fcbf0e,e133b0ac-04ea-4ba6-96ec-6c24ce169a80,96154c09-c3f2-4b6b-887b-4ce517d45319,2023-10-08,2024-12-08,1959-07-28,ru622,,3454.72,M,33302,PR,Pediatrics,West Joe,Pending,Routine
aad12f2d-9a89-4c34-8b76-f002655f08b8,7ebc7ab8-6631-45e0-9b6b-a5690d8c1534,297e7b7d-8265-489a-b857-ba23a1fa11b6,2023-11-29,2024-09-24,1936-06-07,Yy613,CP152,1108.73,F,40943,NV,Cardiology,,Pending,Emergency
d94887bc-4d70-42e0-91e8-88d1a3458232,d307c0d2-2cae-4dc5-a6f4-d010ad2e5723,5bea314d-8cdb-4f59-9cc4-8893ed3d0345,2024-02-18,2024-04-05,1944-05-05,Cz467,SZ164,1698.43,M,88746,PW,Neurology,Jeffreyview,Pending,Routine
ae91a4bd-9c5b-4225-96ab-f6bd522d7106,,17f48117-c556-4816-b7a1-e21ccd5d351c,2023-04-16,2025-11-01,1974-05-30,rg609,fE114,1608.92,M,00793,MD,Neurology,Coleview,Pending,
07a69c90-6bca-476a-a0e5-0551797a3ad4,86a57a00-7ba1-46c1-8534-7968e342a1ee,23fbdf8d-75f7-49ee-861c-e021ae597725,2024-04-15,2024-06-17,1960-07-02,MH162,bd862,9580.49,M,21455,FL,General Practice,Lake Angel,Pending,Outpatient
fcc78b59-f184-458a-b9dc-c5a72849a38b,885c8823-2447-4bb7-a9f6-4cdc8da77297,2007678f-7857-4798-a814-54eaeeea44fa,2023-07-10,2024-12-30,1948-10-23,wE919,,2706.15,M,21347,WY,General Practice,Robertview,Approved,Routine
8553eb0a-0f37-4cd8-87c6-0a84ee42cacc,912f6c6e-9571-40a1-a07c-9e1a91f17cbb,,,2024-10-23,1984-04-07,WG066,Dg207,5964.27,F,68275,,Pediatrics,Ferrellborough,Approved,Outpatient
9fbcea83-15f6-42de-9a09-985a76961314,2374c30e-19c2-4ca5-8cd0-e6e52d8b0b80,718da661-dbbe-4aa8-a421-b4f04f249d3d,2022-07-12,2025-08-21,1957-12-27,Ta834,rH945,765.83,M,49380,NJ,Orthopedics,South Jaredburgh,Pending,Routine
fc76b097-0e45-44d1-914a-df84dc8152b0,45a5aee9-2781-4b88-b207-de7b374a958f,77e61d35-0fd0-4bf4-ac85-3c671fb74427,2022-07-12,2024-11-02,1946-07-07,Rf859,dp306,6725.27,F,60520,IN,Neurology,Rhondaborough,Approved,Outpatient
69155fbf-2199-4bf8-8a9b-9f6f60d5d0dc,1cc84e0a-8d38-4ed2-90cd-1f33068b5e1a,fb94e856-caf2-45a4-8b23-bb2eb7884572,2022-08-28,2024-12-10,1948-12-08,EO640,SW142,786.68,F,97918,CT,Orthopedics,West Lindseyburgh,Pending,Emergency
0daa986d-8cab-4cc9-aa9c-7800a10b77f7,28fd447a-4be0-4a87-9c74-d67b75382e5d,fd606e33-1fc8-4a6b-90e9-8bdab755f6ff,2023-05-06,2025-05-15,1990-10-25,vd882,Se474,1999.49,M,90168,DC,Orthopedics,Lake Maria,Pending,Outpatient
9e45e0d9-4655-4ef5-9655-2d6e5bb6a0e1,,fb866dac-0fc5-4cf1-83ce-d32424813fcc,2023-09-22,2025-01-20,2009-02-22,mZ345,pa411,5526.64,F,85343,MP,General Practice,New Mariafurt,Approved,Routine
8049f4f4-0f4a-423c-a38d-84131fbdaa55,d13a9f90-0929-4619-b967-86a6203c81d9,7fabb86d-faab-4c65-9e61-fb15f7cfefe6,2024-03-21,2024-06-06,1940-07-30,Fo332,iI569,7597.1,M,39807,ND,Pediatrics,Lake Larryfurt,Denied,Emergency
b984722c-8bbe-4c55-9698-f1678412539f,761e4ad3-2eb4-4133-88a0-6a6637c93c67,384dfb53-aea0-4763-8110-2336406ba910,2023-06-26,2024-10-06,1954-09-12,vv693,cN786,1198.8,F,93516,CT,Cardiology,Monicafurt,Pending,Emergency
,743a2259-72f9-476b-9a71-662f6b6115ed,b1a315a9-919b-4cb0-bbe7-3e8f4ff921ca,2023-01-28,2024-12-22,1996-05-22,by077,KL514,4170.8,F,14290,MI,Cardiology,Lake Ann,Pending,Emergency
9c91efcc-7e11-432e-b3fc-83cef8c2f3fa,3422b794-6e6e-42c2-a7de-870d87bcaf21,de239746-285f-4c09-baa9-f47c1bb40022,2022-08-15,2025-02-04,1966-09-10,In704,pO082,5458.54,F,00549,,Cardiology,Josephshire,Approved,Emergency
29334494-977f-46cc-ad5c-8b455b59779d,52dc1d62-67a2-40de-a762-73a224387cdb,,2023-09-08,2024-07-22,2008-02-10,Dp587,pa452,9867.64,M,14661,ME,General Practice,Russellfurt,Denied,Emergency
12d898a7-1477-473e-986d-b5c6364fbc4d,bb8cc556-911b-4907-8682-89dffb44b170,3a43beb8-0f00-4914-9689-8ebfa4ec984e,2023-10-10,2024-07-25,1998-05-19,FR954,uR866,2092.99,F,59447,CO,Neurology,Phillipsport,Denied,Outpatient
799e7824-ab11-41d8-9539-960eb38f150b,27991841-4897-42eb-b167-eab5b964ab3d,,2023-06-12,2024-05-22,1969-09-10,BG884,xO241,4130.35,M,83165,ME,General Practice,Tylerview,Denied,Emergency
46d1dfac-86c0-42e8-926e-d9b5bf5d9dda,22a0b7b6-4849-4358-975e-ef827d4204a9,cefcd7b1-ebb1-471d-ad29-73817a6a997f,2023-07-27,2025-08-31,1982-11-28,bO542,le864,2500.46,,12908,FL,General Practice,Huntville,Approved,Outpatient
a1cd6143-158e-4be3-ba5d-4045795eac78,ec0fc7dd-f4cc-4b6f-bb80-59407585d4c7,edf760a4-088e-4757-aed7-a7554b28bbc6,2024-05-08,2024-06-06,1940-01-30,xo697,Si139,400.83,F,89572,MP,Orthopedics,,Pending,Inpatient
1c3c40b5-9803-4470-a231-546b69f792ea,90319795-5dca-41cd-b2df-555a3e403b73,f69ffea8-83a7-4894-9bf9-28917460083f,2023-10-28,,2003-12-05,Gk401,uU384,9462.41,F,90865,MD,Neurology,Petersonstad,Denied,Routine
7fca4dac-427c-4c92-b545-619b36914a7e,6684fb9e-fcb8-44cc-8c49-7dfa766a303a,307e2d66-2d43-4a7b-b142-b8662d4ddd85,,2025-05-27,1941-10-03,ls319,pT751,665.16,F,94325,ME,Cardiology,New Anne,Approved,Outpatient
88685587-f388-4613-badd-f645df9d0712,2f7d6f3a-424d-428b-84a1-3a035586c934,b4778385-1002-4353-bc65-247853dd1659,2024-04-29,2024-08-27,1965-08-09,wV422,QP955,4631.23,M,30839,,Pediatrics,Youngchester,Denied,Outpatient
34077d46-e1af-4e8d-8aa6-bd39ef0ca6a9,b26e27c8-1472-4237-8caf-5a73af4380bf,e448b5c2-fd7a-4699-a3e7-40544032e9d0,2022-08-27,2024-10-19,1987-01-31,Vl161,IQ325,716.69,F,16070,OK,Cardiology,Josephside,Denied,Outpatient
06b8b3f6-e010-483a-a17b-6ae1b52f2189,a7f2b564-d84f-47b0-bf6e-f81d94076393,689b52c1-4d83-461e-ac67-3cac41156fda,2022-11-09,2023-12-22,1985-10-27,sj402,ZE884,,M,46991,ME,Neurology,East Matthewberg,Approved,Routine
9c6a5a68-1ebb-421b-bc32-81af391b177a,4c0b1bf1-d585-4bfc-8c48-22f5ebe57432,8ef03eed-11cf-4532-84c3-04fac5bf2e1d,2024-06-26,2023-12-18,1998-01-09,BE881,LJ847,503.67,M,,AL,Pediatrics,North Kellyfurt,Pending,Emergency
ad8da592-d0a2-4895-bc97-b7c86dee321f,590e4dbb-6a8f-493e-9025-3121ae832e19,2ac18dc0-b3b1-4763-8c50-b6cd7aa7d24a,2022-08-02,2024-03-02,1972-12-14,mf494,yV461,7490.26,F,98334,MI,Neurology,Maryburgh,Approved,Routine
8838ac56-44ab-4f1d-bad5-e49e1ebe180b,06472946-b3bb-476a-b344-632fe0891d21,b5db7d31-778f-413a-a81b-56f3d4401010,2023-08-10,,2011-11-29,zx211,SR378,4639.38,F,50580,NV,Neurology,Clarkemouth,Denied,Outpatient
1f911567-ed4e-49a5-810a-cc5ddf4b02d2,1325cb07-8205-46c4-96d5-fb9e5afd576d,de45fde4-954d-43da-ac04-863745a11d55,2023-11-26,2024-08-21,1971-09-08,Cy725,jC349,7732.13,F,22612,SD,Cardiology,West Judith,Denied,Inpatient
8bfbaeca-045c-4120-b7db-fd1af8839ba9,29df9564-0dc5-483d-9ff9-43edadfc0084,301d3e37-3af1-4887-be8f-f7bb3f94fdd7,2023-01-17,2024-03-25,2009-08-21,ys935,KD579,,F,08007,HI,Orthopedics,,Approved,Routine
aeacf27d-74d7-4811-830c-ad539b4360ab,e12931fd-3631-4205-af75-dc74d046533b,03d65eea-f77b-47bf-b0ce-4526aff08e12,2024-03-26,2024-03-09,1985-03-26,UC455,hz861,5407.35,F,66256,AK,Orthopedics,West Monica,Pending,
45ac7e14-42f9-4170-81a7-cb30c7cdb5f6,9f5abbb0-2bbe-46be-9228-4bcd8d9a0de4,755611ee-9573-4aba-acc5-c91a0ed79510,2024-03-30,2023-12-06,1938-08-30,mT386,dQ065,7575.82,F,96308,ME,Orthopedics,North Jo,Pending,Routine
4501a680-d5c0-4c40-9d1c-420575959a57,084b1508-e632-4942-b978-fe8eeed37f1a,c8019e0b-6339-4c7d-854c-b9761ac88a23,2023-04-17,2025-04-14,1948-07-19,qg389,uh945,9389.33,M,,KY,Orthopedics,South Sabrinastad,Approved,Emergency
,,ce619eec-a225-4dd0-8614-8c4c7094fee9,2022-10-15,12/2025/40,1952-12-11,XJ557,uB148,5598.77,M,41020,,Orthopedics,West Brettbury,Approved,Routine
3feb331c-c538-42d9-9a16-6d4d7ba1c976,fe32513c-62b7-4f4e-9852-e99f99815099,15538274-e8e4-4174-9caf-f538c523813a,2023-03-15,2024-08-09,2024-03-14,NL321,fo298,6033.09,M,94642,SD,Pediatrics,Seanshire,Denied,Inpatient
19ead29c-362f-4a69-9d13-67785caa3d9d,91999c87-acc7-4a22-90ee-0f9844f8ca9e,d6b365b6-cd93-42d2-9ba7-f1e756fcdde0,2022-10-14,2024-10-12,,eI542,,,F,61984,VA,Cardiology,Melindahaven,Approved,Inpatient
c0c45fe8-4305-4016-942c-810759f80f12,c744f2ac-7f1b-476b-8ec9-49da288279fa,c15d9442-49f3-4136-8f94-9062aef09998,2023-07-14,2024-01-22,2003-12-26,MD142,Xv553,6910.07,M,73249,DC,General Practice,Santanashire,Denied,Inpatient
3cb3cef8-daaf-4126-b5fd-f85fb9129a95,a2893a62-1cec-425f-bb19-4e69683752fd,62aa377b-d528-416d-b06f-0159e940eb41,2022-08-11,2025-10-18,1969-11-08,fq050,Do757,1599.18,M,50914,IL,Orthopedics,Jerometown,Denied,
4a5ed796-3469-4916-b9be-f06b64a5784e,7bbd9abb-e215-4f77-bc93-2a6c099e6407,faea1322-7029-44d8-aa05-7d5803545137,2023-07-17,2024-11-04,1955-07-12,kx985,iG760,9713.48,M,74606,MH,Neurology,West Brittanyhaven,Approved,Emergency
1704001b-86a8-41a2-83ad-2d2955b8e082,108c05e6-7448-4a5c-b357-b1a8f93823dd,b5f56224-83be-48c4-a81e-00f097706e91,2024-01-19,2024-01-26,1962-07-24,nB012,JD188,--100,M,66112,ID,General Practice,Brianside,Denied,Inpatient
111329d9-a0f3-45dc-a831-cc75328f535c,3156d318-33b8-4dcc-b13b-aa5cf1fc45c3,61e13480-7bd6-443f-a79a-5217a3237ddb,,2024-07-31,2014-06-17,ve113,XT153,3407.09,M,95522,MA,General Practice,East David,Denied,Routine
,6dc2f50e-7687-4f67-95d5-0f3340fb9bcf,b564dc72-2ba3-47c3-8457-2a56da92da45,2024-05-25,2024-05-12,2014-07-17,DI978,VE084,9093.66,F,13999,ID,Cardiology,South Todd,Denied,Outpatient
ece7e95f-5eaf-44a2-8922-3befd8f4ad32,1caa4c62-c1f4-4f31-8da0-9ff92a860c1a,77a45c9a-0de0-44f5-876e-1880b52efc12,99/99/9999,2024-02-16,1938-02-03,JN628,sD913,3301.38,M,95039,CA,Pediatrics,East Benjaminfort,Pending,Outpatient
ac596242-531c-450f-b378-bdc3c94e3f6e,b90453c1-aeb1-434f-b2db-1ece7dc13616,248d260c-2dcf-4968-932f-1cf061ab1093,2024-02-07,2024-12-26,1966-04-10,Nf964,Zq280,7310.87,M,55073,AZ,General Practice,Richardstown,Pending,Emergency
08abaccb-0760-4d7d-a80d-7dec1e49da0b,b69ba2f5-2b5c-419c-9356-521cc03d0caa,b6ba745c-6264-48f3-a515-13033583bc79,2023-01-07,2024-09-05,2024-01-07,Ud408,lS109,3755.88,M,53224,DE,Neurology,New Karabury,Denied,Inpatient
417f52a6-5039-4b2e-bce5-cccd900dc259,d689831e-5a77-4e9c-91fd-02bd1635fdca,6667681b-af6c-45c1-ab59-31bcc8c6f810,2024-04-04,2025-10-23,1995-12-21,Ff581,,4445.82,M,97072,FM,Neurology,East Anthonychester,Denied,Outpatient
0224a3ce-1783-4bf9-889a-94103364f46c,cd4f09d8-ca9b-4c7d-ab06-563df5367b36,d582195a-2acd-488e-93a4-e869c62c06d0,2022-09-13,2025-02-07,1949-03-23,cj126,Fj579,1461.46,F,07755,CT,Orthopedics,New Amanda,Pending,Outpatient
b717f802-75fd-4706-b116-540ffe0ab9cd,444d0962-7a8f-4478-a698-c5b489ee8b5c,dba81a77-d243-498c-a5ce-1db3c96f44fd,2024-06-24,2024-12-05,1950-11-10,Cz054,UH965,384.95,M,79806,AS,Cardiology,North Adam,Denied,Outpatient
12f44e9c-66cf-4c48-8d51-565d5dbfa8d4,e4f7928b-9ecd-4a82-ba0b-d6bc73564ae7,f1fcd576-d1e1-4942-803d-088c49481fed,2023-09-03,2025-12-01,1991-03-01,dx552,is291,8786.97,F,15703,CT,Orthopedics,New Adamborough,Denied,Emergency
0cec70e8-07ef-4598-a3fb-3dc7982fca73,51ff9741-0009-416f-a84f-6359f8796f9e,05c9fa8c-0d63-4c66-8567-4106e444a0db,2024-02-07,2025-01-03,1956-04-09,kb456,nU775,8994.03,F,60709,,Neurology,Lake Crystalview,Pending,Emergency
9b5d6e37-5a40-44d5-81ce-55d2ae147569,8579bee2-13ff-47b4-b93e-054343fe59db,c6052c0b-6a87-4a61-b3a2-b914ba3d64f9,2023-01-16,2025-06-13,1986-07-29,Ag429,Mt610,8611.97,M,84582,UT,Pediatrics,Michaelstad,Denied,Inpatient
555fc9a3-d505-4c03-b655-f0772a72c84b,a2ac5324-36a5-4bf3-864e-7158b27a47ac,9195c237-46d8-4234-9556-369fed0dd814,2023-03-04,2025-09-22,1986-07-09,YU165,kr578,4733.88,M,38735,PR,Orthopedics,New Jessica,Approved,Emergency
753209e0-366d-4634-bcc4-0df53f087bfb,388c9a45-0558-4970-bac9-219f7e942d23,c6a36c4b-bb36-4526-8c71-57baffe8e47f,2024-04-09,2024-01-01,2004-06-28,lk909,Qd868,8933.79,F,,NJ,Orthopedics,South Pattyport,Approved,Emergency
6f60fb9a-2cbe-420d-8360-24db40cda951,90a67dc9-40f8-4f9b-8ecb-25c0939b28e5,da35a55f-c697-40c9-85b2-3097f18ec439,2024-06-14,2025-04-21,1960-10-11,MI697,VD372,3976.1,M,07063,RI,Orthopedics,Sandersland,Approved,Routine
28d38bf5-8ffb-425b-a5d8-4bb426660678,1d8a0c52-f7cd-4517-86cd-f38b6513fb92,6c469674-5352-44dd-b2e2-87ca08f22775,2024-04-29,2024-07-05,1976-05-12,Nx459,Bx378,,M,33357,WA,Neurology,Lake Lisa,Approved,Routine
,,2a3f7e2e-f8d1-464f-9dcb-01896e096079,2022-09-28,2024-01-05,1976-04-25,JT452,Pc705,564.96,M,17492,IA,Pediatrics,Bensonside,Pending,
873ae620-f649-4e0d-9883-0d110c74c429,d60bd046-4a2c-4187-a937-4229e1b54e7f,6c692e5a-4fa3-4f7d-9a2a-4f64d5a1bf2d,2024-03-24,,1938-03-07,EF521,xn683,8808.05,F,65010,DE,Pediatrics,Rogersview,Approved,Outpatient
153c6300-e68a-49bf-9b70-745c6f250674,6ad7f2ee-3704-419a-9c87-415b058e892b,99fde1bd-85af-46c4-b82b-ac259a38a0b2,2022-09-16,,1986-07-25,Dv222,mk325,7626.87,F,,VI,General Practice,Fisherview,Approved,Routine
f2cdec2f-7370-438e-8417-6a92d8d519f4,b2fe0a97-aa6e-4194-af52-1253c8465185,7cbd6e81-828b-4dd4-a64b-fc8506e34eac,2023-10-03,2025-04-17,1942-04-15,Su771,fd304,4235.83,M,88705,,Pediatrics,Lake Melissaton,Pending,Outpatient
997b7d3a-8827-49b4-99d2-3a68ab81e496,91113fd9-7450-4339-b61c-1581c52ab4db,628275af-88ac-4af0-9606-ce615fcb5986,2023-05-22,2024-10-03,2006-08-23,Qu149,iU062,1714.05,,24890,ND,Orthopedics,Brittanyberg,Pending,Inpatient
0a6c75fd-2f7b-4336-8de1-4523fc284b58,93b8e26a-e366-4841-bb32-fca3239e2f14,fde0e149-2daa-4374-9f05-84e4bcac9948,2022-11-04,2024-07-23,1948-11-20,qk262,pc296,3748.41,F,54399,FL,Cardiology,Moralesview,Approved,Inpatient
e6b50e20-97a5-4d85-be14-784a1a535ba3,f5751f32-63d3-425a-8649-46fddbf53860,d236e30b-f585-41f4-a64f-2a850cbbcbc3,2023-05-18,2025-05-03,,,jB736,8093.66,M,22297,A1,Neurology,West Kristopher,Approved,Inpatient
29a21773-3ff2-40fd-a028-7779d0658dec,2e1768f6-1e18-4e2e-a8e7-b15fe7eb4a53,464a9752-ed2d-43b4-bbef-e5a44a93cbf8,2022-07-21,2025-11-18,1990-07-04,oA528,Zi567,1146.08,F,16615,CO,Cardiology,Joshuaburgh,Pending,Outpatient
25528aa4-be5b-4dc2-9669-5dfbcabc7273,8d84f882-a8c4-47b5-92c8-39298976a126,13c3dd33-3a27-4903-94c3-5f8fb1661ac3,2022-09-07,2025-04-19,1951-11-12,LW272,dN953,6615.21,M,46968,WV,Neurology,Willisport,Approved,Emergency
8f8734a7-a03b-4b9d-938b-0c47faaba9ef,ec0904c2-e0ec-4dde-9138-1a9198d7bd58,22e7f555-587e-41eb-ae8a-513a632edf11,2023-03-05,2024-04-21,1984-09-10,xM147,KH576,3954.03,F,83873,NY,,Davidtown,Denied,
eda5e246-fd5e-4325-a7a9-f78ba79b25dd,e3decb0d-25fd-4500-958e-aa31ff26112a,2e5d8042-df28-4580-91ed-06a08cf27e5b,2023-03-10,,1987-01-21,vw637,Cp589,766.77,,31016,HI,Pediatrics,Juliemouth,Pending,Emergency
f1964e78-ed8d-427e-96ae-071bace87a39,762e20a4-37bf-41be-bd9f-3b72ddfc0de1,b00f34b9-b950-456c-9d7b-e678c6508c44,2024-04-02,2024-02-25,1985-12-24,hK148,Or789,2842.42,M,91744,MP,Cardiology,Shannonshire,Denied,Outpatient
41ab580e-46cd-41ab-8820-85769c8f31c0,074c60df-a6f2-4a64-8523-9f0d86ba7be1,70bd2981-6142-4e8c-a38a-7f07e09cc010,2022-12-30,2024-08-10,1956-04-11,NN610,gc204,7352.46,M,65640,NC,Pediatrics,East Roger,Pending,Emergency
ada495a8-94b2-4ad5-ad9e-f1fc2be4946c,fd37c6cf-0f1a-44ac-bfa4-8676e68ee069,31ba9abf-5f9c-4c22-9192-0efe03ba1368,2024-04-10,2024-08-19,1960-10-14,hI970,sZ735,1375.81,F,34383,IA,Cardiology,Amandaland,Denied,Inpatient
0e51f6e5-1203-49c0-81ea-93cf797fd174,1d47f04f-87f0-409a-93fb-f30d5018e44d,7b4bfe33-0141-493f-9f6b-6cccadaaf833,2024-06-26,2024-12-13,1938-05-21,Ff897,Gt356,3331.97,M,33524,MI,Cardiology,North Dustinchester,Denied,Outpatient
29f44c2d-f6a8-4251-81c0-66470b5610ba,55742a03-c10a-4fa9-b988-85bd6d9f7ef2,,2023-01-08,,1992-04-16,PG844,go444,6110.23,M,95819,OK,General Practice,Mendezmouth,Denied,Emergency
4ae4c2c8-e864-4f19-8d36-f76b1cd5084f,02aed2a9-d51b-4d50-a570-6b7c5f4aa24a,5b0130f0-aa74-45b2-8844-ce351e83d537,2023-06-02,2024-10-15,1964-06-02,rR971,ld841,5188.5,M,55239,WA,Cardiology,Harperbury,Approved,Inpatient
ad89cd6f-0f02-41d1-8240-18b4f29ff3cf,783d4bd8-bee0-4279-9709-eaf000a91d3c,bdcc3e0f-f317-4cfe-aee8-3f88edc9cc99,,2024-04-17,1982-01-23,Cx558,Nd203,,F,34749,XX,Orthopedics,North Rachelshire,Approved,Outpatient
c3c13d8c-0b54-4334-a97e-bc6f3c6fe6e4,bbd28313-8b65-43c9-8b19-029b9cdad243,4f7e2845-ca92-49f1-9a72-d630488fcd3d,2023-03-08,2025-10-10,2015-05-15,Vn126,Vn944,938.41,M,54718,TN,Neurology,Pearsonside,Pending,Routine
3772c15d-e5cc-4762-9b00-2ad7a2b291b7,c9f2dffa-7cfb-44c1-87cb-0b00d7f8aa99,5f95ed2d-fc49-4594-ae54-cd224145ef41,2023-09-14,2024-12-09,2000-06-20,KW028,pu593,2320.27,M,25300,GU,General Practice,Douglasstad,,Outpatient
bcb44c68-9867-497a-a53a-5dcb4427acb2,e6518d32-4381-4cd0-8956-d08fa6227dd0,c4a4b8df-06d6-4351-9f30-3a7210fe77f4,2022-08-25,2024-07-20,1938-10-20,uR186,,7172.8,F,,NY,Orthopedics,South Jakestad,Approved,Outpatient
351fbbca-552b-4390-8b6f-b6b025bce248,64f475ef-488c-4fee-b524-e3c31c3ea5a0,3ed4f83f-ae5c-479f-ad81-60c0bf0c597c,2024-04-26,2025-11-24,1977-12-17,Kc529,SB590,7056.07,F,75821,,Pediatrics,East Jason,Pending,Emergency
7a5d8ef0-4b7c-4986-9819-740ef539e61b,d2622bcd-683b-4b64-9f17-575bfe243f3a,87227489-5963-4455-9500-0ae00f7b6e11,2023-06-27,2025-01-01,1958-12-18,,un646,2779.38,F,35840,SD,Neurology,Port Carolynbury,Approved,Routine
b2bc1fff-8574-4c31-81bf-faf5f8c9e885,769dc4e0-606d-4aa2-a488-425e9906311e,421754c1-ef67-4508-8d00-7fb7ebba7830,2024-01-29,2024-02-25,1938-05-29,Ve468,vi943,6055.38,M,54108,VA,Neurology,Lake Philipton,Approved,Outpatient
89bbc23f-805a-4dc2-8efe-a08c071114f1,741a8181-b649-4229-8eb4-316ad8064895,b8f019e0-2df3-4b40-8997-9b04c18e8e7b,2023-12-04,2024-12-14,1946-03-27,aX576,,1426.75,F,25015,TN,Orthopedics,,Approved,Emergency
05c879cf-e810-4d7d-b1c4-3fb43605700d,f3e2fe5d-e70f-4f4d-b42a-caf047a8ac3a,04cb9b97-fa12-4790-9053-85f2a7d19c6f,2023-03-18,2025-09-03,1960-11-09,yo372,,2030.25,F,89204,NE,Neurology,Cummingsville,,Inpatient
175ce7bd-21d3-40d1-8bcf-81901f197901,238c093b-8950-4995-ba00-0d10347921e4,b0b37e0b-3193-41dc-b3df-63a51e0fdafd,2022-10-31,2024-07-28,1985-01-04,nE092,,5641.58,F,36975,VT,General Practice,Port Rodney,Denied,Emergency
e6059863-075b-4929-935b-9eb70b8b3541,e479dd98-2394-4c94-9e0b-c8673dcac43c,9d0d1c82-1abd-4116-a56f-2242318e46cd,2023-08-05,2025-08-24,2024-08-04,zO642,Fc391,2026.78,M,50725,GU,General Practice,Debraside,Approved,
e477bac8-6408-4144-bbfd-535abdf2d583,65317386-851b-4528-9d89-5ebaddb88876,92bbd0c4-aba2-40ca-a199-991abe6b8819,2023-04-26,,1949-07-28,wR853,tr075,8358.03,F,03673,,Pediatrics,Marcusside,Approved,Emergency
c90917d6-b9c1-43f7-966f-ee5a4561104a,fb18de63-6245-4e5e-8f03-7f820369f005,6519669e-2f96-47cd-849b-601a55523520,2023-04-14,2024-07-24,2008-06-02,me712,zX425,2414.75,M,59810,FL,General Practice,West Whitneybury,Approved,Routine
912f96d2-de60-44cf-9163-db14061056d1,d2d4ff08-4d69-4704-8b4e-6b1884f443fd,2322f7ec-aa48-4718-a0c5-81495fd5b42e,2023-11-10,2024-05-31,1963-12-10,fA855,qb709,3148.51,,09178,PA,Pediatrics,Stephenside,Approved,Routine
42eb926f-8cd8-4649-aff2-56ca6b976dc3,3a1ae999-d2ba-4acf-92f1-f509be989429,9f1e1e18-d29d-4241-8c43-49db3bae7623,2022-10-16,2025-07-31,1986-01-20,Vb702,sG387,2320.75,M,72084,ND,Orthopedics,Josephville,Approved,Outpatient
2b49e17d-d925-489c-b8ce-6477acd034e0,8a7f63c2-2bf1-4158-889a-9ca9227f1609,873bb56e-6d77-4d88-a8f4-d819ee2cbcad,2023-07-05,2024-07-02,1969-07-20,ST308,pB295,512247.65,F,32417,AS,Cardiology,North Christopherport,Denied,Emergency
8e1b9bd3-6a8f-4cd8-899c-4133ff210a5b,99544ec1-b921-4cdb-a515-67cfb6bcca6f,6155fdf7-9fbe-422d-aabd-94d25f5bdabc,2024-03-25,,2015-08-21,Nq099,Mm734,1155.27,F,27743,HI,Orthopedics,West Megan,Approved,Emergency
3b903c9f-5a1e-43bb-aa63-5445c7991e52,22c3f63b-617b-455f-92b4-2ff80b41095d,,2022-09-28,2025-09-05,1965-07-26,UG109,Fm111,5472.18,M,87203,ND,General Practice,,Denied,Routine
027a27ee-1631-4c29-b021-9b76bdd441d0,a227cc45-47e9-4374-8913-bf43edef238c,e998b527-f047-447a-94e0-c59309d2f73d,2023-12-29,2024-08-23,1987-03-18,Fv340,Zb466,6198.26,M,,NH,General Practice,New Maryland,Pending,Inpatient
3728f087-bae8-4dee-9ffe-00c9e8def1ba,f6e9b00c-a384-4c1b-ad76-7fb28ae080f1,de1e2033-ad24-453d-87a8-1c0aa4e89d4d,2023-06-27,2025-06-09,,ja903,NF658,9826.96,F,,CO,Cardiology,West Emily,Approved,Inpatient
ea048fea-e5c2-4958-9a6c-d7bfb898f58e,324f0799-90d3-44b6-a988-9854eab99f14,7dab75fc-f035-4d09-8a5a-b46d640ae17c,2022-07-19,2025-04-13,2003-03-29,bN281,fF898,1556.03,F,61335,IA,Neurology,Keithstad,Approved,Emergency
a8aab5ec-409c-4543-bf33-4435b4c87ad7,dd91ec11-50ff-45bb-93a9-df004727d41b,2b65f5fc-717c-4577-82c6-6c5182b8fb41,2023-08-28,2025-02-28,1988-03-06,sM899,km019,4940.09,F,51082,MN,Pediatrics,New Thomas,Approved,Routine
27d83036-1f8d-405f-b7fb-1db01dada795,35ad1234-102d-401c-b298-cfebca18b592,ba07b404-fc07-4dd2-97b4-a6435c4440f6,2024-02-22,2024-02-20,1993-03-03,bF433,bl903,2284.06,M,81363,GA,General Practice,Lopezland,Pending,Emergency
,1f3a3d34-9ccd-4e8a-84f6-ea7147ec7c88,b0a37fa6-4b47-48ff-ab3a-5a15c5130a4d,2023-04-02,2025-12-03,2004-03-09,Gg211,,4011.86,F,81661,PR,Pediatrics,,Pending,Inpatient
63e5ba09-1344-4f3e-8c85-aa7339f05352,c0f6e06a-168e-4103-92f1-d9705493aa0c,04df782a-972f-4639-9258-d5d7ed1c16ff,2024-06-03,2024-02-25,1968-05-29,yM027,mx532,4055.24,,36324,IN,Orthopedics,Port William,Denied,Outpatient
98b926e7-2c74-4fa2-8a0e-63614cd845b6,,bf731e34-8c95-4f96-9d75-7da816bf2f42,2024-06-06,2025-04-17,1957-03-09,vc390,ix520,485.41,F,69388,PR,Neurology,West Amanda,Pending,Emergency
9f4c286a-e177-4eb5-8fa3-519556ee9fec,d36bb37b-67e0-4494-bcd8-90b594303c91,bc887a94-9987-4b8f-a663-b3542d2d5212,2024-02-29,2025-05-23,1986-12-18,Jo704,qM653,1623.57,,53286,FM,Neurology,Loganbury,Denied,Routine
6a3022f3-cedf-4ad9-abe3-b2492883f74e,a4625208-cab8-4089-bf4c-23b4ac3abf18,0da759d9-9634-4cac-874a-48c91a7389e3,2022-09-06,2025-01-29,1970-09-01,mq667,,3870.82,M,38038,IL,Neurology,Port Christophermouth,Approved,Routine
13fc14bf-1442-4626-b35d-8c34a569a445,a7787f05-d001-4e05-969e-d1652fbfe42f,ee7ff997-e05a-4917-80bf-63bf863c2e9c,2022-11-30,2025-05-08,2006-11-20,HT895,ci210,1709.91,F,54792,MH,Pediatrics,,Denied,Inpatient
ea4331b9-56c8-473e-ae9a-f563a80607cc,9c6e8878-7b7b-485f-84e6-0ad5f320550c,582e1810-c9e8-4375-8ed5-74f0595c3a7d,2023-03-23,2025-05-01,1946-11-25,Em242,Rm334,220.35,F,12999,MT,Pediatrics,North Kellychester,Approved,Inpatient
7d3b3ff6-f5fc-4e60-a08e-0c7b74157f35,e019bdf4-b9d3-4104-814d-9a12712dc61b,9bb38f64-0c56-4b1d-abd8-21e139cd2458,2023-08-28,2025-05-11,1951-10-16,jm978,ab201,9907.72,M,15140,WA,Cardiology,Josephhaven,Approved,Emergency
e70b48a5-6c7a-4c2e-977f-4ce792b9d7a0,ffbee096-a309-43a6-94dd-30ddda6044e3,74d1ea6b-e9d5-447a-b0e4-744366a203ac,2023-11-30,2024-09-21,1998-07-20,QL426,Ym196,5160.18,M,32001,TX,,East Marcus,Pending,Outpatient
7a93f397-1db0-41d6-8415-942ab0c505fe,9ba0cd15-7d94-4c25-8a3d-8f98533a07e0,51bdf950-1265-4cd6-aad2-0e14938df144,2023-11-03,2024-06-27,1989-05-09,Nl555,FH606,4079.12,M,39358,KY,Pediatrics,Robleston,,Emergency
027105b7-a591-48be-869b-1e6d3289602f,05e62c7d-bea3-4224-8e75-bbbdf56d1598,4d640078-aeba-4000-8fa6-2c3c9abf4894,2023-07-12,2025-10-27,1939-09-30,yL843,zS327,1932.82,M,13394,FM,General Practice,North Steven,Pending,Routine
fb6fbf29-d4fc-463a-964f-89b122d61712,4c8fed77-c0e8-48b4-a9e6-984395a0befc,4bceae67-9e59-4a0b-a970-a338b2fd8e84,2023-05-06,2024-07-07,1955-01-18,fX760,mc928,4391.38,F,05577,NY,General Practice,Valerieside,Pending,Inpatient
1a922067-f729-4a6f-bcca-d91dad02d791,f4f1c57a-ede7-4ee8-a4e9-e62615cd2416,,2023-01-20,2025-06-12,1978-10-25,jM576,vb816,2099.96,M,65104,WA,Pediatrics,North Nicholastown,Denied,Outpatient
4403a9b1-d016-4bc0-8968-a4e472613ae3,e58eace5-a625-4003-8d86-c1c22f5e7fbf,,2022-08-30,2024-02-16,1980-05-09,XY123,FK415,6941.45,M,45757,IA,Orthopedics,East Audreyborough,Approved,Emergency
7248405d-a11d-47aa-83e2-a1045df0902c,,b72b5da4-0ee0-439b-bbe4-8717f18dab67,2022-08-03,2025-03-01,1949-02-14,dX988,Rt746,4777.68,M,53329,CO,Orthopedics,West Destinybury,Denied,Emergency
dfbeb3b0-e476-4e28-9c68-8a6f6450de18,5d106777-f95f-4df0-9938-59f6984583c3,c28db123-a504-4fab-b717-670dcf1ed934,2023-10-01,2025-07-20,1984-03-28,kZ348,vk211,8791.95,M,83877,TX,Orthopedics,,Pending,Emergency
118374a5-a675-4152-81b3-30269ae86f4c,2c8fcc4d-c20f-4603-9060-dfb9445eed57,85b465cb-f1a6-43eb-879b-a73ef292998e,2024-05-11,2025-02-09,1986-03-20,Kn757,DJ942,3656.41,F,05259,MN,Orthopedics,New Melissaview,Pending,Inpatient
,a8d84a99-521d-42c6-8e22-01831dda4173,4c11a2ec-c8cd-4d6f-a9d5-9dacfd31c99a,2023-07-10,2025-02-05,1943-09-15,HZ262,Vf620,2888.0,F,80341,NM,Neurology,North Kylemouth,Approved,
bd77c43b-8aa1-47b3-bafc-91c49f74916a,3bad08c1-8a89-4a33-9369-1f3fa07a500d,d320dab6-c473-4ea6-9e8a-547648e47e99,2024-02-10,2023-12-07,1993-11-10,,Ya807,6445.56,F,47327,AS,Orthopedics,Blairport,Pending,Routine
,1625cb3f-0145-46a6-a742-756106bc7802,2eb0e7c8-58b9-457d-92b0-551ccdbd3cef,2022-10-18,2022-11-23,1996-03-25,lo611,HZ609,3624.13,,53656,MA,Cardiology,Perryborough,Denied,Routine
baf914dc-4bb1-4614-a4dd-bf285ba312e9,43a9e64a-3f68-4681-98c5-5d0a4ea10bf9,29ef81f8-0769-4d3b-a42d-e7d710602089,2023-11-19,2024-01-11,1970-06-28,Pw120,zl130,8815.12,M,05973,MN,Orthopedics,Frostside,Approved,Routine
2d8a186b-b2fe-4e33-8095-d65a078fda27,73098f8c-eb28-44f8-83fe-35f62e64c5af,bb1b98f3-d5bd-4aac-9b26-e19918ccc5ef,2024-05-26,2024-10-10,1961-08-22,sf034,,3131.91,M,83289,MT,Neurology,West Stacy,Pending,Routine
65f16450-a6f8-4958-bea1-2f0578cf1332,,b680bfd3-3389-43c1-ad7f-1acfd356cb2e,2023-02-28,2025-04-19,1998-09-05,zr812,,3652.42,F,03212,PR,Orthopedics,North Wandamouth,Pending,Outpatient
,55b3efb1-c458-429a-bc43-3a446a2a6c64,657da63c-85af-40b0-872d-b4ca622015aa,2022-11-14,2024-10-31,1935-11-14,Zy829,GY852,3178.72,M,12922,,General Practice,Lake Cheryl,Approved,Routine
18c0c020-7dbb-47c4-a9bd-9fbe2b48cb49,be19e605-8799-48ad-a6c9-324d74e8f23c,6c285f19-7a12-4554-b7ff-a907ebc299c9,2022-08-25,2024-12-17,1957-02-12,Oz548,oY498,6175.02,F,61291,GU,Pediatrics,Crawfordburgh,Denied,
cc3ad5cd-1023-4cbd-b5ab-b82b0e89079f,dd5f8d9e-a1f0-4ae5-998b-ba1af569787b,66c51c48-c072-49a6-9833-9a697220555d,2023-01-07,2023-12-31,1973-11-30,wZ004,AO553,8414.04,M,31269,AS,Cardiology,Jeremyfort,Denied,Emergency
8d0d4409-c28b-4a03-9bb3-6c91fcbffaa8,cc39a46d-f053-4ad0-87b9-d0141c7c2f26,84c25916-a97e-4b47-83f0-80b59ff15ef4,2022-10-26,2025-04-27,1996-05-08,Ls882,td971,2457.65,F,17069,TN,Orthopedics,Tuckertown,Pending,Emergency
0ac78c5c-0ae0-497f-a66f-fc5d12bf2b8b,cd3f793e-171e-4f88-97a8-bf4f34832d94,fc6a1b68-20f6-421b-96ef-66c44a3c6fe8,2023-12-16,2024-10-17,1997-10-05,ir363,DD999,3275.72,F,55814,LA,Orthopedics,New Andrea,Pending,Outpatient
6e3c8838-3987-4a4c-94cd-6fe40ed9da53,2394df32-0934-4c3e-99e5-506fbbf19668,022a4933-49a5-4f72-a66d-d5a04a8c2c61,2023-12-12,2024-04-04,1996-06-02,OM643,xV503,2842.99,F,59044,NH,Cardiology,North Kathleenchester,Denied,Routine
ccbc1a36-a02a-4dc1-a3f8-b9b8cc13af5f,a2f77f44-d024-46e0-a9cc-29cd56122745,a090d275-6ece-4685-9850-0e0afa9037b7,2023-11-20,2025-10-12,1949-04-28,VJ107,vW136,3686.13,M,95837,GU,Neurology,Leonardborough,Pending,Inpatient
f6b14eaa-3987-4ac1-b7b7-be451e3863d2,,b8a414d4-662e-4a40-a0c6-cdecbda74ac8,2024-01-25,2025-01-15,1989-04-14,gJ654,cF377,2494.75,M,03433,AZ,General Practice,New Meredithton,Approved,Emergency
563fef16-52ea-4ee5-9be5-836dccacadc7,,82387472-00b8-4a9f-a0a9-fe07fd2d4aed,2022-11-20,2025-11-21,1959-07-14,tx929,TE175,2780.37,M,46068,WA,Orthopedics,Lake Carol,Approved,Outpatient
6f2f9630-afbd-4554-a65c-677bdc1707f0,1f842fb4-11dd-4c71-af05-bf48799f25db,0a62b329-2701-4b80-8e40-e3b23f96a4db,2023-07-24,2025-01-08,1996-01-29,Ve776,BB549,6598.46,M,93711,PW,Pediatrics,Owensville,Pending,Emergency
8967bea5-9048-4de8-9e61-d8ddd188f84b,0ae4747f-348d-4267-8fe2-762be820f893,9b5d1488-1bb5-453d-9f27-b8c9f4666856,2023-03-07,2025-10-10,1948-09-10,LG094,hI322,5532.46,M,34663,WV,Cardiology,Port Matthewton,Pending,Outpatient
aae18fde-4b95-45cd-92bb-9e465aaa3e69,5e6f9fbb-5585-43ff-af08-a3cd396c065b,ca219ef7-0f73-427a-943d-be717e359dea,2023-07-17,2024-02-20,2010-01-27,VV660,ZH425,8020.7,,61450,NE,Neurology,Tranberg,Denied,Inpatient
c00d4701-ecb4-421f-b825-4db1c2c78c1d,4e42a867-ee32-4890-854e-0b5c32eeaf2a,c5c32748-1152-4baa-b465-fe7889440308,2023-07-02,2024-08-08,1955-12-28,po106,Gu851,6074.58,M,58294,IN,Pediatrics,Turnertown,Pending,Routine
1fee12ff-ff59-4129-8ad1-9fdba39e9f07,bdd2c031-c2e6-4787-ab6e-8fa17f86d407,fe22f498-f23a-4c65-a11c-2ba3c6d120b5,2024-06-16,2025-09-28,1937-07-31,WY197,xY071,823.51,M,97117,OK,General Practice,South William,Approved,Emergency
73b5ae50-017d-4cff-8ec3-1f005f1241f7,06d77747-3d12-47d2-ad9d-bb0b7d8b8b73,92bdd5f3-2a8c-40a8-a796-eee8480e0712,2023-10-15,2024-04-24,1993-04-17,WT671,ZS460,1893.71,M,36040,,Pediatrics,Huffmanmouth,Pending,Emergency
e662573b-902b-483f-9baf-5937d97052d5,23df6786-3552-4076-9550-51dae900acbe,5ebf76a6-21f7-4c8a-a2dc-fbc241b8e851,2024-04-14,2024-07-15,2011-08-31,zo546,iO320,4994.76,,11117,FM,Pediatrics,,Pending,Inpatient
959b8cca-81a5-4c45-8ba3-49f230b26851,90768c61-562c-40cd-9cea-54f5420d680d,adec002b-8a86-44ee-9f4b-b21ea986ab9f,2023-06-27,,1976-03-07,aF505,,4541.25,F,59791,,Cardiology,Bryanmouth,Pending,Routine
baadad3b-62c0-4954-aace-ebf68b5a6084,26dc497c-77f5-4e48-8d88-137c2800be27,c828c7d5-6f2f-4817-ba75-05603f77dd46,2023-10-21,2024-04-16,1964-06-13,aD559,Iq610,6378.01,M,18519,TX,General Practice,West Michael,Pending,Inpatient
0b507cd0-c0c9-4ab6-9a7b-15f86ea941f9,6787c8ca-7b6d-4574-a396-bbd3a8f04459,93d3f0c7-650a-436b-be8e-fa4f89d0eba3,2023-08-16,2024-02-24,,yE475,WL815,3004.2,M,75224,GU,Cardiology,Williamschester,Denied,Inpatient
83cecbad-55a5-4913-8a08-2923782b9856,f5a27368-d76d-4b28-b51d-5036a0330cea,44a3b54c-1d5a-44c7-9e01-5c8a1e8b9e40,2023-12-24,2025-08-25,2001-11-08,pi464,QN223,8088.96,M,55311,SD,Orthopedics,South Jessica,,Outpatient
8bfd469d-7287-4db0-ac07-fb8c03a95d10,6cd22f18-c7c6-4986-b852-4e78e483c4c4,,2023-04-06,2025-05-07,1997-11-28,aq186,QK135,4973.55,M,21246,TN,Orthopedics,Sabrinaton,Pending,Routine
,a43239cb-d43b-4cf4-ad44-304650b6d136,43db64ef-ba51-41fd-81bc-68bde5d9eaf3,2022-12-23,2024-01-03,2014-05-12,XJ831,Ty118,,M,97229,??,Cardiology,Lake Kayla,Denied,Outpatient
78d7d272-360d-4849-b5a6-3f33d34d4c2d,c8587042-d8f4-49a0-bf6d-504b8733b79a,c44fc127-19e4-40c1-9e58-539b2859b1eb,2023-03-12,2024-02-02,1944-10-21,vg636,MT561,5278.67,M,07330,ID,Cardiology,Port Courtney,,Inpatient
51ff7508-7ecd-4240-a7ff-e76208cce27f,a952bcef-f8c2-4010-b0a9-9f52d0f5262a,d71f428e-684a-4b85-a420-e697fc95bafb,2023-07-06,2025-05-06,1944-04-25,iR323,DL424,4195724.68,M,48130,WY,Cardiology,North Emilyhaven,Approved,Outpatient
5d0189ad-96df-48f5-9888-99a113a6b4b8,085539f0-691e-418d-a31c-b028af7b981c,c0c6e649-c967-4a6c-9e9c-53a59d32375a,2024-06-29,,1973-06-17,vX570,Mx391,4545.48,F,39301,UT,Neurology,North Travis,Pending,Inpatient
af0bbb63-5bba-404d-9ae9-dc24d387bd5a,,02ed5e26-5800-4bff-84d7-569bb53c07a3,2022-08-10,2025-02-22,1986-08-03,mT464,Rr812,6757.82,M,87058,MO,Pediatrics,East Briana,Denied,Outpatient
f6d7ec36-9948-4a27-bd3e-0b9b0782dc16,09e272ef-b699-42b2-bcf2-2328f7ca71a9,2958e142-a7ff-4a8e-a99f-9bd080c2b15c,2024-03-10,2024-09-27,2015-04-23,VY478,dI555,8231.74,M,30826,GU,General Practice,Marquezborough,Approved,Routine
6ac864ec-fcc4-47dc-8f97-e54eac9579f9,69e3a762-b058-41a8-a556-8ac66c9d8721,6213c2df-14df-4339-ae8c-68f47d75c4df,2023-11-08,2025-11-11,1953-12-24,Mj615,wy622,1269.83,F,97515,OH,Neurology,Alanberg,Pending,Routine
50f1d4b4-984a-4d76-8b7b-6e4bfdf2d7d6,b4be9533-852f-4f08-bddf-1d4e6836bfca,5ec6014f-694a-4817-8902-7e4a801a8f65,2022-08-13,2024-02-18,1966-07-13,RA134,xm235,729.23,M,58257,PA,General Practice,,Pending,Inpatient
bf8e417e-5684-41ed-bb57-56c6151090a8,8554b621-8d51-4d25-9763-dd444abfaff1,5a3687d6-b92f-4292-a352-2fb46ada97d4,,2024-07-11,1968-02-23,RX416,vH483,1486.24,F,37187,FL,Orthopedics,New Susanhaven,Approved,Routine
d4e954ae-47b8-497b-87d1-8f3a452e3e91,d5cee976-4b9e-453c-8fd7-d5e571e7e1a3,a023a2c3-912c-4fc7-98ca-8d6e6430374e,2023-06-11,2024-10-10,1980-02-18,ox450,Mx499,6312.82,F,49139,MD,Pediatrics,Smithchester,Pending,Outpatient
31a8e26a-4e52-491a-8acf-9bd377cfce30,0e3caf73-1328-484d-ae0b-4b8c0c94ae89,0d6aa066-017f-4297-ab68-fb66997c6fb6,2023-08-25,2024-06-14,2004-05-14,tt379,lQ877,6517.51,F,45174,OK,Neurology,Jenniferborough,Denied,Routine
08dd6adc-71cc-42c2-91e9-f820231f8491,,8dcf7b56-a2e5-4312-9887-15317a8c5010,2023-09-04,2025-03-27,1941-06-18,LQ934,ol796,,M,98705,WV,,Bryanchester,Pending,Outpatient
897c9bf9-664c-4329-b4c9-852f94e4cf70,935cbfbd-b45c-4395-b700-89c6bead5fb7,3a8c6159-863f-40c6-bd7e-a6066bcde4fb,2024-05-29,2024-05-16,1944-10-15,FJ579,ee589,6658.97,M,49305,IA,General Practice,Lanechester,,Inpatient
7d42a2bf-3c67-42af-a3eb-362661bbe2e7,22c6e7a0-45e1-484f-a5f5-e24e11c83ac7,c3186871-4037-456c-aa2c-96f31082f0fc,2022-12-24,2024-02-11,1940-03-26,Xn008,Qt682,2985.46,F,66615,AK,Orthopedics,North Loritown,Denied,Inpatient
b79fe655-142d-4712-bd56-1c99a044fa37,5f4b87e6-4969-447f-9bce-529098dc8e54,a7f343ea-a577-4902-8a81-31afd0cd007d,2022-10-05,2024-10-31,1956-07-06,dc600,eJ158,2994.59,M,59538,OH,Pediatrics,Stuartview,Pending,Routine
906eda23-85e5-44b5-b363-c8176a898ef4,fc200cfa-1f1d-4773-b0fb-6436734d9511,48b12abb-3d64-4bf3-b013-b1ffa2d83eba,2022-08-17,2025-01-03,1937-10-02,Rd216,eP607,7255.86,F,29001,NH,Pediatrics,Port Danielchester,Approved,Outpatient
23273b8e-84c2-498d-8e6c-f3f1addf4ffb,c6d51fab-1510-4e84-9fbc-f74427991538,43b924b6-cdd6-4520-9c3e-9dfcb9316e4a,2024-02-22,2025-06-27,2011-04-11,RY936,jR078,9701.8,M,37250,SC,Cardiology,South Kristin,Denied,Routine
19bea81c-1f14-47c2-8450-5537f20e1942,1830b811-65e7-433f-9696-550bfd6033be,8a178a7c-bfa9-40c9-82e7-d8cd3111570a,2023-09-30,2025-07-03,1955-06-12,Yd781,Wq099,9842.69,M,32642,MO,General Practice,South Rebeccaland,Denied,Inpatient
a94ef867-da44-40b4-8d37-03117ffffe3f,6fff88cc-553f-49df-afdb-982123e29c08,ce24886c-54da-481a-b92f-54fadd18dc9b,2023-10-08,2025-08-01,1992-05-12,pl374,yG078,9374.54,F,73193,MO,Pediatrics,Parkerchester,Pending,Routine
31357c54-fa15-40df-87a4-fdc847cb395a,70ea07ad-fc5e-4b9b-822a-b9c1e0b23856,b39f9bc7-3ef6-473b-a298-d9a638b9ae24,2023-10-17,2025-07-12,1974-04-18,ZO728,Dw207,9163.33,F,30422,NH,General Practice,North Kevin,Approved,Emergency
ec7d1c2a-f104-4b95-b3a5-d40a89b12c14,09ba7308-245d-46ed-be46-4dea97395305,6eb8a337-8af4-431a-8b76-f412c1b7837c,2022-08-27,2025-03-28,2003-05-18,Mu654,GI876,5943.28,,77951,OR,General Practice,Lake Brittanyland,Denied,Inpatient
87bc3dd2-25f9-4452-b0bc-46efd6306f93,47a6c07b-30a6-4934-8d4e-3cd8035504ae,8f86c16d-f029-4699-9cc1-bcbdb520220e,2024-03-03,2025-01-05,1963-07-19,QS043,MB064,1910.09,F,,DC,Orthopedics,North Cory,Pending,Inpatient
76f72025-08c5-41a3-b1e6-2da0b1ccea95,407b7d24-785e-404d-8ff3-c487141f61eb,,2024-06-19,2025-10-17,1965-03-23,lD324,ra469,1159.11,F,19129,OK,Orthopedics,Boylechester,Pending,Inpatient
,c048a005-0a90-4370-88d9-1d8af4f9515d,6a157f7f-2569-49fe-b74a-34a0f374a99e,2023-09-27,2024-10-21,2013-06-12,Wu493,nu732,8046.14,M,20684,,Cardiology,Lake Alanchester,Approved,Emergency
fc6b3b3f-a0c6-4954-8ea3-a799470a1b4f,15868e12-8e4a-43f4-9842-d1818953d27f,1d33a8d3-59f7-4922-a6b7-8d9ad58c35cf,2024-05-01,2025-08-16,1981-07-11,jI031,iX991,4020.11,F,84383,SD,Orthopedics,Johnstonhaven,Pending,Outpatient
508b6c06-a075-47c3-987d-2948a37a93fb,baad7a8e-055f-4ef8-a766-2ab0f23c4f6d,399656e9-0e26-4dbc-9270-3225c84da8ea,2023-06-21,2025-03-11,1956-08-09,wu340,Fq556,388.78,F,95856,WA,Cardiology,Lake Joe,Pending,
8dbef16c-ebdb-4e29-b89f-f3a45ef1830c,c93d2e8f-fa59-49d4-97ea-90e49b00620b,d37149c3-46fd-4631-9443-d14c4b9e22c1,2023-09-11,2024-12-04,1965-12-31,YY387,Gg070,939.89,F,85087,DC,General Practice,North James,Pending,Routine
693a18ad-4e2f-436f-97c3-a6e0c99de797,112c5c58-34c3-4dee-9e77-6b9728b19a90,d019d7d5-67ab-455c-9e71-1bc2cb904aa8,2023-01-14,2024-09-07,2015-04-27,On662,mQ345,6543.69,F,89510,NV,Neurology,Mosschester,Approved,Routine
b617d493-d3e9-46fb-b5f5-c2226ff21617,4b43d88d-8b6c-4d71-9413-f4ff45921a22,08f7b801-589a-41d4-8b91-06fc1a579119,2023-01-30,2024-07-24,1995-08-17,mJ029,TZ465,718.33,,01360,,General Practice,Kylemouth,Approved,Inpatient
e55d6e42-e972-4919-830d-9cd3febe5ed0,17e2a564-b68a-4cd5-8f03-5de93b46acf8,,2023-03-01,2024-01-01,1937-05-10,rs601,IN242,5165.61,M,45058,WV,Cardiology,East Matthew,Approved,Outpatient
83433955-01dc-4a06-93f0-fa6a9de6402f,c6c3cb94-c3ae-4239-a796-4a5be1bc0021,4ca2a5c9-036b-4c5b-9b67-cbe449d1e827,2024-01-16,2024-01-01,1953-07-01,Ox492,,8786.86,F,43926,IA,Pediatrics,Hintonfort,Approved,Inpatient
8d17a728-2172-444b-913d-502a354085a1,c6381bb9-d19a-4caa-bae3-a7ef6a294f9d,db94664b-a01e-4851-af17-a29fda73b624,2022-09-03,2025-08-04,2008-04-20,RM982,Ep385,7116.78,F,62396,VT,General Practice,West Juliestad,Denied,Inpatient
63c488d7-5b00-4b3b-abea-543f2ded8e51,04a23914-6ce3-44ac-9d68-9794ae82f773,eced6b32-e5b8-4106-bbda-e8cbc56c7866,2023-12-26,2024-09-24,1938-04-14,At420,lk920,1585.48,F,19971,KS,Neurology,Evanshaven,Approved,Inpatient
9937d586-92bd-478d-b292-c4c8c6d502dc,8b595d2b-cf54-46c8-9835-f1b9a26c76d1,aef00b53-04ae-4423-9091-c6255cdf6ef8,2023-01-29,2025-03-20,1984-04-07,wa327,OV439,,F,,OH,Cardiology,South Zacharyport,Denied,Routine
f94d8f06-3ca9-4c19-8055-b9c7282f8295,b55de1ae-f50c-471a-b267-b1e97c37285c,2a5261fa-7c96-4c39-93a8-8848dbaddf9e,,2025-05-04,1973-09-19,uX315,Zh795,,,78184,WY,Pediatrics,Hallmouth,Approved,Outpatient
08bf2495-b67b-4b13-b0d7-cdb91bee820a,9be0d921-c7dd-4333-8307-8add576a2b7a,2f314819-9ad7-49e0-9df3-22d76f4757a2,2023-05-27,2025-05-12,2014-10-01,sf513,BR118,2893.65,F,59107,,General Practice,East Jacobport,Denied,Outpatient
93e7f81d-464f-414e-a302-59683b912965,343264d9-f925-4d17-ad3d-f9e8e06164b2,1ebefc4c-d897-410c-9476-a1c351f2f64f,2023-05-06,2024-03-30,1979-03-05,hr581,hZ032,4006.27,F,84400,MD,Cardiology,Leonardfurt,Approved,Routine
05e8e018-d34f-43f6-84e0-e1f9f956df6b,c7620747-bd80-4ebd-9e36-8175836d28bb,4cc294ce-c5c7-461a-87ad-9e37465a2f60,2024-02-17,2025-08-25,1987-01-21,Nj889,DL812,8643.67,F,77777,UT,Neurology,Robertsport,Denied,Outpatient
61ed6903-40a1-48cd-9620-f2fcba1f3235,0e6a3eaa-9e2e-4e6b-a02f-a291310f53e4,e9710c91-2d4e-4fea-a19d-744be17af2e5,2023-02-28,2025-03-27,1982-12-18,Yd546,iv556,4657.55,M,53108,IN,Orthopedics,,Pending,Inpatient
eae18ac5-e210-4503-923f-3cd8ab03cc0e,6d326460-0f98-4876-8789-8c0092522c84,9085e301-b03b-4435-8850-66fd35eab2e8,2023-07-26,2024-11-17,1980-04-16,rb890,lz869,2673.06,F,36497,,Cardiology,West Lisa,Pending,Emergency
3bc81599-794b-44a4-ba3e-148a392569f1,fe6fb715-21f1-49fc-9b2a-65b3bdfd9db7,08a40ba4-17a7-4456-a19c-d807027e6950,2024-06-01,2024-12-25,1980-05-19,DI679,tE952,478801.34,F,12135,VI,Pediatrics,Mooreburgh,Pending,Routine
803930d1-66db-4308-b2c2-cc26dd7e3d61,50da20e2-dc2a-4b68-86a1-5570015c4c39,34ef16da-ba84-4c76-a7c7-fee35e44a74a,2022-09-29,2024-01-08,1944-11-30,Ws727,ij850,9722.85,M,56919,AS,Cardiology,Ochoamouth,Denied,Routine
bf62ebfc-e5f5-464d-9992-9bf3afb01b4a,ec9ee4ad-e526-4be8-b203-208aac3cb9ec,5231ce0f-453a-4d67-8a9c-cb55b049952f,2023-11-10,2025-09-27,,Ee291,vy567,4284.03,F,95380,CT,Cardiology,Pratthaven,,
1cfa86ce-c25c-4918-ac51-e80fae6a1869,c532c49d-8344-4271-87db-50e9bf962da4,c93f0ce1-efca-4bb3-9247-9afe4e7bf90c,2024-06-13,2024-09-15,1961-12-06,UC761,pS414,2864.83,F,06306,AL,Pediatrics,Sarahville,Denied,Emergency
d68be037-544c-445a-a44c-4ba683df9e78,68746cb4-5cbd-439a-b3cd-8411cacbf49a,678cf970-56ef-41b9-81dd-13a50d44c102,2024-06-29,2025-05-04,,iF690,GB414,3133.99,M,42696,AS,Pediatrics,Rayfurt,Pending,Outpatient
4d449628-2e67-4be3-9a80-4a29477911bc,52549f27-d0eb-48cc-a951-06ddf9e3acf1,1288a8b5-af25-4102-af0e-5a8d55634985,2024-04-20,2024-07-21,1966-12-21,Qw410,Tb251,4450.11,M,16516,A1,,,Pending,Emergency
98ed5254-0c66-48b0-b822-9a7d9625f0dc,7e994f65-86f1-425b-8c44-e60849e00cd5,215611ae-3fe0-4db2-afae-08d79f9cf166,2022-11-01,2025-08-23,1988-07-08,Uz758,,7978.35,F,74422,,Pediatrics,,Denied,Emergency
cf10ceff-ae17-41c9-9bb8-5a9dc95487e9,9ee288b8-7395-4068-99a5-e47347eff95e,ac8a156d-c081-435a-948c-2a5f95e2488c,2024-05-07,2025-11-06,1986-05-08,Fr567,ZP626,2975.99,M,41023,ME,Pediatrics,West Amyfurt,Approved,Emergency
,575d2363-0efb-44eb-9594-07e5fba3eac2,35160add-585e-4da6-9561-8a43575a7578,2024-01-02,2024-05-14,1955-03-25,VD885,BL194,3573.11,M,49698,MO,General Practice,Davisborough,Pending,Routine
,782850e8-7795-4b35-be3e-8806ab58d076,cf19d23f-8c64-4b21-8b5f-db750dc007d5,2024-05-23,2025-08-23,,hX496,qy625,100.12,M,67921,OH,Neurology,West Nataliebury,Denied,Outpatient
a2855d06-28f0-43b5-9e83-bc0fd35558dc,145922a0-d1fe-42f6-9b6b-165bed8bb4be,9ff30724-aea3-4e03-a4ec-a28c3eba1b78,2022-10-09,2024-04-20,2012-08-30,dZ241,yo769,3207.37,F,53191,WY,Cardiology,South Samuel,Approved,
819aa943-1f08-48b7-ab40-72794b30e40c,d3f239a9-8ce2-42cd-abfa-f92ebd63d7f0,8cde10e0-3835-479c-9918-c32dbee696a9,2024-06-15,2025-11-27,2010-02-26,EI102,Ad031,1710.34,F,41281,AZ,Cardiology,Lopezmouth,Denied,Inpatient
feb6e12b-9fb5-454f-acf2-3898339bcc7a,d1c4e5e4-6422-44b0-894a-d2cd3dfa49f1,1ae28f57-6c46-48ea-8fcf-baf744738db8,2023-07-08,,1941-06-27,,AE563,3900.52,F,61125,MH,General Practice,Riosside,Pending,Routine
452c6d29-4e29-41f0-95d7-f3133fbb92ba,42ca9c2d-ae37-48a7-9727-4601786cf16c,44af72ab-9120-498b-8db4-3f2ba63bcb5d,2023-10-26,2024-06-26,1979-02-16,CG926,kv888,4688.59,M,57119,VI,Orthopedics,New Amystad,Pending,Emergency
f67160d1-783d-49a4-8081-3245a463e7f6,b2645542-41d4-4ad4-87d9-d0154c7b8ff5,3c81e9fc-6284-4eb6-8209-c69b38ad3f1b,2023-08-23,2025-05-30,1940-11-05,Wo037,bG152,2289.97,M,25322,AR,General Practice,Lake Karenfort,Pending,Inpatient
6c42c3f0-2303-43af-8853-29f49141b2b5,3f4834f6-f39b-46ee-94af-d897c8b2f5bf,48479928-b7bc-430e-b626-dd46f74e8fe2,2024-02-28,2024-03-25,1947-12-27,,MF331,4508.52,M,27738,HI,Orthopedics,Birdberg,Denied,
4657c706-9845-44d8-8455-493eb6106cf8,faddae46-38ef-4063-9ca2-e190d828f57b,94664017-eecb-4b19-b028-86ec01eb6297,2023-10-29,2025-01-14,1977-02-22,Zi403,hc503,1107.65,M,69990,OH,Orthopedics,Lake Diane,Approved,Routine
,3a9edb97-bcae-48aa-be78-3c952e6550e9,cf778e88-38f5-406e-a839-3ed65fcc6371,2023-04-18,2025-05-17,1978-04-22,Bo418,vm349,7354.74,M,56775,PA,General Practice,Williamshaven,Approved,Outpatient
f88ad9b7-577e-459f-bf1a-539afb17f15b,c476e75b-698c-43c4-bf85-31ad4a64dbad,1d1a6f7f-4a76-4864-9cf3-5fe4ad2c7414,2023-05-04,2025-07-24,1952-06-10,SA172,kp138,465.18,F,,IA,General Practice,North Tracy,Pending,Inpatient
af449458-a82c-4974-8f6b-f1d0b955e252,8e80b1e7-252f-4d93-b1a0-b908d5de91c8,384bb5cb-c972-4436-a017-19aeefdedfda,,99/99/9999,1937-04-23,Jb192,GQ798,,M,10820,PR,Neurology,Port Bryan,,Routine
63c0e8e4-db30-47cb-b047-38f67deb02a7,cd4bfcfe-1367-47ca-8623-649558aa89e8,c39e1461-c66a-41c5-932c-0d1305640864,2023-03-16,,2012-02-17,Xy363,rA849,,M,41089,DC,General Practice,Bennettville,Denied,Inpatient
0eb46de7-eb7b-4c2d-9c2c-65642b5e45de,fff3236c-6945-4e8a-8e1f-ebb00610d188,8daad8dc-f330-4240-bb0d-deec6b792711,2024-02-12,2025-11-18,1979-05-18,PU334,BX979,7100.16,M,35057,,Orthopedics,Thomasburgh,Denied,Routine
150a2db3-3d62-4fae-9bb3-233753b827d6,cfb705e0-e27e-4d7d-aede-869b70b8b491,5e23d338-a218-4330-a341-c41a2a13fa52,2023-01-17,2024-09-07,1990-07-28,NH960,zf060,6513.39,F,41067,VT,Pediatrics,Reynoldsmouth,Denied,Routine
bc9d5fff-0604-4273-86af-2242367098b4,bcf81896-954f-4e6c-8395-17ca820c51fa,645b3deb-eeac-4239-9633-bcd215f641c6,2024-05-08,,1948-01-30,,Dv910,,M,69852,MS,Orthopedics,East Matthew,Approved,Routine
4411f926-7155-48cc-bc7c-b1df69fa5769,45ea005e-ce3b-476f-b1b2-75dbd8c7d08d,94de02a7-f682-4d73-9ef5-f507b8203022,2023-11-04,2025-02-03,1967-11-12,pT673,Hf792,6773.89,M,30892,VI,Cardiology,New Ashley,,Inpatient
2a46177c-aaa7-464a-bb45-fa9f999720c8,c861e4bb-6620-4c95-b1df-3107f400961c,fc0c63a1-bfcb-47db-8d46-c55b395f73b1,2022-08-02,2025-04-06,1989-09-02,,kU490,6494.58,M,06965,AS,Pediatrics,Kevinport,Denied,Routine
876bbc58-3894-4218-a8d9-f163f0e3a955,f3fef3c4-155c-474c-a092-ad5a24d23ab7,71d76faa-f5e1-49b8-9bb1-f03f8bac4c2c,2023-06-13,2025-04-17,1974-08-08,QW940,FQ276,,F,13105,IA,General Practice,South David,Denied,Inpatient
56183a72-18e1-4230-94e4-7165cd691718,78c2889f-20a6-4cc4-868f-93981223dbdb,b52d33a1-598c-480f-8e1d-7c889995bb5a,2023-12-18,2025-04-20,1977-08-09,RV089,FL214,9972.66,F,14929,OK,General Practice,New Anthonymouth,Denied,Routine
4e7242f2-f751-4c06-8ca4-2573abf93a64,ae065497-c841-4177-895e-86140d00dcca,93efe88f-9e7b-48fb-bc07-cb94ef6c541a,2023-10-10,2025-04-03,1946-12-01,Kw524,tA610,8841.64,F,48034,CA,General Practice,Vanceville,Approved,Outpatient
d3b3eba8-8dc2-49eb-940a-64374f9a3dd4,ed5b8248-2acd-48fe-a48e-15bd76fe4efc,f17befe5-4e3a-4afa-89d8-c10cd5944779,2023-03-18,2024-06-17,1965-01-08,Tm895,Bo722,3985.34,F,06096,ND,Orthopedics,New Kellyview,Pending,Outpatient
c754e7a2-80a6-42bc-93dd-b0bc76275c53,7bd97782-beb5-424d-b197-6aac74e292b7,973a3400-1a5c-417a-97b9-336afaaf63a0,2024-04-30,2024-12-27,,oN605,YI143,2393.55,F,75453,VI,General Practice,East Karen,Pending,Routine
fa8f10bf-483c-46d3-9186-f22a39eabf09,2d3a0374-34cd-48d4-859b-ed01e160337a,7897ae46-f505-4247-9db5-f2f49c5c6f9d,2022-12-18,2024-03-31,2010-03-23,wE296,ro397,3319.38,M,71583,,Neurology,Michealmouth,Pending,Outpatient
197b8918-b9c0-4c02-adb5-cd05482ab1ef,fb521014-46e6-413a-ae92-762bc502a173,b359d16c-e672-41e3-811c-8135db3ca936,99/99/9999,2024-12-19,1999-12-20,CV220,AO810,6549.06,F,39758,NJ,Pediatrics,East Franciscoland,Pending,Inpatient
c26c93d0-7612-4b85-812d-c2f33fcc80bb,fc606453-b1a8-4bf1-9b3e-ed762517fe8c,9256d262-ed02-448b-b26f-cf2294475294,2023-04-23,2024-08-15,1955-03-10,Pa110,Jx276,3978.25,F,75825,AL,Cardiology,West Morgan,Pending,Outpatient
dbf273f8-d2f8-41c5-94b0-7c160866d80b,524d58e2-4b3d-44b1-9338-fea3d3090193,3bb5a318-5b4a-436d-a2de-715f487a7178,2023-07-16,2024-02-25,1954-01-24,oy843,,7895.13,F,24663,,General Practice,North Dana,Denied,Emergency
a824e689-db41-43b6-8e36-ccdc92d17831,8822ed66-c0b7-456e-ae9e-d275b62da646,f2e000fe-80d4-460d-9b20-4dac63e0a5f7,2024-03-23,2024-08-19,2000-01-04,ad724,cJ182,6487.21,M,39720,NE,Orthopedics,Nicoleshire,Pending,Routine
b438e01f-8411-4d8b-a5b4-4575095e0170,a306d412-69d9-4b61-851d-0e48c2189136,ed007721-27fe-4427-89d6-0f216af71715,2023-11-08,2024-02-10,1985-04-28,xd657,qu308,7250.44,F,12948,WV,Pediatrics,Lake Thomasland,Denied,
60646406-7a30-4218-afa6-093935c9645e,1c6e60b9-95a9-4aa4-b71f-8f40b5bb96bc,f0199bc6-3d99-4f54-aa9a-dfb45996ff8b,2023-09-25,,1966-05-03,dP854,If862,4239.63,M,82831,NC,Pediatrics,North Danielmouth,Pending,Inpatient
1b8c2c96-ef57-4c82-8c75-861741184415,44e6c95c-c107-43bb-9797-e19f63152c12,75e0aa4b-d268-4268-b9c8-de23badf1760,2023-11-18,2024-02-28,1943-12-06,sL602,tm619,5014.03,M,85141,WA,Orthopedics,South Christopherfort,Approved,
,3d2d2175-f75f-4ee2-a654-aa9cbcf30762,3d8da931-cbaa-4fb5-8726-13502d860bed,2023-05-25,2024-10-11,1948-12-24,RT069,Kx062,5970.11,F,98156,PR,Cardiology,Paulland,Approved,Emergency
33d972a7-c746-4e9e-bc9d-ea76916ba5c3,604f9b96-dda4-4822-bfd0-785d36c64627,19b5dd42-5f95-4fe1-bb11-32d4eb3e5ea9,2023-07-04,2025-07-16,1978-01-15,Ab927,VT194,8677.59,M,04282,,Orthopedics,Lake Marthamouth,Denied,Emergency
03015e8c-6276-44f3-97f4-e38ff1105a76,4306ff38-84f9-4ce3-a9a0-6413ec7674af,31b91cdb-fdec-4572-b162-6471bdf93c0e,2022-09-29,2024-03-01,1946-01-27,UG358,,9396.77,M,86283,OK,Cardiology,East Nicole,Approved,
58b63834-6c30-4773-9269-c5147bb8f203,44366b2c-f53f-41d2-a177-caf9cdc43d66,ea80f161-fc08-4e85-b08d-f323b8d9e9bf,2023-10-08,2025-02-10,1984-06-26,Cb258,Br159,,F,01447,,,,,Outpatient
a8fb2378-1311-4f2f-a9c9-e2275bc9ca95,582a8b23-96d5-4442-b5f9-68c0b65e9750,499b7f54-5e94-4e13-b64f-fec3f1f673e6,,2025-01-31,1992-09-21,WW213,Jw714,489.98,F,95424,NV,Cardiology,North Davidtown,Denied,Emergency
43a1c251-9bd7-4058-a478-252179651cc0,daa33ced-eaed-4709-a59d-fbd7424ec6da,1f7ef039-4349-467e-aff9-a137124db144,2024-03-01,2024-10-29,1940-01-28,vj985,tg253,1096.31,M,95730,PW,Cardiology,West James,Approved,Emergency
fdc4f785-0c95-4356-a2a6-d835ba3514f0,fd66e4f7-a678-4d22-bdf7-72694ea041c0,6b6823f0-b5d2-4f94-8651-ededc9b0adb3,2023-01-05,2024-10-08,1982-04-29,dn637,Tr490,4932.96,M,79238,IL,Pediatrics,East Paulafort,Pending,Routine
fdd74a7b-7751-42fc-b700-65f9a05c00b0,a2e18662-0120-4366-b599-5b1e01dc6a77,21df283c-64dc-4507-9e9a-6f372b4fa91e,2024-05-25,2025-11-30,1989-05-08,AZ579,Uy201,1856.54,F,40164,,Cardiology,Rodriguezchester,Denied,Inpatient
1a3f947a-f3a7-4286-8925-aed2eced6ee2,cfedbf0b-43eb-4dbe-a26b-74bd566898c8,d344683d-f2e2-4262-8c04-f9e92fda1d33,2022-07-09,2025-04-18,1946-09-10,Sc398,wv342,5830.19,F,57014,SC,General Practice,East Claudiafurt,Approved,Routine
18be459e-851d-4acf-8801-c77e79c610c6,604eefcf-1460-401f-94f9-d11ef9c11c40,761ff5a0-d157-4562-a23d-a5b467102f48,2023-12-15,2024-08-28,1942-08-09,tl173,IG795,2830.1,M,02903,DE,Neurology,North Stacy,Approved,Outpatient
f382965c-3de3-45da-af6f-6c9fd7075fbe,195e9856-f3a5-46b4-aa8e-a4be52ad5965,4bab6455-9548-464d-ba5c-c6cce0bc8c26,2023-05-17,2025-02-14,2008-10-13,kE644,ES865,1518.49,M,81511,PR,Orthopedics,Riosview,Approved,
7cc71b14-a9ca-4363-953d-cafcb9de653b,2f465b3c-7a4c-4ef4-8890-05e571ab01e3,9255ef64-1c63-4f01-8370-b6b172057a79,2024-02-21,2024-06-27,1944-11-30,UG834,AK914,5582.64,M,43755,FM,Orthopedics,Katieside,,Routine
d2af5869-c189-41ef-acc7-f85e257478ee,24cba043-8027-4338-8f69-3bb814d327ea,f746b9d1-108f-4cac-8cdf-b4802e84e909,2023-03-16,2024-04-14,1989-09-12,IV101,eQ313,8253.87,M,90767,DC,Neurology,Lake Kimberly,Pending,Emergency
b908dfa7-ba24-4425-a432-39c731485948,598a6cff-d572-41da-ac58-915e783fa9a8,89e3267f-ccd3-435a-8204-fffed12466e0,2023-07-13,2024-01-14,1949-01-02,FQ522,,,M,47761,OR,Neurology,Brendaport,Denied,Inpatient
f14222ef-8e50-4eb0-b53b-8d5013281e36,4968c5d5-30d8-45e5-b0fc-907aa2e1947f,f0e339db-e406-41e3-aee3-857669bd7e80,2024-01-29,2025-07-19,1957-02-12,nL291,Jl444,768.28,F,95698,SC,Pediatrics,East Dianebury,Approved,Inpatient
c06c97a4-64ed-40ce-a7cb-a16b118c6eb6,aed24573-0f98-4b37-885c-1fed98b4d94c,5d1d84ce-82f5-4f74-958c-a1a55c2a4607,2023-01-18,2024-02-08,2013-07-16,TH694,,4012.04,F,50187,PR,Pediatrics,Smithfort,Approved,Emergency
a7506112-fdb2-4129-9d8f-7037f0c029f7,d1a8dae5-8fcb-4bac-8e68-aa287f2cf76e,fb4b384d-24c9-41a3-9f5a-c9d9a997d019,2023-07-21,2024-10-24,1982-11-23,ZN376,lA501,7513.38,M,07795,IN,Cardiology,Nathanielport,Approved,Routine
c610105c-55c6-4966-bd9f-5ad21b71d819,9b3105fd-7119-43ff-bac3-cfb6dbabe61d,66ce62cf-4b1c-49c2-af25-2d0ee1963a3d,2023-04-27,2024-01-15,1953-06-15,Rb776,ki960,5751.69,F,23642,PA,Orthopedics,New Cynthia,Denied,Inpatient
7c645c21-2b58-42cf-82bb-a0d8dcc6b7d5,9e3d15d3-c2dd-454b-be7f-8efd0826137f,857bc480-cb76-447c-9e21-d478c5613a6f,2023-09-17,2025-06-19,2007-03-06,Ub926,pW568,347.22,,97128,NM,Neurology,West Tonyafort,Denied,Emergency
478c3d5d-d8e6-4a2e-90e3-b23209ab781f,72054d3c-4867-4070-a69d-3b9e66d6e0e2,74997001-a16a-4194-ad4c-a874fc1c2bc9,2022-10-08,2025-10-01,1944-08-20,Zm570,MK095,7452.79,F,27065,IL,Neurology,Johnmouth,Approved,Inpatient
4861e805-3bb1-48fa-9bef-7dcb59633eb5,1ae399fe-afa7-42b1-b3e8-beb595b8fe2b,d1658b72-15a5-4180-85a8-d27858bc4ec3,2023-11-14,2024-11-08,1947-11-29,MI409,wk595,2541.92,,20079,AS,Neurology,Priceborough,,Routine
bda420e5-87c4-415d-b955-fb010121703a,e8b283b0-649e-420c-a195-a9cf18c42868,e819dd09-5cea-4239-8e92-feef781aa4eb,2024-05-04,2024-07-24,1959-11-23,RI462,RB422,4312.38,M,74026,NV,General Practice,Lake Ericville,Denied,Emergency
3ad8e107-519a-4189-a68b-13fe40ff7419,c1574cc2-e40c-4322-9d33-15133d50358c,5f3a81c4-8c4e-4184-8711-c98b8f895eca,2022-09-23,2025-02-17,1942-10-24,aT145,vt228,5851.41,F,25861,PA,Neurology,Port Lorettatown,Approved,Inpatient
ce522b6f-96ca-4b2a-8966-538da66d145a,c69cad31-243c-441b-a929-bf0216d8aa16,d1da2fb8-32c4-4cd1-b782-e4b5ab151043,2024-06-20,2024-12-20,1963-02-10,Cj488,,5270.21,M,04960,MS,,Michaelfurt,Pending,Emergency
a9c70da3-e161-48cb-b2fe-95bf3fe22bb7,985f7f50-1230-4693-b09d-28a248aa4864,99c857a2-8927-4a11-9034-92f1f240d9b8,2023-07-13,2024-12-16,1947-03-31,bV118,bA841,7461.58,M,43591,WY,Pediatrics,Pattyshire,Denied,Outpatient
7025b073-c196-4f6a-97d1-9db56c1b6187,,fcf411b5-0401-4b85-a380-94ced9a72da6,2024-05-03,,1938-08-20,rR379,cx588,864.16,F,20986,FL,Orthopedics,East Anthony,Pending,Emergency
,1b65fafc-9813-4e99-98ae-e41f53b6931d,6b08693c-77bf-4f9c-a1c9-688d5736b2e4,2023-02-04,2023-12-19,1945-08-13,MM030,KP023,4705.54,F,05356,VI,General Practice,Meghantown,Denied,Outpatient
a996469c-9d91-437d-9a13-33384ec86e27,6c35f381-e4fc-4d5b-a4e4-fc8abeed154a,04a1cc5f-73cc-4bca-b6f0-af3fc2529ec4,2022-07-10,2025-05-31,1969-04-09,FC909,jB020,,F,14781,OH,Cardiology,Jacobsberg,Denied,Outpatient
d99700af-4726-496f-a117-6c6dbd82ac4d,1690b131-5d01-4f31-896f-d5d958b20a0a,d1c4b9c4-50b3-42cd-8ecd-b639d46b71fb,,2025-09-23,1951-01-08,XG157,dW304,5165.9,F,19310,AS,Pediatrics,South Sandraland,Denied,Inpatient
df6ea6a2-f2a6-49fd-b8a6-cdf063da1994,6a2fc5ef-14d8-4800-b2fa-f834d15e3b4f,cb3e6ed1-3fa9-47c9-8fe9-79f6d89f6215,,2024-11-23,2014-11-05,od048,,4369.89,F,72141,IN,Pediatrics,North Raymondton,Denied,Emergency
,d8b45f30-b86a-4a55-aae7-635e9762c52c,ac8ea0a0-6fb2-449a-834e-e0933d42e857,2022-11-08,2024-06-28,2015-04-08,qA792,ju769,9605.34,M,02162,VT,Neurology,Lake Veronicashire,Approved,Inpatient
0bb5588f-ae40-4fa1-aeb5-6ee3d50cd32f,64b71c0a-7065-420b-b155-c617d94681fb,a3e51559-223d-432c-9c90-bdb4f4fbd8c7,,2024-01-06,1945-07-05,zT811,Sw391,4739.74,M,33713,VA,Cardiology,Lake Alyssa,Pending,Emergency
f64b587b-c6ab-4c30-ae51-2e8b963b8320,63f14ef4-8bb6-4cb6-bc9c-8dbb3f9299aa,c71a74c3-1e88-4536-82da-e452179334c0,2023-03-13,2025-07-25,1944-07-22,lf281,ZF251,750.52,M,95432,PA,Orthopedics,Simsville,Pending,
1ef64766-5352-4e62-99ad-2c186f7959dc,f44d1361-f707-4604-81d1-0641c52b7c7d,54f169f0-8ee0-4b32-92e7-67df83c15939,2023-10-29,2025-02-22,1997-11-21,PZ994,Js768,902.36,F,63082,DC,General Practice,West Colleenbury,Denied,Emergency
3d7c8eda-325c-4d0e-b2bc-8ba3bd12e3ba,05a3f821-f78d-4b0d-b92a-c24180af6264,a58d1fa7-b453-4df7-a036-351fe94c5559,,2024-06-23,1969-03-23,NP258,pq947,2257.14,F,44748,NC,Cardiology,West Edward,Pending,Outpatient
a2efa44c-b41b-46f4-ab81-53c2cd786ef9,4b7b6e45-c6b2-4c45-92c5-370e8dbff22b,fa9b8c79-4dc2-47ae-8f93-6e85174840c7,2024-05-28,2025-05-11,1976-04-25,Ht236,ni685,9583.55,F,05438,NV,Cardiology,New Karen,Denied,Routine
,1e136cda-43b6-4b5c-9473-94f9b0c98bff,3d9b0af6-9b5c-44ab-a004-f3b261ad04c9,2024-05-15,2024-07-27,1959-10-14,Jd391,LB992,5953.63,M,06498,OK,Orthopedics,Joshuafurt,Denied,Inpatient
702a6d6c-d7bc-47d2-92ef-ed421ddc3e8c,0ad3d77f-cc9c-4f6a-8d08-4ddc7389ae63,826ab1a9-ae81-4761-a9e7-358a9bf12a9f,2023-02-18,2025-02-12,1964-04-23,ik879,oW676,1610.14,M,18448,MS,Neurology,Craigburgh,Approved,Outpatient
81d115ad-59ca-4446-bbbd-d84589a6b988,08fb9089-c3b0-4b48-8e84-e3b0fe9457e6,c561b086-3ee4-48f1-8ee0-4a1bdf32165d,2022-11-20,2024-01-29,1970-03-22,Wz842,Yz119,4333.25,M,63242,KY,General Practice,New Thomasshire,Approved,Emergency
70803607-7d72-417d-af75-03779a9f4999,,993b6b9f-31ae-4f42-813a-a3d323732810,2024-04-09,2025-02-21,1994-03-21,Pw902,rZ104,289.53,F,01283,NC,Cardiology,Gibsonland,Approved,Routine
c1b902ce-1e84-4e32-8130-702ae84a2073,12d4b865-e6b4-4ef6-8467-5a0596dfeafc,ead8aa9b-40c8-4b4d-82d0-8e46d9350fe1,2023-04-05,2023-12-07,1965-05-29,NS577,XK281,9053.16,F,54736,UT,General Practice,Riverafurt,,Inpatient
0f5427cf-c2ce-4b21-9607-1c2dc4de3ef0,51e48185-acec-42be-a404-13fab602e458,1b1df3cf-1d6a-45ab-a0d2-c967bac080f0,2023-03-26,,1963-09-27,Yr498,sZ901,5376.99,M,23420,VI,,Vasquezshire,Approved,Routine
b3326cfe-f402-4947-b75d-2bf21fb8d698,650f1551-c293-4e15-aa26-5990716c7372,,2023-08-27,2025-05-19,1941-06-21,yB417,Gf480,7966.32,F,73924,ND,Pediatrics,Burkeberg,,Inpatient
16654b3c-0f52-467d-929b-f97cd1b8e496,59fd471f-0c4f-43f6-bd30-7a3bb639e9b9,2ec44df8-0a00-469f-8456-4bf139d4cd12,2023-07-31,2025-03-18,1984-10-24,JK071,,6797.19,F,33439,WV,Orthopedics,Gillburgh,Approved,Emergency
4c7dc3eb-ca2a-4374-99dc-4f60b8e7f17f,01697e9e-f50f-4d7f-a815-9565fc79b22f,3154e850-81fc-46b1-89d7-ee99c1b4476d,2024-06-21,2023-12-08,1969-06-22,po352,pD296,1393.46,F,76630,PW,Orthopedics,South Crystalhaven,Pending,Outpatient
ae9d39cb-e5cb-4bd2-9adc-13ffcf50f313,3ff947d1-8687-4dc4-ae33-805ad72eb3dd,,2022-08-05,2024-12-15,1998-01-07,ow961,Fh588,7606.81,F,51065,NC,Cardiology,Dixonland,Approved,
69a964e1-71ef-45aa-9bde-6805cc24a754,41368033-542a-4744-82ae-b183d5acd67c,2281de57-9b2d-4fe5-9f04-c79b15cb926c,2022-07-26,2024-11-27,1981-07-31,EK543,Mg288,4395.13,,40271,ME,Neurology,North Kathryn,Approved,Routine
0dcdaf3a-ce9c-4cab-ab62-c55c063ef731,6721a9d9-7e22-4a60-810a-8fbc4c27d599,3c4e3174-ff20-4449-a3f7-c0d08c0c4394,,2025-05-06,,FW339,Ae221,5448.76,M,79555,PA,Neurology,Bridgethaven,Denied,Inpatient
c7a7a971-bcef-4cac-ae6d-22daf848d617,dc9bc221-9553-4fb4-986d-29e5b4dba608,,2023-04-09,2024-03-04,1946-10-06,hj195,Hy750,2579.63,M,38300,PA,Neurology,Thomasport,Approved,Routine
5528283b-8c96-4213-8440-debeb91f4596,55b3c7e2-3adb-47fe-ad4d-1263dba2697e,c2c2980d-6291-4d11-b680-c5a223a3510b,2023-11-06,2025-08-10,1961-08-27,BT136,UC628,6284.17,F,12879,WV,Neurology,Lake Jasonbury,Denied,Inpatient
d5bad7d2-81d3-4c1b-88c1-a499bebb4f40,4e83f691-c927-4391-87b5-7993d7bdf930,158048ba-a84c-4b79-a679-e37ff3681400,2024-04-01,12/2025/40,1983-09-06,Gw005,YE329,3867.13,M,98597,TN,Pediatrics,North Natalie,Approved,Routine
44d8a18c-c329-457a-845e-4adaca74f54e,5fcf8549-a1b5-47ab-83d4-d3fccccb6b68,dc9373bd-c787-4ab2-b40b-6afce79b2941,2023-07-29,2025-11-16,2011-09-08,,LE845,3224.71,F,29676,NC,General Practice,,Pending,Emergency
779d9e09-b732-41c9-bd6a-279e259781d2,de63b480-9aa1-42b0-b125-4362a44fdc89,,2022-11-20,2024-06-10,1966-01-13,Fu910,UA030,3758.78,F,39179,PR,Neurology,North Grace,Pending,Inpatient
2687d1c5-5c8d-408b-bacb-689b2c4dd37f,1d5ca856-9527-4bc8-9ece-af7994488d27,2afa1682-3500-4fa4-a472-f1b3aecc1a0a,2022-12-13,2025-01-10,1993-04-04,ie060,Dj317,6749.84,M,20448,IA,Neurology,East Jeffreyberg,Denied,Inpatient
b6fa95b3-7fdb-412d-ae36-ca31db7e833e,967d4f98-4e07-4bbc-89a9-fbc7bb9630cf,8657ca91-923f-41aa-9bcc-dbea1cf17200,2023-03-29,2024-04-26,1972-09-13,LU279,LV239,2546.32,M,74268,MS,Orthopedics,South Debbiehaven,Pending,Inpatient
10ab7687-54aa-4784-bab0-8d84e8a55212,d975ae17-7efb-4668-96de-27af79a90ef9,73234533-1746-4030-a6ed-13a16224d8cf,2023-09-30,2024-11-26,2024-09-29,bX537,mg591,3889.56,M,37678,VT,Neurology,New Nicolashaven,Pending,Inpatient
,9bdad240-5aa3-44cf-b102-36650c066ab3,60a45412-9744-4ef1-bf8f-f8a631a22240,,2024-05-23,1986-01-04,DO903,RD235,9933.22,M,60085,CT,Neurology,,Denied,Emergency
07bef75c-cf65-4064-b540-b9fe050f16c6,ee4ab4a2-f3d6-40a3-a7dc-3cd0d56ac629,ee9296ab-deb0-4e9c-8607-0e32e3cf1a42,2022-12-02,2025-03-01,1980-08-10,SJ151,Ux901,594.79,F,68728,ND,,Holmeshaven,,Routine
9f47aabd-8167-43b7-9d7f-e1df490ee0e6,1d6eae6d-0441-40b1-a85b-30b21fd12a45,62b1a8a3-dced-4a2a-9ac3-fc18f250fed5,2024-01-02,2025-03-07,1939-10-02,dL153,OS624,1135.22,M,90849,AZ,Orthopedics,Reneechester,Approved,Routine
66917f45-38ed-4bf1-afd7-11cceb058e19,e75cd76c-2c8a-4445-a202-88ef896bc60c,943e4729-dcfe-466d-9785-463b5bf9bbf5,2022-09-26,2025-07-23,1992-04-29,ZV855,Cn903,3093.95,M,61008,UT,,New Ianburgh,Approved,Routine
2fb8fca5-8f52-4dce-8d9b-8cc268bfbf7e,5c4ff101-1c97-4a6e-b471-d3dcbf5c4cb3,2cbd883c-f554-4c3f-a5cb-d119b93c4b7a,2023-05-21,2024-11-10,2007-09-27,Mp556,OO783,877.93,F,12007,ID,Cardiology,Taylorberg,,Routine
6fd9890c-e2c7-4294-bdfe-d302eebda5f3,b3828efb-a6d8-41e0-bae1-9019da71f7cd,c11558ed-9a2c-4da5-9bbf-c5cdcc2f7b01,2023-06-25,2025-04-07,1995-07-06,pq187,hz172,2141.9,M,75684,VA,Pediatrics,East Jasonhaven,Denied,Emergency
4d2590e0-1e2b-4ca8-a239-03d4e7679e0b,aadfa410-d80e-42ec-a3fb-7c71a1e7c1eb,42f8ac56-e722-4541-865e-79ed1568cdda,2023-11-14,2024-10-31,1962-03-01,Fv977,Qt176,6189.78,M,15025,IL,General Practice,South Angela,Pending,Emergency
055148ff-8ab6-4236-b9a3-4260d8d82284,d663b977-5f34-4487-a072-801a3d663399,50172793-1693-4ba7-805a-4eb906b40036,2024-06-14,2024-06-04,1939-06-06,gQ893,nL782,3538.7,M,66457,AK,Pediatrics,Hallfurt,Approved,
8b1f083f-5a71-405c-8a40-2737babaf594,0632bc7d-71f8-45fe-b239-cf9f61297741,9aa8a7f1-1337-462a-878a-f81e9d9f8e3e,,2024-06-21,1976-05-03,lk475,mL071,6985.13,F,31283,MS,Pediatrics,Marystad,Pending,Emergency
9bc372ab-a611-4986-ab15-4076d8186c4c,a4503b80-5332-4762-8e48-edd51af15fea,e4fbdea6-64d1-4c0f-bf66-7145482362b7,2024-01-22,2025-09-13,2012-08-29,JZ617,on043,,M,03237,NY,Orthopedics,Lake Tamara,Approved,Inpatient
90b2eb19-32d1-4cc4-b780-19e60766e82c,46efb856-0760-4b97-bd6c-600b0c0079ea,31632e3e-729f-432f-a64a-01b541974b78,2023-02-03,2025-08-14,1991-11-25,fG005,Av676,5758.92,F,13000,MS,Neurology,Trevorberg,Denied,Inpatient
baa374dd-23c7-4b07-90f8-426efd274277,8802cbd5-c15f-418a-8694-3008f4682ee1,,2023-03-11,2024-04-26,1952-03-10,bc428,TO919,,,92271,AL,General Practice,Port Rhonda,Pending,Inpatient
ef86fb14-181e-499b-bcdc-7466f2abadc9,3c7d4cea-2a3e-4790-a8e0-63c7627bf500,6a6d68a5-2962-4fe3-8776-0acb8c5530ad,2022-12-19,2023-12-28,1955-06-01,Cc110,OT106,3124.69,F,51516,PW,Cardiology,Tarashire,Approved,
d77864d1-a830-4b25-a6f7-19911c278979,3ed716c0-cfac-402c-b941-3f28055338ff,ee38457d-fe3a-48fe-94f9-00c0168d270f,2023-03-31,2025-11-25,2002-05-14,Be357,FZ767,8191.32,F,11811,,,Lake Nathaniel,Denied,Routine
f7d087cb-6f24-4ad2-98fd-e7913f2e5b52,eed3cab7-a986-474c-87fd-49428e3e62de,bb45af1c-9cf7-4500-a533-beea1b7562af,2023-11-28,2025-03-17,2015-02-09,Rm570,cC768,9969.06,M,70419,OH,Orthopedics,New Georgefort,Denied,Inpatient
23699008-a3f9-4a38-985d-237d22fdbe66,33136e76-2a62-4964-9a1d-31a2c3d9a8e5,e5ea5dc0-08c4-4e42-beda-5d623415e16d,2022-12-15,2024-09-14,1939-05-27,uE632,mo999,9033.89,M,85087,DE,Cardiology,Angelafort,Approved,Inpatient
c403fae6-3500-4bed-9d75-1dcc149e5516,e8748e0b-d26f-4e01-8202-706255da803e,7c071363-2b98-497d-b2cb-e6294bc4f420,2022-08-13,2024-10-19,1972-12-28,EI057,,893.78,M,55327,GA,Pediatrics,South Gabrielport,Approved,Routine
67db9fe6-2e7c-407d-90a1-16e58a3b55fb,cc18d977-861c-4564-8a24-f562af4bb38b,a24660a6-7ff4-447d-a5a3-600141a0c52f,2022-08-21,2025-10-30,1945-03-27,Yx956,By036,5873.59,F,25632,NY,General Practice,,,Emergency
76a0fde8-a59d-4cfe-8da6-9d7af108ab83,41570079-f363-40d9-adc7-da524506c029,a5262cf4-d055-4561-b285-68d725a9d10a,2023-11-15,2025-10-12,1995-12-11,uo224,Qa584,8189.57,F,09195,CO,General Practice,Roberttown,Denied,Inpatient
d1c0ff01-7ceb-4e93-9b5b-6657c21a9d70,dc8c9fb2-a8ea-41c0-a4c8-e6f51cff04fe,e31dfc92-0071-427b-ad49-833b69c83972,2024-03-25,2024-09-08,1949-10-21,Id624,Xg417,5359.81,M,05144,NM,Pediatrics,,Approved,Outpatient
3b2d162d-b14a-4151-95b6-268fcac3c798,315e10a7-3d02-4f7e-bd0a-0e6e7dac1d63,9911260f-5a2a-4c56-bfc4-befddd11f006,2024-02-29,2025-01-18,1987-09-04,HJ575,kD608,2651.06,F,91037,CA,Pediatrics,New Michaelberg,Denied,Outpatient
f18d74f3-4aaa-4e41-856b-4d43dc03ba4c,a84d729d-10d8-487c-bfdf-59af3649a4a8,f0db8081-498f-4dd2-bdc2-e38271f97d1c,,2025-11-25,2004-06-28,av899,Sh181,5691.93,M,36200,DC,Pediatrics,Annettebury,Approved,Routine
dbf05980-74c9-4240-af58-3dcd8449757f,65d5fad1-cf22-4506-9245-6012904ba896,3aecad8d-0073-41d0-9bbd-47c855db8091,2023-04-08,2024-07-31,1962-11-27,yq879,tJ841,6097.17,,54692,AS,General Practice,Port Davidhaven,Pending,Outpatient
1d862af1-e3c4-4c5a-934d-c5ed4ae92b53,90f76eb9-7f20-461c-a312-95e741d0860e,fb9185ed-6e46-434a-a7a0-516d43d9befc,2024-04-10,2025-07-03,,yg663,lQ057,8115.78,M,04104,ME,Pediatrics,East Kristen,Approved,Routine
5b960593-f164-4dc6-8a7e-f6efeafcc1fe,131fd546-b4aa-43d1-9699-6c8d1d0acc70,a3d060bb-204e-45b0-830c-d73ec28bfecf,2023-05-11,2024-09-24,1960-04-28,zJ473,pr853,423.32,M,07752,CO,General Practice,Rowlandport,Pending,Emergency
15128c69-04a4-4aa7-9323-b9177b1dd788,2f54404b-ea85-45bf-8389-ac9585fb4a18,,2023-05-06,2024-03-18,1950-04-23,Gw434,qB908,5154.75,M,33363,SD,General Practice,North Meganstad,Denied,Routine
59814444-a11a-4487-a72d-14cef38a2db2,e838fa89-6987-465a-a8cc-4c738cd4ade7,14a67557-6fce-488b-9dd0-57508fffdc64,2023-09-11,2024-05-28,1942-12-07,NE252,aj335,1489.21,F,99016,NE,Orthopedics,South Jenna,Approved,Routine
2d680a4e-7022-4a6b-89e3-5a46c370cbaf,318d8de5-1d77-405e-8424-18f6d9d9547a,3e6227ab-d47d-410a-ad9a-68369a5c442f,,2025-11-03,,Jg596,DH309,9091.46,F,22621,,Orthopedics,West Nicole,Pending,Routine
058930e8-7c3a-4222-a10b-f56185ba086d,f2d7c4d1-d62a-40fe-8789-f2dbfc47eaa4,ac80fe19-dfe9-49cf-87ff-937586f6b916,2022-10-09,2025-10-04,1997-02-02,LU666,HG764,7865.61,F,96047,ME,Cardiology,West Gregorybury,Denied,Inpatient
aa33d637-f377-46ea-9fdd-43a7c644b28c,89243c8c-b3f9-4ccf-94d5-a8a29b5208eb,3378cec4-833b-46e6-b1ce-1bc5a6ee4e8f,2023-08-25,2024-11-27,1943-01-13,,yv056,428.71,F,58651,WI,General Practice,,Denied,Routine
8fc13a6f-ab38-4231-80f4-5bc2b4d54aaa,e29f6fda-1d69-4ff1-97fb-1336df35d12c,cc9a9843-021a-421c-8f3f-0d85a4217e80,2023-11-06,2024-04-20,1961-10-17,A.123,ps809,8571.4,F,40261,CA,Neurology,South Michael,Approved,Outpatient
ce8e4263-11e0-4f28-b6c8-ab1144d4cc7e,1eb8c531-1de9-4331-a37d-aeb280d882ea,888e6827-dc73-4b46-ab35-42519d71c2cf,2023-12-06,2025-10-14,2024-12-05,yp776,iw570,5897.08,F,61960,WI,Pediatrics,Margaretton,Denied,Outpatient
154a6fb5-2ffa-42d1-b046-5c91d56908a9,7960caf7-6e8a-44c7-968d-13c0ef854335,08efdc07-725d-4414-83f4-c3b2963205bf,2023-09-27,2023-12-29,1974-02-27,fw392,gh965,279.29,M,,IA,Orthopedics,West Marthaborough,Denied,Emergency
61389606-5c4f-472d-bad0-7aef347037b3,c2088464-5199-42fc-a420-0a45e5827085,71e9f972-01d4-49a3-b670-31be064bfd1d,2024-03-29,2024-02-24,1950-11-03,Eg796,sx620,6464.53,F,20774,MS,Neurology,Wagnerville,,Outpatient
,217d5fae-90cb-49af-98a3-9edbe4a62bf3,c19fe42a-b300-44ce-9f50-5a23f58cc17b,2023-11-29,2025-04-05,,sQ345,jR539,4454.57,M,06403,LA,Orthopedics,,Denied,Routine
,5cb9433b-c3d8-4605-934b-e35fb39c7c65,27ce1683-32a5-4c4f-a9a3-43f8bb455c30,2022-12-13,2024-06-07,1967-12-18,nS540,Wl128,2814.73,F,39050,WI,Orthopedics,Jenniferview,,Emergency
055996ac-66ec-4392-affa-f259257e6d52,b2072e2f-5907-4f7c-baec-b1cf5dfd23fa,f81fa745-052f-4fc5-8eb0-54fabe585319,2024-03-18,2024-03-03,2003-08-05,og566,to725,614.37,,86719,WA,Orthopedics,Christopherbury,Denied,Outpatient
10ce524f-c408-49a4-8098-734a462a4010,fa1b6eae-4cd2-4972-b942-04f548f1c813,891b0b80-ddc2-4938-8ba7-5c4b65db4169,2023-02-13,2025-02-04,1984-09-24,Ox595,av539,7958.8,M,,VT,Cardiology,Benjaminborough,Approved,Outpatient
e86c4007-fb5a-4a10-a19a-516882ea2f34,416bd7ed-dbb9-4292-9633-0d18f1d73740,5c7f4351-22bd-475c-b22e-c9f284cb701d,2023-06-27,2025-04-17,1948-11-08,,Gi356,4539.61,F,05731,MI,Cardiology,Simmonsborough,Approved,Emergency
e051e8b5-bc24-4a0d-aaa1-ddf6d8a24792,91bfdab2-f89a-427e-bf17-e64a1481b7f3,7f501788-51c4-428c-a1bd-c13decdebe88,2022-08-12,2025-03-29,1993-03-11,uY712,jw849,445.62,M,65478,WV,Orthopedics,North Lisa,,Outpatient
b877613e-cada-4139-af27-d65d08fac54e,5c5d2ed2-fb61-40dd-a05a-2182ebd1552c,e4a77b31-c245-465a-aa3d-95b984a1bb66,2023-12-20,2024-06-28,2002-05-31,Yx309,sj141,5490.44,F,89149,SD,General Practice,Lefort,Denied,Inpatient
1ce229a8-a3c8-401d-9d86-abec2d0dc0bf,5306b9de-39e6-46d0-954b-7b857fcb01d5,d5963963-5108-4610-8c87-43849022ec4e,2023-08-08,2025-10-19,1940-06-25,ZB267,gW062,7773.81,F,46524,UT,Neurology,East Brandonmouth,Pending,Outpatient
7a2f7f58-715c-4d9a-946f-e82e707f3c01,a49a06c4-fda2-448f-8581-13ce5c8f986d,8f413d3b-968e-4e4c-a018-b483e9e15d9c,2023-09-03,2025-11-06,1936-05-28,mj772,gM515,1942.4,M,00552,SD,Cardiology,New Sarahmouth,Approved,Emergency
2390d6ce-fb8c-4770-8fbe-b2447541c2ab,501d25cf-b4e1-45e1-aac9-4648806e9a2b,cc196a28-b00d-41d6-91a1-1ba4bd9741e4,2023-05-27,2024-02-04,1936-04-17,wV154,Yc271,4431.0,F,22574,PW,Cardiology,Craigland,Pending,Routine
087d5bcd-c19f-403f-ac3a-61d76a9e6c63,b99e07dd-70d5-4b9b-b98f-fa75b1114194,6694b5e3-ec71-4196-bfcd-1931bd805514,2022-11-07,2024-12-03,1979-10-02,lB660,vM573,8966.07,F,05818,NM,Neurology,New Mark,Pending,Routine
e643d8a8-8de9-4873-8c2b-34d06419a8fb,2a71442c-0247-484f-908d-0be482fa15c9,95ace5de-0879-4c73-a703-44757624d0ec,2022-12-07,2024-11-07,2023-12-07,yl726,OP366,8520.69,,63462,WY,General Practice,Benitezland,Denied,Routine
981b80d0-c200-4c33-8110-1d37ccd54b76,,c2e1ff24-de4b-41cc-beb6-5779ee77312f,2023-08-10,2024-06-29,1966-11-29,Aw990,mM206,3102.53,F,35916,ID,Cardiology,South Duanebury,Pending,Emergency
b74bbe4e-6911-460f-ab55-c2b3dd809240,d81768a1-7218-46d3-9d0c-3b792a7ee2ee,,2023-03-28,2025-03-10,1945-03-03,Wm483,KV922,853.7,F,30755,,Cardiology,Emilyside,Approved,Inpatient
fadfb494-1c5b-4bbd-ab3f-af4e47e2a52b,12005cc1-1f11-4032-8b35-609ab822d185,,2023-12-08,2024-01-26,1944-08-09,sc145,gz358,7856.35,F,44320,MH,Pediatrics,Tamaraton,Denied,Inpatient
e4192111-2bf2-4652-b121-db485f68966d,ed8b3ca9-514a-4695-b882-c3eec4acc2b4,ca03772f-02ee-45c2-8a8f-1493908ed6cb,2023-05-20,2025-04-29,1953-10-01,hp477,EO429,6834.26,F,71645,AK,General Practice,Alexanderport,Denied,Emergency
d2ae219a-fc18-4e5e-80ca-402d895024fd,e89bbc2b-4586-4d9d-a98b-24db3a254996,3359f196-f534-4ed8-ad81-6e4cbc69d670,2023-11-21,2024-11-24,2012-03-11,uE744,AN699,1143.39,M,91924,IL,Orthopedics,North Justinview,Pending,Inpatient
d539e5ea-8e2c-4d31-9600-98977b6d2c16,b4d439de-ec50-47ca-86ce-82965dbbbdf9,383d0bec-216e-4d2a-81e9-68f30193775a,2023-08-30,2025-06-19,1997-02-05,tl517,fM595,2208.35,M,50873,PR,Pediatrics,Port Crystal,Approved,Routine
e1445ef3-8b53-4a52-b16b-2b0128380a2d,3cfd30a3-30d7-49bf-a7b0-9c271a2e9496,f2db76b4-cf43-45df-a0b0-b888723532bd,2024-02-18,2024-05-23,1973-05-30,WC450,vX619,3336.72,F,17026,UT,Orthopedics,Lake Christinamouth,Denied,Inpatient
35680a70-b21d-4ec5-84df-3f5906697eff,134681a6-c412-41d8-bcd1-00e2a1fb233e,a4c9ca9c-3067-4f6d-9715-48f9cdb1ca1d,2024-06-30,2024-02-21,1997-01-05,ir511,wz789,5022.03,F,89758,,Pediatrics,Michaelberg,Approved,
0451f0c2-5ef3-45bd-9f0e-64b31be69270,f4ed1a0b-579d-4bc8-853f-84f5cee6a284,7ab5bef7-6e22-4c22-8753-db1cad5cfeb7,2023-04-27,2024-11-30,1961-11-11,hE772,JA723,6864.16,F,04016,SC,Pediatrics,New Mark,Denied,
e766fc56-9458-4e20-b63e-7c81a30ed4da,,2ac6ab88-66e6-44d6-aede-9766c44bc404,2023-04-26,2024-08-19,,,,919.71,M,48672,CA,General Practice,Timothybury,Approved,Outpatient
8577df8b-eb10-4664-ad22-0e97f9ecd036,f48d08ec-c9dc-49b9-85f1-f2c800f38c52,0c4c79f2-5588-4e37-8ec8-71469ca13298,2022-10-13,2025-03-29,1954-09-02,oo820,EE456,8326.4,M,34496,WI,Cardiology,Walkerville,Denied,Outpatient
d6aec921-6c55-4297-8f77-77ee142f23c5,4b377ba8-ef93-42e5-adea-41bf3aeeece1,adfa704d-6527-4d06-81d9-96ffb05dd21b,2024-02-03,2024-04-11,1996-04-07,ph149,bp564,7824.11,M,76653,KS,Pediatrics,Daughertymouth,Denied,Routine
d9ea68c5-0e19-4e0a-9229-b6098874885d,471eac90-b114-4144-a0c3-d9050a8c66d7,bfd05084-6f78-460a-b8da-a307bcf149e1,2023-03-28,,1958-08-28,ZK711,Ze135,2653.09,M,16534,TN,Orthopedics,Port Alexiston,Approved,
0bd7dd4f-be58-4c48-8179-fb2b633c0032,3e6ea58d-55aa-43c3-bf4e-89fe55112ca1,1b31888e-4efb-4164-847c-41f458012e67,2023-10-05,2025-10-01,1942-06-09,Pg709,jZ290,1097.7,F,59364,MH,Pediatrics,,Denied,Outpatient
40b0761f-7522-4097-a037-234c9e579be1,86b0c324-6d24-4f4a-839d-d2aca15efab5,166df4b3-7275-4ab2-9fca-24fc7705e2b9,2023-02-26,2025-05-23,1996-12-27,VW485,FB983,8165.24,F,79900,VT,Orthopedics,Kyleport,Approved,Emergency
0f7bb08b-a2f2-4b92-8422-2ce8eaaa7b4e,bac1ca47-8a29-4d0b-a7be-0a67b55dcf0e,9246c227-944e-4ac6-aad8-feca651fb184,2023-07-24,2025-01-25,1960-03-11,os800,zF251,3553.8,F,60055,MN,Neurology,Lake Rachel,Denied,Routine
b49a91d1-fe25-4780-b7c3-65b9ad2b4e80,700836ec-9a1a-4b9f-a5fd-07af1b794ffd,17e5c6fb-a1bb-4b31-aa84-25f271b6b113,2023-01-12,2024-03-05,1943-05-18,EG862,Hk920,6536.99,F,78701,AZ,Pediatrics,Brownport,Pending,Inpatient
0fabc318-6bdd-406f-b5ee-bd24dabcdfc7,11f603fa-47a2-4e02-8b37-9a6c8376868b,08f300f7-6e1b-436c-9a8f-8d1a4b8672fe,2023-02-26,2024-06-29,1974-02-15,ID584,BA274,7150.57,F,69012,IN,Orthopedics,South Ashleybury,Denied,Emergency
5abb0e09-0496-4d46-99dd-780eb3e41106,2036e3e7-e0d0-4800-97f2-901e1f46207b,443f88cb-c87a-4ed2-8e14-f395d4d52f33,2023-04-03,2023-12-27,1964-08-13,cW306,rz469,,F,48509,AL,Pediatrics,Jonesside,Denied,Routine
2fb15151-2d53-49db-a95b-35e26edf9c98,,97145993-2c15-42b2-a738-b999bd669788,2023-07-31,2024-10-15,,rW725,da104,6051.04,F,77881,UT,General Practice,Blackburnfurt,Denied,Inpatient
542e5298-c0c9-4a8d-b138-a3230d10f1fd,0036f180-dd7b-463c-9da7-6d228870887a,5731e22b-131b-445f-8be7-bd3775a018a7,2023-02-18,2025-11-24,1992-08-27,uO853,ta501,5260.83,M,34427,CT,General Practice,New Curtis,Approved,Outpatient
e75cabe0-815f-43a0-9cb5-971930966de1,2fae513f-2103-47d7-a7ce-5faa50e4dfbd,7a7a027e-f574-4857-9b7b-2e0698f82ea1,2023-04-27,2024-08-04,1961-07-14,zX735,Sh871,7341.81,M,72678,PW,Pediatrics,Donaldton,Pending,Routine
0755f7be-ab6f-4e6f-80a6-82747cff82ba,2bf54c0d-e1aa-4249-a446-8c108f1e02a0,22b6eec0-a780-49f4-a86b-74de0b24c768,2023-07-19,2025-04-23,1939-10-09,BF311,sa173,6023.74,F,98570,IL,Pediatrics,Garnerburgh,Approved,Outpatient
69fd8467-3bb0-4069-8b95-87816b477850,331907da-96aa-4f27-aed2-690fceb3c25a,4021f69d-1072-4184-b1ca-f3039dfee861,2022-08-12,2025-08-21,1939-07-04,nS373,IC037,8282.86,M,40307,SD,General Practice,Brianview,Approved,Emergency
bbcc22ec-a630-403f-b572-1b38d12aae09,c674835a-9f84-46d4-a130-e03a7100584b,7f6557f5-6f1b-40ec-a052-0a9eaca9635e,2023-11-12,2024-04-02,2014-10-29,ts878,Nx027,4088.45,F,80143,VI,Orthopedics,North Taylorside,Approved,Inpatient
6a0b8609-1494-4794-9473-0a87e19f4b61,37fca637-80b1-453c-9e6b-92a767f287d7,e7383285-8386-4f54-a888-794282b9f4ce,2024-02-27,2025-04-08,1936-08-26,AL676,DQ283,672.64,F,,LA,Cardiology,Maryberg,Approved,Outpatient
8bdff49b-7e8a-4e48-a381-959e98199048,848f8427-5d18-4b88-994c-7e5e84e2c182,07edcfe8-4183-44fb-9453-87b393991484,2023-10-31,2025-07-31,2013-02-02,Mc939,El586,4594.62,M,71046,CA,Orthopedics,Lisafort,Pending,Inpatient
47ff10a3-99f6-4522-b75b-25b08efe74c2,6d229c73-8caf-4c60-b321-8a64c1c530b3,538d4d3d-cb9e-4eed-9d5f-965ecd247dd2,2023-05-15,2025-09-18,1942-08-15,jN257,ej922,4013.07,F,56444,MD,Cardiology,New Jessica,Pending,Outpatient
b8783501-3f76-4a13-922a-fb8da750a3eb,c00716a5-cb06-40f8-8057-97ae42b72603,ad27f38e-e5c0-4482-a799-18f715be032c,2022-11-10,2025-04-18,,jY281,Pw753,5722.95,F,78320,CO,,Port Stacey,Pending,Inpatient
44de1bbb-707b-45f9-8638-d772ce9e55b4,d3c1c7f8-0134-4181-9a99-09d0a125b5d8,16ec7d38-63b5-4807-adb5-8acad6ac2db1,2023-07-16,2024-07-20,,Qz403,UI155,9902.08,,20317,NH,Orthopedics,Cynthiafort,Denied,Emergency
11b63f76-0116-4390-85b0-bb3cdda062a0,e491a8bd-7934-4806-af9a-1fc787d06354,3e31eff1-3e6c-455c-b40e-4a1cfc3f0e61,2023-06-30,2023-12-30,1977-08-09,UJ706,qZ020,719.39,M,60971,DC,Neurology,East Anthony,,Inpatient
8e7f121a-9ad5-4eb0-bbf4-7e96857db002,0ba78e02-1a3d-46f6-b0d6-fee3a0bfe8fa,598d56c5-cfa9-4d5f-8847-cf0323fd905b,2024-01-17,2024-03-20,1940-02-10,Bu412,eK656,6030.54,M,49143,HI,Orthopedics,Richardstad,Denied,Routine
2c316715-e369-40a3-a344-ada65527379e,e8a649ed-cc79-4150-a211-efeb4ed1b13a,7790c3b6-35dd-4b17-9c19-73544fde2982,2023-03-06,2024-01-11,1968-06-04,vt031,Ea152,2072.78,F,83033,TN,Neurology,Williamton,Denied,Routine
6089b08a-dd39-4cba-9ba3-fe4ccc9326b0,350c1b2c-dce5-4c0f-8dd0-98638624d22d,29424123-1a99-4c70-a4e0-e50562aebf35,2024-07-02,2024-02-15,1987-09-10,Wa731,rn473,4030.45,F,22945,,,Lake Ronald,Denied,Emergency
9ab6a0dd-7700-4371-87d5-2d24cce0f30b,34f0bdc5-618f-4e27-8b4e-25a725f9361b,a79ea7e2-792e-48a5-ab65-4b068822da17,2023-09-12,abcd,1980-03-13,lW653,zz245,1867.59,M,44240,OK,Orthopedics,West Alexandrabury,Denied,Emergency
ef2e8006-07a6-4faf-8336-d37330c7f84f,d42d7e36-3b5d-4b1f-a075-244f6b378232,26d42405-1230-4fa7-8d84-df5006ece3fa,2022-09-05,2024-11-14,2005-10-10,zU468,un909,8877.38,F,27185,ID,Neurology,,Pending,Emergency
,f94271f6-f89a-45dc-b121-b5899a6f6e36,18013c6c-ff25-435e-8694-1135bb52aa17,2023-12-02,2024-03-03,1977-04-14,nc599,Be272,5533.7,M,98034,LA,General Practice,Blackwellland,Pending,Outpatient
d1cb1015-9deb-44b8-a281-16addc9c69ea,97c2673d-8ebf-462e-a8d4-cb9ffd0adedf,bffb7478-0b1d-4daa-aa6e-62d20174bd82,2024-06-25,2025-02-06,,iz066,Dt986,4884.61,M,67809,VT,Neurology,Lake Lisashire,Pending,Inpatient
e31f5d13-88b4-47cc-a12d-5589248bacf1,530979ce-b516-4011-ba3d-dbf2d60c3321,3b6a74ea-e5b0-4759-b461-481857f9cb6a,2022-09-28,2025-07-16,1959-07-18,GN377,Am857,7496.07,F,38620,MS,General Practice,North Tammychester,Approved,Outpatient
05b74d29-ab04-4a88-ad34-b6c0664a020d,06c47a86-dbf0-4502-ab2f-250b2e02d065,901e0854-c3cb-4b0f-830a-7d2a07ddb27f,2023-10-12,2024-02-24,1959-08-20,mM652,tP770,5241.92,F,88756,AZ,General Practice,Hollandburgh,Pending,
52ef0ecd-b739-46da-b5d8-8f2436cd29ba,c62c3d2b-b16a-4249-9d44-07a8a4adafc0,ac4f0348-c1b5-4212-bd31-a0edc85db645,2023-06-01,2025-09-01,2013-04-28,Tv128,BO775,2363.56,M,36770,MO,General Practice,Port Katherinefort,Denied,Inpatient
3145c030-13b5-4ffd-bbbb-64fea8ace1cd,3c905e0c-5204-4745-b1a9-7d9400151d5f,f939e9fc-34e1-413e-abdd-0738ca438a44,2023-02-19,2025-09-03,1978-02-01,yz407,lf910,1290.05,M,23028,ME,Cardiology,Carlsonfurt,Denied,Outpatient
3bdda129-2d5c-48cf-9ada-48e925d61369,2306cc9b-2033-4a40-bbf6-c7dbb0322954,d537ff08-9979-4e61-a41d-335cdc199def,2023-04-01,2024-07-08,1939-04-08,bm621,Pb804,4865.31,F,55036,MN,Neurology,West Robertmouth,Denied,Emergency
994fe3e5-2b0e-4650-a8d3-e54329406d75,55e5952f-6908-413b-ac6a-d138c1a12576,a51ad8d5-47a0-4170-b2b5-1479680b234b,2024-04-08,2024-09-10,1957-04-30,BI154,iC031,4339.02,F,48922,,Neurology,,Pending,Inpatient
666a55bb-7e96-40a9-86cb-7b6980d40e36,f918c3e7-2717-4d20-83a0-7abaf485c900,f929637d-27fc-49e9-845a-d97b850dcb91,2024-06-03,2024-07-21,1956-01-16,,bP226,1647.54,F,19593,,,Annetteland,Pending,Emergency
1749a49c-f588-41e6-9522-69ddb3567717,dd339506-2019-4c75-89e9-efdc3e6227fc,71bc6532-8cee-4673-90aa-f694b99dbfc4,2024-06-29,2024-02-29,1988-05-18,zx752,DS530,7921.3,F,77471,TN,General Practice,,Approved,Inpatient
7555c33e-efaa-40b6-b021-7ec0f5d08ac6,c4308a7a-65fd-4333-98bc-e3bf4a23f19d,0a168798-e97b-4b9b-baba-e718f85d3177,2023-11-30,2024-10-29,1968-03-11,ZU646,aA273,5842.88,M,12648,DE,Orthopedics,Port James,Approved,Routine
57f06404-ab86-40c2-badd-994762e1b5a2,9dae20dd-11d1-4852-83ce-ea8b71673815,d69ae493-d818-4d47-b869-e12fd51b30e7,2023-09-11,2025-10-10,1962-03-23,PY843,Bi507,1955.38,F,06854,NV,Cardiology,Lake Heather,Denied,Outpatient
9891b02a-de42-4166-97e1-2af26be56b34,efb6b3b7-90aa-412b-acff-d8fcce94cfe1,ff1611a6-f349-4fa8-a8b7-59c24881cce1,2023-07-24,2025-08-11,1958-01-10,Pa789,nB424,8306.26,F,01000,RI,Neurology,East Elizabeth,Denied,Routine
828a8ee1-642b-4904-a239-3afa6d10e654,7098a802-2eb3-4ad1-8261-0d646bea52cb,9e9ea04e-960c-4f85-810b-a082100c4ac6,2023-03-22,2024-12-09,2003-12-14,EU556,Ab204,9505.61,M,41483,OR,Orthopedics,Davidfort,,Outpatient
7c0655ae-1aee-44a0-9148-1e23be1cd274,7e80dfae-1f78-4c17-ac73-908729882848,7d3a821a-c1cb-48a1-9b7d-41b6de2c974a,2024-05-26,2025-03-05,1977-11-18,Dq562,Pz956,4384.39,M,48139,WA,Cardiology,North Brandonberg,Denied,Outpatient
b4f17aa1-8ab2-472b-8398-6072a18f8954,497f0b23-a191-46e0-a02c-7888cdc5c2c4,3a63345a-da02-4bee-837e-71447a2b2af1,2023-08-04,2025-01-11,1955-10-26,al723,ZA764,2409.99,F,82760,,Pediatrics,North Briannachester,Approved,Inpatient
096fea05-7d4b-4f91-959d-9900564d71f4,2f9bc230-5cf5-4370-b4f8-a9a4b6819435,1a6447d4-b358-42e0-8d3f-67ba66040eab,2023-01-11,2025-09-14,1944-01-20,qO493,et665,9925.59,M,65912,MP,Orthopedics,Matthewstad,Approved,Routine
022b8b53-fbdc-4ecb-8495-fba5cfa26372,7b3b6059-cc0b-4217-babd-c551a074b494,,2022-10-11,2024-03-12,,hF728,Dv088,5969.12,M,16157,CT,,South Jeremyshire,Pending,Outpatient
af82465d-f98c-411d-9696-273d9e22dd96,9888dbc7-3228-41cd-b41f-d3ff457071ca,94ecd2c8-3fc9-48ae-b4b1-4f43303ef34f,2023-05-14,2024-03-10,2012-09-09,uR434,LN019,5826.03,M,52748,UT,Cardiology,Rogerton,Pending,Emergency
c14febc2-1324-41d4-b2c2-8403dc364cbc,e06faee4-f909-4707-bb5a-179004aa87fc,6b9c86da-3682-41e2-8e11-6c272ebbfd0c,2023-11-25,2025-11-30,1936-12-08,,lN807,3329.91,M,85301,NH,Cardiology,Williamsborough,Denied,Emergency
6f033269-a792-4807-8ca5-beb2fe805395,49d27e3c-49c6-4df2-9233-2069e016f865,1c0be06d-4fc7-444d-b639-4e6f6c982881,2022-10-22,2024-12-28,1963-02-11,NV297,QQ430,8936.33,M,95184,MP,Cardiology,South Brian,Approved,Emergency
9dc22481-c9b4-49fe-9035-e3a8d0fccac5,9fd7aa7c-6d3b-481e-b953-687836efd655,2e8eec74-ec2e-4d29-a59b-405f9cf7d8fa,2024-03-01,2024-08-21,1943-11-21,OX671,bT935,6276.57,M,11978,,General Practice,Costaland,Pending,Routine
9a64a44d-983f-437e-b2aa-d968bd9d8127,e9839aaa-7675-4e6f-9945-231dc5a7e9f7,b5c06f5e-ba40-49dd-b7ef-b68768d003d7,2023-07-13,2025-04-19,1944-07-10,dY425,ch531,2331.27,M,47386,MA,Orthopedics,Jeffreyville,Denied,Inpatient
aa33d637-f377-46ea-9fdd-43a7c644b28c,89243c8c-b3f9-4ccf-94d5-a8a29b5208eb,3378cec4-833b-46e6-b1ce-1bc5a6ee4e8f,2023-08-25,2024-11-27,,kj347,yv056,428.71,F,58651,WI,General Practice,Dominiquefort,Denied,Routine
,93c390be-35ec-48e4-9401-698a960c35c2,cf3028b6-7d35-45df-a707-00516df878e6,2022-12-12,2025-02-08,1990-07-12,nd691,FL553,1430.71,M,,WA,Orthopedics,Lake Justinmouth,Denied,Routine
b80597e0-066f-4eb7-b8d8-3eb38a4f7031,efb70684-135e-42d4-8a65-9670b2d091dd,6d1e52d5-8981-4ca6-a2c3-31b92acedc0f,2024-02-06,2024-11-26,2013-11-06,TY069,,4673.86,F,26529,SD,Pediatrics,Baileytown,Pending,Routine
46b1ac2f-808b-4497-95e1-eaa15d4dbb3e,301dab9f-6e11-450f-b561-04445dd560d6,6cedf97a-b5a6-45ed-a029-d0ae4bf4ebae,2024-06-18,2024-07-31,1996-11-21,NJ503,MV224,4873.11,F,51547,GA,Orthopedics,Millston,Pending,Emergency
6d429450-4670-46b0-a6f1-755d9561aaca,f42c1163-0d86-40e1-937a-4f581d2ae8f2,15996c0a-5103-4563-9e0e-74c9b20c3cb3,2023-06-12,2024-01-12,2003-10-01,yu606,KY770,4902.44,M,61640,MN,Cardiology,East Alexis,Denied,Routine
f5422704-6733-4c88-bd3e-1a77cf187a01,592c111b-5277-4ff5-ab97-234484783475,aef16ae5-af9e-4542-988d-1a76dea341fc,2024-01-01,2024-01-08,1947-03-06,FM402,qq113,8014.16,,78986,NY,,North Katherineborough,Denied,Emergency
455437bb-63e3-42fa-91a8-245bbe4c2a49,786d4e93-a1b6-452d-bded-9758c35efa8c,fd3a1e7e-7084-49f6-8655-8a6cd86bbf7e,2023-09-26,2025-04-14,1961-08-23,XQ122,,6279.96,F,67920,NC,Orthopedics,East Jeffrey,Pending,
e47b1c2e-e641-457f-9614-58ddafc65cc4,523de655-3a18-4ef1-8634-f088b7e455d5,7c57c6f5-1386-4c29-b0b0-c5a1d7c07fda,2024-04-19,2024-06-21,1978-11-18,cX884,Ln633,9714.39,M,78342,NM,Pediatrics,,Denied,Routine
108ff17d-1afb-4a8d-bc27-0f1871f87db7,04dd29af-8d4d-4218-883a-8205a279b45d,0b60d99f-f049-470e-a0ba-e0376fedc8c2,2023-05-06,2025-04-20,1976-03-30,db892,ix331,3016.73,F,28576,OR,Cardiology,,Approved,Outpatient
,df630779-0812-4581-ad85-87d953fd6da5,0d34a567-4a9f-4d8c-ab58-f114b30b18f4,2023-10-20,2025-02-07,1952-12-28,yL236,MT604,6797.48,F,67449,CA,Orthopedics,Port Jenny,Denied,Emergency
351fd27f-4bc6-4372-bdf7-7acbfcf56c43,,e046afe5-205f-45a2-b0dc-60c287e4f72d,2024-02-20,2025-08-09,1966-04-13,UF307,qk653,6116.75,M,22618,GA,Pediatrics,Lake Alberttown,Pending,Inpatient
88f9f986-80c1-42d3-a73b-759db4c062d0,575156e0-b695-4a03-83a9-194d05fee39f,4f73f5ac-ebc6-4127-845e-4782dfbd66fe,2022-07-14,2025-08-15,1938-07-31,aY992,QN367,322.45,F,21970,ND,General Practice,Port Nicoleside,Approved,Outpatient
7c780239-aafc-449a-be9d-2912d3fa5e2a,078c152f-e9ae-4f34-8d32-7e0470505c61,d0d1f4c7-75b7-4e42-8589-a2a7679f6807,2023-03-19,2025-02-04,1989-01-21,dI958,KM755,6757.36,M,56588,AK,Orthopedics,Batesville,Pending,
,a782083d-8834-45ce-815b-555997412ac5,8061390c-d850-4b93-bc7b-64a423cc3c33,2024-05-22,2025-02-07,1988-07-06,gG279,fE137,3464.76,F,14872,IN,Cardiology,Wilsonstad,Pending,Inpatient
c96f609a-128a-4671-b5c2-2de0a95484df,e37e8b74-f6d1-4d4b-b852-64d1f9a983c9,41c24d12-ce9f-4691-b16f-fe938f171664,2024-05-19,2025-01-25,1990-02-06,JZ933,UF451,3237.77,F,,TX,Cardiology,Lestad,Denied,Emergency
5b1b8708-09d8-45b1-83ae-2b3148d5903e,43502962-5a46-4e00-844a-e268c4df2791,8f562bf2-7b4a-4b65-8578-5d1917ad2593,2022-11-18,2025-01-16,1983-08-27,Oc010,PK648,,M,49784,MS,Pediatrics,Port Tammy,Pending,
2cc2ab85-0cc1-431b-8a2f-8d45e2a9f910,92524076-97dc-4415-a8aa-62223a875c69,f935dd65-c585-4bbb-8472-e3da9e206e23,2022-08-16,2025-06-09,,hR179,Pc646,1045.8,M,16119,LA,Neurology,Justinview,Denied,Inpatient
439da5ad-0e3e-481c-b0ad-c334052b55ce,ede732f0-2066-4ddd-9180-b8828dba963b,dc7ea02d-fa80-4782-9e6e-4fe96a6890be,2023-09-08,2024-06-07,2008-04-23,NB637,lN172,2820.58,,61053,IA,Orthopedics,Pinedatown,Denied,Emergency
d61cf10b-565f-4b75-854c-2cfa7b63280e,21b2fc57-e608-403e-a1fd-0a508aa5eae7,d942d741-8b24-47cc-aaae-5c259f49edfb,2022-10-01,2024-04-13,1936-08-19,hl764,Vg104,6359.59,F,79228,,Cardiology,Elaineville,Approved,Emergency
cf07d2da-7672-40fe-b992-e3c206e87de3,1bf4f2d6-e78b-47bd-843c-9134165e7e1e,b74ea04a-8bd2-410a-8df2-5ed92f642648,2022-10-26,2024-05-15,1999-03-11,OP471,kD221,9841.38,,13502,VA,Orthopedics,Michaelberg,Approved,Inpatient
a84f7cc2-ec46-4b22-8a73-6d0e0f32c082,4d660935-207f-44f0-a0c9-ed20b8454776,78136dd7-1454-45de-a0e4-b11c4cd02c54,2022-08-13,2025-08-09,1956-07-24,in103,ht038,235.46,F,,FL,Orthopedics,Kathleenville,Approved,Emergency
cd4ff184-e500-4120-b4de-c5037a0d3c88,93b2f46d-adeb-4425-b98d-d6c9e706ad3b,bc07d1ac-a851-4807-bb02-b7f9b2f0291f,2024-05-23,2025-03-19,1964-06-23,lr965,Vi036,9702.15,M,82444,KY,Cardiology,Juanview,Approved,Inpatient
89bc1f8f-ca12-437d-bf37-4ec8c439b513,2eb0b9a3-610c-41f5-858b-585736f5a4cc,bc58acd4-9ba3-451e-9ecf-431705fdb5df,2022-07-12,2024-06-01,1936-03-14,NP980,eY756,2528.99,M,48991,VA,Neurology,North Daniel,,Emergency
7401e715-da13-450c-ae3a-4ac4e08edd40,90c1764a-2fcb-4fa1-a005-d7cb00e1401c,dc14ce64-16e0-4b45-9e7d-9412aafb303d,2022-07-17,,1949-07-07,hu062,UB991,961.47,,16726,FL,Cardiology,West Andrew,Pending,Emergency
069ddbc4-69e6-4f4b-b176-6a92b9886b9b,2b7a06d9-bd81-4fbe-8e9b-07428ed104e4,92e341fa-b60d-4954-a21a-3275968ff005,2022-12-06,2025-05-14,1958-10-21,RB314,lA707,7936.63,M,50231,ME,Orthopedics,Jessicamouth,Approved,Outpatient
cd1acef3-7fea-442e-96b5-5472731fc419,688e661b-43e3-4e56-811a-7cdda590ae2a,18996965-7b5f-4038-b4c2-3041de7d11ff,2024-04-01,2024-01-16,1958-02-07,Ba446,BJ038,4095.65,F,38047,WY,Neurology,Kellyfurt,Denied,Inpatient
5c8e55a7-6dc6-4b25-a8a9-9284d0d7448d,20cbae27-ec79-42a9-af8d-f3c474adcdcc,94fa1f73-0f8e-47ad-a55a-d7ff34c6ac92,2023-05-03,,,xr473,Wr365,5143.28,M,02743,SD,General Practice,Matthewview,Approved,Inpatient
3c30245b-2739-4e6b-87b5-e1df1114b8f3,4edff9bc-c14c-4f7b-bca2-fccfaaf605aa,4258e407-a003-4913-8efd-54e32ce8518e,,2024-02-09,1991-03-10,Gx487,fL950,$5000,M,53473,SC,Pediatrics,New Stevenmouth,Pending,Inpatient
45aaeb84-011c-4752-a949-53a95ff23e91,9dcfffc7-964a-43f8-9ca1-caa5611a3bfb,f6e653cf-dbd4-4e37-8114-79bce6af6f77,2024-02-25,2025-06-12,2011-05-24,PT083,Ni210,2452.61,M,05041,,Cardiology,Tranbury,Approved,Emergency
6a68f71f-807d-43e3-9bcb-d94442c75a8a,11f704bb-9764-4d98-9c71-745760f99e55,8a155490-9a0b-426c-aa03-38e6d2ed2909,2024-02-10,2025-02-26,1954-06-06,NF057,QL600,1534.46,F,70292,CT,Orthopedics,Stevenfort,Pending,Outpatient
5bd25a91-2a94-4ff5-b639-98e37e0b85d5,87d2f84a-4ac9-4136-b240-c56f569c6b9b,,2023-07-29,2024-06-02,1958-01-10,nj321,fB418,3602.51,F,77619,TN,Cardiology,Lake Carolynfort,Denied,Emergency
4059b669-ae77-4e01-b94e-ec52c2a6c34a,d7bfeec6-2e66-4c27-ac37-35911eed5ae6,68ed620a-d5fc-49ba-a859-6e770858a3f5,2024-03-04,2025-11-18,2009-10-29,YY181,Qw863,1208.0,M,36033,KY,Neurology,New Stacybury,Denied,Emergency
2494ee81-2df7-49fa-b2ba-5aa927d9bdc4,f9f05763-0b41-4642-bc28-6cd8a7e9bfe6,a04430a6-750b-40d2-a15a-6eb2932cca1b,2023-07-02,2024-03-06,2014-12-12,bH916,PW151,3992.63,F,31999,FM,Orthopedics,Lake Franklin,Approved,Outpatient
2d273416-efcd-4220-8a86-c914ab877916,fcc39be9-17c7-43ba-b6c3-239228b94db4,,2023-01-31,2025-04-04,1977-06-25,me991,dV690,7534.3,F,99498,PW,Neurology,New Jillian,Pending,Routine
0a925fa6-222e-4c35-987a-6e1cf7e4e184,aaabc550-a144-42f9-9532-498d1e71eb7f,a305f406-a464-4b98-b482-f8f8d9143dbd,2023-10-21,2024-06-24,1965-04-20,bI790,iO941,4826.42,M,03758,MN,Neurology,North Jamie,Pending,Routine
349d1bfd-abed-4d5b-b601-d27d4fa79a5c,3bc2563d-3f37-4187-9c74-7b33e499f4b4,4b3ba945-c202-467e-98a7-336447a48e0c,2022-09-09,2025-03-01,2007-08-15,eH874,WB904,7349.03,M,91078,OH,Neurology,Kellerfort,Approved,Inpatient
964f3bea-27e5-4fdd-9477-dbdfb5418f21,03824511-ea67-48f9-adf3-80b42c81e0bc,e31de6f7-2468-4ad9-b94d-65fa3f403695,2023-08-22,2025-10-03,2006-06-17,,KY470,804.44,M,80527,PW,Pediatrics,Freemanside,Denied,Emergency
f776e6ff-8120-4b66-b426-db0be7e96466,c09c66ed-ffba-422b-a4ed-e6487d7608fb,a12d26ab-6e47-49f3-ae8e-b8821687a9a5,2023-12-02,,1952-02-11,Rs322,kV000,3111.57,,51375,HI,Pediatrics,Port Kevin,Denied,Outpatient
bc22faf3-14d3-4eb3-86ce-64b46d4c5153,51045117-b5a2-4d4e-a275-e4f98e9f705d,058454e3-3459-4d00-9801-b94917315334,2023-06-12,2025-07-23,1945-11-14,fM916,Bt298,3746.64,F,73302,AR,Cardiology,Port Sarahaven,Denied,Emergency
e1a16ff3-0010-4928-b3e3-0f503cf12ed9,749e0af5-92c2-4002-88ec-847236ca2581,ab09ac04-c8c4-4206-b1a5-1ca0a395e578,2024-06-02,2025-06-02,1975-11-23,ej032,,8746.89,M,06208,NY,General Practice,South Michael,Denied,Outpatient
e0fe0f8b-1d81-41e2-811a-1e2a57e988ab,22745ec6-ecb9-44b4-813c-b6ff34147e22,93746b8e-5160-4c0c-b1ac-1e20daad1e88,2024-01-21,2024-09-29,1976-09-13,da534,Gp217,1713.05,M,96745,NH,General Practice,New Jeremy,Pending,Emergency
5b456fab-b088-4910-bbf6-c84b73dfcbda,d284f666-3c17-4029-8cbb-6d7af1c7adc8,17f722d8-adcb-428d-979d-a89540d5a7d8,,2025-08-31,1988-09-09,Sb745,EH858,913.5,F,56730,NH,General Practice,Lake Jennifer,Pending,Inpatient
006f5f7f-0360-4afc-8590-482a98d76495,dd15f75a-374d-4f39-ac5a-82347cfb9796,f71287d5-91ac-43c8-9b10-ecfdb5d96fce,2023-02-26,2025-11-15,1969-09-07,cM378,mt656,2471.66,M,62344,VT,Pediatrics,West David,Pending,Emergency
1ac24bdd-fe87-4f97-941b-ef23e6793f49,677a1eb1-c7d3-479e-a166-a51ebd3cf9aa,b99d7ef7-9aae-476f-9b86-ad370f4b2f8f,2022-09-15,2025-05-12,1960-10-10,Kt082,lL177,6834.26,M,36306,CO,Pediatrics,South Stephen,Approved,
c8c0ade5-778d-4a67-a398-20b760d4f498,,010217b3-0a34-4f8e-94ca-b43b8b51d670,,2025-08-07,1967-01-01,lc710,pL650,1005.72,M,89063,AK,Cardiology,Lake Adam,,Routine
b138d86c-cda4-4d3e-a463-2720010778f2,f0e9c186-939e-48db-9166-772d3eddc6b3,b74a4e00-93bd-49bf-b2d1-972e4f4561a2,,2024-06-13,,wn589,rQ026,4036.36,F,95920,OR,General Practice,Shawnshire,Denied,Emergency
45b3bb49-58ca-4b21-982b-51f3d4780d1f,d7ed9a14-0c8f-49de-8f95-f7f46f6fcbd3,c9599915-31c0-4861-90ab-88f6d7b03595,2023-12-06,2025-10-22,1961-06-03,nj234,LC286,,F,69913,NY,Pediatrics,Lake Noahton,Approved,Routine
95fe2791-b9c3-405e-aeb0-db5ce9f64d41,8535f52c-daa7-40ea-b6a7-aa23f602bce6,4914de1a-a08c-4a13-9a29-7010aa5c7a60,2022-09-01,2025-02-09,1991-12-02,12ABC,nE886,375.74,M,74164,MS,Cardiology,Keithtown,Denied,Outpatient
,3c7d99d0-d418-4c17-a9e7-f185f53b6410,043dfbc6-6233-451d-ad81-6f746d17f8dc,2023-04-07,2024-09-13,1945-03-21,cd968,ys732,383.66,M,69052,MN,Pediatrics,Port Jennamouth,Denied,Inpatient
d3cd11d1-5fa5-4f6f-b577-d506efd0474d,23cdd3bc-2dc0-49f2-90b5-eb7c92305c53,28016473-1a43-491b-877b-6eaa298eb956,2024-04-10,2024-09-17,2001-06-01,MU737,we085,7249.22,M,43192,MD,Neurology,Johnsonbury,Pending,Inpatient
6962b55c-2215-4544-b070-0f6919d9a689,69d3022f-a651-472c-bead-505317d7db2d,279660d5-f7a4-40a6-a556-4f8389350afa,2022-07-31,,1958-08-03,lm365,FG718,7786.49,F,17366,MN,Pediatrics,Simsbury,Pending,Emergency
8748d6a8-9769-4a92-b50b-409ec6c9b43a,60d4bf9f-5f42-495b-8de0-b14957688e55,035918df-5fba-4d7c-94f4-7422966239ca,2024-06-23,2024-05-02,1942-08-25,fM754,kd214,9697.76,M,,CT,Orthopedics,North Deborah,Denied,Emergency
18a879e3-fac8-4724-a54e-583380515159,54886803-2210-495d-b108-5fb8d4a8e933,60287c82-0d55-4da2-a1ea-15c193b5a567,2024-05-03,2024-05-13,1936-05-06,Ha674,iU956,7968.63,M,37268,TX,Neurology,Sarahburgh,Denied,Routine
21ecebbb-6036-4257-a984-01109a562a00,b2be78e8-0b1e-42d0-bf9d-b508d2ef4cbc,88678736-917e-4139-8322-57ddafa5dc0c,2022-09-08,2024-05-27,2003-06-29,yT627,ar809,6828.37,F,61993,KY,Orthopedics,Jessicaland,Denied,Inpatient
0e2b570f-9543-4e7a-b9ac-29615b62177d,43eb401e-5b49-4a41-aa45-8776b9e27eda,a757f965-9555-4e3d-a619-0cf6ab69d4b8,2023-11-01,,1968-02-25,rT298,Bd935,9088.2,F,64069,,Pediatrics,Mooreside,Pending,Routine
0329bd29-1374-45d4-8848-aa23c1913fd7,a4ae5560-f510-4fe2-8e93-49a69c44261e,4d69bac7-1b4a-4d42-b49e-13b150d7de2f,2023-03-19,2024-08-06,,JJ430,sJ011,2359.53,F,79571,MT,Pediatrics,West Rachel,Approved,Inpatient
a2e0d9d8-4b68-4f0b-980a-e25fe8e61781,19a61d77-00e1-41aa-8425-14903b512cc9,bdbe7ec1-96a7-4513-a0e3-46efdd7ed312,2022-12-22,2025-04-08,1987-01-18,lo861,Ib819,9507.35,M,55003,VA,Pediatrics,South Christine,Denied,Inpatient
1f7ffc0b-7cb5-421a-94f0-3e6724030e3a,efc4f9cf-2826-40ec-bc03-27783f6bd087,,2023-03-09,2025-11-07,2024-03-08,wD163,Zy505,6370.67,F,40380,NH,General Practice,East Tinastad,Denied,Routine
fd6adbce-6066-4f98-bdd1-7f48b25aed05,00f2b7ff-f3f4-4198-af73-50c024941d46,181719f1-96e0-4324-9517-3977c0a7cf90,2023-04-03,2024-12-28,1946-07-13,rM863,Vo304,2003.66,F,33324,MD,Cardiology,Port Shawn,Approved,Inpatient
4cbb6e7c-07c7-4f9d-b682-a00ce18cb040,42feee70-588a-41c3-8d59-8aece29d6e19,,2024-05-01,2024-02-22,1998-06-23,Ix226,,1331.25,M,85153,TN,Pediatrics,Cookfurt,Pending,Emergency
87a578ff-551e-4411-950f-bc97692203ad,c27da555-5da1-436a-9a5e-85b1e82a2a2b,658d9d9d-5378-4fd3-bf35-b56078a95bdb,2023-03-10,,1935-01-20,of126,Ja343,7792.79,,23479,DC,General Practice,Douglasstad,Approved,Outpatient
1a7745d8-7f85-4472-8c22-72b93ab6e63f,b272a47d-0681-423f-be93-16835ad42aa0,16a11734-10be-481c-91a1-c6681d8cf0c2,2023-07-24,2025-02-11,,uX955,YP697,5365.53,M,38985,VA,General Practice,Rachelview,Approved,Outpatient
4eeaef7e-49ae-46cd-a3d4-09b2c0cda4de,86b387ba-d4eb-44a6-8da4-a17f9123c316,1ef97d0d-28fc-47cb-b6c5-54ca2dd84e53,2023-06-06,2024-11-16,2013-07-03,Je678,dw392,2547.59,F,34067,MA,Neurology,East Kevin,Pending,Inpatient
74d3d6c6-454d-4007-ac95-631a92e54e59,2810f7eb-e884-4eed-9090-e33bd309a189,6efd8ae1-041b-41b8-b2a0-eca86e52b384,2023-03-02,2024-03-12,2009-03-14,AH837,Sl777,3446.15,F,99432,NC,Cardiology,Port Alexandria,Denied,Inpatient
cb848eb6-fe73-43ad-b76d-158013a5b30f,84da5306-7fa3-47db-8cfa-270c8613ddd2,f3be88b1-dd9c-429c-b05b-1bda1e39a432,2023-12-13,2024-07-07,1968-11-17,GJ319,GE135,2667.42,M,42982,OH,Pediatrics,Moniqueland,Denied,Inpatient
d3eae1f6-2df4-46e9-924b-72d9c0e5f12b,5c86698d-f71d-418d-bb1a-28296928b45d,dbad74b0-42c1-4971-a730-ac50ae7d444f,2023-07-10,2024-12-09,1938-04-23,mk130,yz411,9602.64,M,38187,IL,Neurology,Alicemouth,Approved,Outpatient
bb7954ca-7c1b-4547-ba32-1dad7f4e403d,,f3f04fc0-303e-4697-9b62-70ff458a6967,,2024-04-01,1974-12-21,aE034,sa481,5785.45,M,27943,MS,Cardiology,West Julie,Denied,Outpatient
d39c880b-3fa0-4eca-8a45-3f2731f0da41,8f5ecfdf-ca40-4e8d-a82d-c9c7eb91c446,8552adf2-38f5-4096-9373-fc85f13539ed,2024-05-19,2025-02-20,1998-07-30,yC752,XK971,7085.3,M,08867,WI,General Practice,Richardborough,Approved,Routine
673b51b8-4871-4e88-a9bd-2648052d271d,60f39c4a-404a-446b-ae48-8db3ec194696,ebe96a2a-6962-40b7-9776-4535502ddea4,2022-12-04,2025-01-27,1971-05-25,Rx528,Xj729,1788.19,M,10441,NH,Cardiology,Ramseyton,Pending,Outpatient
536bd535-ca1f-49bb-8b22-affa55e930dd,cd459e37-dca3-4457-9945-bbd843d7f8ef,21cc3f5d-890b-444b-a4f4-cb8a2f8e8048,2023-09-03,2024-02-21,1990-11-18,YN408,rn668,6355.19,F,15803,MS,Pediatrics,Ronniefort,Denied,Routine
f7f7ef14-3396-410c-9256-d443c8c3321f,b55b9cfe-1d14-4bbd-bc58-df7aafeb3180,86c504c7-dcc6-448b-b087-c8352d61474f,2024-02-24,2025-06-20,1983-12-30,YQ917,yc481,5280.96,M,79351,MI,Neurology,Lake Kariborough,,Inpatient
25d63e35-f273-4d32-ab14-031ccfe273ca,bbb3297b-6a30-43f8-8829-7cacc518dc12,,2022-08-01,2024-09-30,1998-06-01,Tz747,Dx155,5257.48,F,60727,MO,Cardiology,Cindyshire,Approved,Outpatient
02b30f93-b9a2-486d-9dd0-6446b5cfbb4c,d975d0ee-d554-45c3-82a2-e3bb4f2bb74c,177d2964-b7c4-4c6c-9754-0c935801a309,,2024-06-13,2009-10-10,jc831,az479,2458.01,F,64323,CT,Neurology,Lake Briannashire,Approved,Emergency
d644ab39-acee-42c3-931b-13b419202680,db8dc814-ab10-4052-9fa3-3bf944b7f477,c93f01e1-23e5-4f10-95ba-89328a921267,2023-10-11,2024-11-20,1967-10-14,,zM991,362.46,M,00513,TX,Orthopedics,Kristinashire,Denied,Emergency
5104862e-08a1-4cc4-8e69-b774cc8fa2eb,a73f42ef-de0c-4b38-a5e8-5644a4095493,fcab7975-d62b-4e17-9900-b944f1ea1672,2023-01-16,2024-07-09,,Rn250,uN958,8278.07,F,84572,,Orthopedics,Grayview,Pending,
2b766400-f457-450f-95d3-1a9801ee4e77,872c5d99-3e84-41c8-b1d5-32c8b2d35bed,a48e9c84-ed01-4da5-8322-0e0ea066eb2f,2023-01-26,2025-07-07,,un066,Sm952,9087.6,M,44359,MO,General Practice,Heatherbury,Approved,Emergency
7100db25-dd5e-40d9-a2e3-5695db6d9f39,216d248e-9893-4f14-8dc1-a35de102fe25,34e1f317-f6d6-47e5-ad78-b3d7e2c0b930,2023-06-23,2025-01-11,1940-07-09,hm768,RI536,893.85,F,20326,AL,Pediatrics,Donnamouth,Approved,Outpatient
011683cc-72f5-4976-801c-b1d1765238a2,c6ebed43-2295-4dd2-87f3-6f77958dcd36,7255f152-8ab0-4e64-9d6e-b31f6121d68f,2023-02-19,2025-11-23,2012-11-18,tR870,Ds490,4204.78,F,27510,ND,General Practice,Jarvisfort,Pending,Outpatient
11bd1e13-786c-4ced-b9b8-f69e016169a9,35288baa-b7a8-4186-98ef-f7e5b55bfbce,5e71e7cd-2e0f-4ee1-8ef9-ca8f369b59d1,2022-10-13,2024-01-07,1949-01-02,Xj122,ec542,3797.23,F,08557,GU,General Practice,Meganhaven,Pending,Inpatient
fc2b5a34-8272-4443-8872-e8662c8af11f,b9497635-edd0-4592-ae7c-502731a142f4,8a019e07-69b7-4447-a536-97fbad247b99,2023-05-17,2024-09-01,1939-09-27,XY763,CZ794,9716.81,M,49764,SC,,Henryhaven,Approved,Inpatient
f41cc4ac-9264-40d5-9c2a-d0315adcb1ec,5deb55df-2e10-462e-b16a-8441beeb6945,becd0a8d-6fc9-4e15-8c58-aa8bb7133e9b,2024-03-21,2024-08-23,2002-12-18,gH332,Nf602,8973.72,M,75774,WI,Pediatrics,Navarrostad,Denied,Inpatient
df0b010f-9419-4a4f-8109-2e20fd9e8a2f,e9c16ca1-d01c-4898-8a87-bb3c53735c19,,2024-04-28,2025-04-26,1971-08-25,Fk979,qu543,7672.34,F,70832,MP,Pediatrics,Fordville,Pending,
bb0333cc-82e5-4c7d-9689-2ba753de259d,dcd4df29-367b-465d-8bf1-584bd641a70b,413186a4-0a5e-4a9d-ae91-4f106061c15c,2024-05-02,2024-05-29,1991-10-15,CW675,Jo712,5189.54,M,89465,GU,Orthopedics,Mooreport,Denied,Routine
db9b0112-217b-4a4e-8d6f-e64bfc0f4379,1a39b019-b462-4cfe-b97f-113c0dc72cca,1684b9a1-07f5-4881-accf-906828727628,,2025-07-12,1945-05-23,Jv323,ye200,9948.71,F,70191,HI,Orthopedics,Johnborough,Approved,Inpatient
4d3aa5a5-50c8-4990-8ffc-dd048d0d6978,38590942-cb0e-450b-9162-c5b527d10475,2586a614-e012-4f72-97d4-293fc591e279,2023-11-04,2025-01-10,1940-08-07,Ur918,qD788,1055.69,M,91224,CA,Pediatrics,West Willie,Pending,Outpatient
e12cb46d-af9f-4d54-98df-ef9c1dc11719,9117aef3-459b-4582-8275-4df33bd392a0,35907a1a-e919-40df-89cf-631316680702,2022-10-20,2025-05-24,2015-11-06,,Su139,8778.84,F,94459,MI,Pediatrics,Brewerton,Pending,Emergency
fe3b97af-5e7f-423f-873d-d125df6461ce,a590c7b8-91e2-411d-a980-284cb5614d36,ca7c37c6-3974-4b74-b1cd-d86da7f132bf,2023-06-18,2025-02-12,1981-07-14,,lE482,6264.04,F,76687,CA,Pediatrics,South Wendy,Approved,Inpatient
433356f4-bdca-4612-9ba0-3ca38e716069,4b76972a-685d-492a-9ff7-dce8e014d4ca,42de4b5c-b43c-4373-9069-fd2babed6b7d,2023-06-24,2025-06-11,1987-04-29,Zb443,xc553,9410.54,M,40329,VI,Neurology,Aguilarmouth,Pending,Outpatient
f2b350a5-4802-488a-8884-7983081f6bae,312b61c4-edc0-4c46-8c74-a9e5825b4c7c,f6a8353f-bd2c-448d-92f7-36754b18adeb,2023-07-22,2025-07-21,2015-09-28,hX286,Dk292,5349.99,F,20127,,Neurology,Bakerfort,Approved,Inpatient
c78fd441-a219-4927-a156-726190a4e08e,b682b123-ab87-4988-97ff-3f9475dd7e8b,a7d7c0fa-b7c4-4c60-9fb8-cc3f9b2eaf06,2023-10-30,2024-06-26,2004-04-14,OB700,cT816,6954.31,M,34613,TN,,North Kelseyburgh,Approved,Outpatient
,0ca353ae-60d5-49b0-a64f-b5283364a284,fafe2faa-f9d9-41dc-a5a0-f78b11d84245,2023-04-08,2024-07-30,2013-07-07,qD026,sd547,8208.73,M,67061,IL,Pediatrics,Lake Ashley,Pending,Emergency
2cd83c1a-dd0b-4270-ad9c-3cfeb7bf3829,6ea85031-c706-48d0-9f13-4dfcb12a5a3f,4fea7e74-f1f3-4391-ae93-18bb7c0bb480,2022-09-17,,2008-08-10,qk515,NR774,7910.43,M,56879,AR,General Practice,New Aprilfurt,Pending,Routine
1a95c0b7-388b-4277-abb7-1fed4d281659,,f2f0a70f-18b7-440a-9617-66237c53a490,2023-12-04,2024-02-11,1959-04-04,Ia255,xa528,3082.53,M,19795,,Pediatrics,North Virginia,Denied,Emergency
aba0f60d-a305-4a54-803f-483a9f6a7f9c,615c4158-e54e-4889-99a8-084aa39dcf37,ed4beff7-6fc1-43cc-9f3f-21d284ac6a67,2023-08-07,2025-11-09,1971-05-09,MR903,Gm834,4128.39,F,23618,NH,Orthopedics,Hillfort,Pending,Outpatient
,83cf4b11-b5c7-4880-a37f-91d2c94009ed,e9bc4e93-790c-45cd-9187-518f60f5359b,2023-07-25,,1974-12-29,ly095,oa989,9216.33,M,28516,ND,Neurology,South Sarahton,Pending,Inpatient
48760a39-80f9-4e94-a422-cca62d085ce3,ea835f82-9ffa-4585-ab7f-e9fbe7541e2d,,2022-12-06,2025-10-05,2010-05-06,OG921,hY543,6258.66,F,79175,ID,Neurology,Ferrellview,Denied,Inpatient
1082fe9b-157e-441b-9f87-a2381bda8671,d2804207-62d7-4754-897e-76281e3f9461,a713ab73-3dda-4edf-899d-d0e41da58d2b,2024-04-09,2025-10-31,2010-09-01,qG952,Zd413,5878.2,F,22747,NH,General Practice,South Brandon,Pending,Routine
,cb162adf-35b3-4170-bd95-f190f5187955,,2023-10-18,2024-12-07,1959-10-15,nd662,KO557,4825.77,F,61984,IA,Orthopedics,Conniemouth,Approved,Emergency
cf951998-fd2b-4074-bd05-557a31004e8a,273d3eb6-ee06-4eb0-af5c-3ea71f4146c4,8c7c0ef9-7bae-4ab9-84d5-09337844f166,2024-03-09,2024-12-02,1978-11-17,,uI812,,,08022,UT,Orthopedics,Josephport,Denied,Routine
dee2e253-f6f5-4237-9297-6ef429e4b259,506a8637-815b-4fff-a64c-a8a5231c78f7,37935fe7-bedc-4879-a724-0329ef7368a3,2023-11-01,2024-07-12,1949-11-17,ud020,za560,9564.87,F,32000,MN,Cardiology,West Jessicafort,Approved,Emergency
2661cfcc-36d1-4f5a-8216-e7d96bd5883f,913b7457-e56a-4e2a-9daa-d83c7c25f64c,26b557af-e633-4396-93e5-8e4968cfc4b3,2023-10-24,,2012-05-19,HK800,og034,5205.23,F,37145,VA,Orthopedics,South Jamesfort,Approved,Routine
adf1f555-7a11-40a9-9d37-f0091179bee3,10436fd2-f07c-482e-a252-fb83437564af,1a64430b-88e9-4519-be81-4b03fef97cb8,2023-12-10,2025-04-06,1997-09-30,Vi083,Tw225,8728.21,F,97691,OR,Neurology,Port Mark,Approved,Routine
c14c3700-85c1-4645-bb2b-050f14294d15,a9ad5ea2-9959-4226-a9e6-7d63d63c66f4,7cd6e4e6-c640-4b9e-97bf-21ea2b3758fc,2023-09-27,2024-06-10,1969-03-22,oo617,vM292,4048.35,F,11655,OK,Neurology,Amberville,Denied,Routine
90a044d1-cefe-4a83-acc9-24987a926863,7f178c94-ac16-4965-b656-8ee1253d9e0a,14c7086c-6d08-4f17-ba80-b24ea5094efc,,2024-12-21,2008-12-18,qM117,Sw274,7633.81,M,23908,TN,Orthopedics,Morsetown,Pending,Routine
dbbfcbd2-bea4-467b-ac7b-8166855a744c,1c4cb76d-d17e-43a1-ad68-8361bd93a5e2,1d945d45-518a-42fc-9492-00c8ce8eeec0,2023-08-04,2025-02-13,2005-08-17,On719,Po318,9761.15,F,04668,WY,Neurology,South Coltonchester,Pending,Outpatient
6119fb6a-b7f8-4cea-91e7-5a18e2c1103e,f0a38240-a455-4111-ba04-2d537a1281e0,2ddd652e-d77f-4154-ab27-b3e8fb81fd3d,,2024-11-13,1949-01-29,Sl349,,640.88,M,85364,LA,General Practice,South Jamesmouth,Pending,Inpatient
5c1d2f8a-07f6-4afc-85c9-539632a11c44,77dab304-4e3e-4083-a6c2-557db1f751ab,af958b09-13c3-4dfd-a6c5-3bd95a68b209,2024-04-26,2024-08-08,,oW808,sf932,417090.99,M,94721,NC,Cardiology,South Shannon,Denied,Emergency
5e300694-02eb-4100-bfcb-0c752ccf87b9,1261f315-7303-4c0d-8f48-162306d09fe5,ae39bc98-bdaa-4bc4-97ee-67d72f55835e,2023-09-22,2025-09-09,1937-09-14,iG287,eq441,8474.62,M,70411,KS,Pediatrics,East Pamela,Pending,Routine
e13e46f5-fd9c-4326-8f0a-cb275bd2ae87,26ab4b98-e8b8-4a37-b25d-95019ecd6858,da32c2bf-38ba-4b18-a7d6-93121f1c7be9,2024-02-01,2025-07-22,1961-11-07,bX442,HB910,3683.01,M,11457,IL,Pediatrics,North Gregoryton,Denied,Emergency
e3d42990-da76-41eb-99b3-3c00bdb6ae47,38936154-592c-4f77-925b-a22a35f017c1,eb24e93c-1ae4-48be-9f7b-d8ffd1c0bca8,2022-09-16,2024-11-06,1956-05-20,FB776,SQ946,1697.49,F,52642,TX,Cardiology,Olsenfort,Denied,Outpatient
cabddadd-3ef7-451a-801f-977109ee8a2c,951600b7-4f18-401b-ab3f-d9a78c009285,1abebe21-5b21-4e3f-86bc-d34202da3e13,2022-11-02,2024-02-28,1968-03-11,UJ309,,,F,20886,,Pediatrics,Barbarachester,Pending,Emergency
89921afe-76b1-4dbe-8513-bcefe6f85ac2,fe73ff27-9ad2-4d50-a357-36039613d64e,d36c5c2f-3ab0-4c1b-94ee-5396e4e88d6e,2023-05-21,2024-06-01,2002-12-29,tG925,kh014,657.4,F,99562,MO,,Cunninghamhaven,Pending,Inpatient
ecbbee18-b04a-466b-991c-9f03a9974308,41ae3734-bb24-42cb-9929-a397dc499691,262f8b07-7b70-4135-8022-f09f5e2769a2,2022-08-18,2024-09-22,1946-07-17,Od157,oO966,8057.76,F,78365,MN,Pediatrics,Port Victoria,Pending,Outpatient
,d4d319ca-3a30-4cf5-be49-0680fcf2ff5c,6a26a250-5516-4de3-853c-e909670c2f27,,2025-05-12,1952-05-28,iU746,Ru946,2881.94,,30636,ME,Neurology,Crystalview,Denied,Inpatient
52a40e93-2cc2-4e0c-ac41-d1e2f16d996a,cde33a4b-3856-48df-9e6b-91eb7c069fe6,56d0e68a-44de-4edd-b4c0-20a88642039d,2023-03-21,2024-11-20,1979-09-23,jP080,bR841,4976.1,M,71984,ID,Neurology,Timothyhaven,Approved,Emergency
5499b2f0-d267-4390-937f-89b480b8f880,,557bcefb-ca81-4d3d-a861-1a2435b45406,2023-06-05,2024-01-20,1999-06-16,Hs236,dm770,3764.57,F,61606,MO,Neurology,East Joshuaville,Pending,Emergency
31dee0d6-b9b8-4bb2-a12d-9ed5debb6db6,b253cff4-c890-435e-8f92-db4e2a6e6d40,e86c9fa2-c618-49d6-af59-cbebd38ea255,2023-09-26,2025-13-40,1966-12-06,wO952,CD941,4020.41,F,05870,ID,General Practice,North Williamberg,Approved,Emergency
f25b8375-233c-41bd-b377-db873eed9237,8927ede2-6b07-43e4-8fea-55338b3f8a3e,abc9e5db-4ffe-4785-ba74-6a92b13cb5f1,2022-09-29,2024-02-27,1984-07-06,ZY684,YJ634,1438.15,M,99869,PW,Neurology,West Brandonshire,Approved,Inpatient
e8f14056-fdee-40db-bf50-5b4cac23b053,0628ccc8-31aa-4aa0-9860-e178087085b5,2b63ee95-c73d-4f20-8f77-4112bf126155,2023-04-15,2024-10-19,1943-09-04,zQ825,eE819,8112.68,M,93204,AR,Pediatrics,,Pending,Inpatient
03015e8c-6276-44f3-97f4-e38ff1105a76,4306ff38-84f9-4ce3-a9a0-6413ec7674af,31b91cdb-fdec-4572-b162-6471bdf93c0e,2022-09-29,,1946-01-27,UG358,Sx533,9396.77,M,86283,OK,Cardiology,East Nicole,Approved,Inpatient
c48fb731-45ed-40ba-ae2a-bc9df329c748,35e70655-e99a-454b-90fa-29e85186ad40,4f501be5-16ef-4883-9a8b-0245126dbd3d,2023-01-03,2024-08-14,1985-07-13,aO343,ev971,9939.1,M,89115,MT,Cardiology,East Eric,Pending,Inpatient
260b7701-9664-43f4-8998-fbaeb53057aa,d85212d8-b4cd-46d9-9d54-5dee67b7450a,2205cb5a-0a57-4a28-950b-aadd53f2f1fb,2022-10-21,2024-03-15,2012-03-27,Er405,Rt222,7390.38,,97433,NJ,Cardiology,Youngbury,Denied,Routine
f3b2b8b0-1d3f-4700-9373-a5db221f9302,e08f34de-9e31-4ddc-baa2-2d98e652e46d,f3871b72-eb84-4f34-9ca0-63cea2f6c4b5,2024-01-20,2024-03-20,1948-04-17,Yo672,sy388,4471.15,,62628,SD,,Collinsmouth,Pending,Inpatient
dde2b659-bfca-4d83-b008-1b97a6f4b5fb,343452ec-3d5a-4a61-80b6-79351195efa4,67eb65ef-c424-4e5a-8673-5b6da8240813,2023-08-08,2024-02-08,,hE969,sA307,4396.81,F,70260,CO,Pediatrics,West Corey,Pending,Inpatient
cd27e21c-f71b-446e-959a-0dd628eba840,5b99093e-7e08-48e1-8308-e1ff629fbe17,16015bfe-ab86-44ba-a8cf-429a74a1e482,2024-03-17,2024-04-14,2005-08-21,sX325,Ao379,3408.51,M,17117,VI,Pediatrics,Danielstad,Approved,Routine
e91a965c-3616-4a0c-8f6e-f456c8f814f3,adf39dd2-3af1-4e47-a960-c7d16fb278d7,1972daee-874b-45d9-8012-6de72d5d848f,2024-01-28,2024-11-19,1968-07-05,Oo927,lH015,2675.56,M,41420,AS,Orthopedics,Port Kayla,,Outpatient
fabb87ff-6716-48a5-bf31-18681ec5c989,ef9b58a6-051b-413e-b9e1-6519cb036c88,b7a445c9-178c-41b1-a503-a7506e284c66,2022-07-25,2025-06-08,1960-03-01,oN197,kU704,4074.47,,91920,MN,General Practice,Jasonfurt,Pending,Routine
045f8382-6368-4d29-b0b2-a77f97ba6563,41b14feb-ddd5-41e6-9344-2c819545cd8b,2f975cb1-53c8-4ec2-ac4d-690ebe778d8e,2022-08-16,2024-04-10,1954-05-27,fH985,,7248.5,M,36969,AL,Pediatrics,West Lisahaven,Denied,Emergency
73a30b57-3234-43e3-82d7-fd4231f08fda,47a60499-6f38-4662-b401-afd71c481299,8e4493c3-eabb-4d03-9a4e-c8febeec51ff,2023-03-06,2024-06-22,1936-03-16,SY139,vK509,6619.55,M,39099,NE,Cardiology,Matthewhaven,,Routine
a1565c4f-cfa8-4e24-91a9-49b1bce63d59,0b35ced8-a26c-4805-a0fc-a978bbc76ff2,ef6a3866-fa5a-4fba-aa9e-b6f1de2905be,2023-05-17,2025-05-04,,cn940,tH809,545.47,F,82130,ME,Neurology,Flemingside,Approved,Inpatient
7ba84356-31f7-445f-a97b-ce62e07deae5,3b00f564-2280-4f8c-a215-37a8c6b26a4a,9741daf0-efb6-497d-a830-99d5aa9a923e,2022-12-16,2024-07-18,1961-02-19,XN810,iw826,1688.58,,19722,AL,,West Tammy,Pending,Inpatient
6836d92c-0bb8-4e9c-a3c8-8f50fcf6911a,bf0e6801-6e55-4e54-abb7-9de68ef1ca9f,b4530665-ac49-4af5-92bf-b8820904f422,2023-12-27,2025-04-10,2005-10-06,yQ509,eO440,2081.49,,11203,VA,Orthopedics,Graystad,Approved,Outpatient
205c932a-d321-436d-8850-80c3f5346262,2fe6e970-cc4f-4f3f-a635-309faae43825,c65713bc-4760-4429-a6a1-e403fadd3e26,2023-06-24,2025-03-17,2012-11-26,PP092,Tt938,2478.96,F,24481,MH,Orthopedics,West Michellemouth,Pending,Inpatient
3b0cd516-293a-4483-b72f-d4c9580b0fe8,e79a8749-b7bb-4797-b5cb-df5677599ed1,b3d9e8b0-4193-4fdb-b34b-ec8603a67440,2024-05-07,2025-11-18,1972-07-16,Mu842,oq099,174.87,F,83895,OK,Cardiology,Jenniferland,Approved,Inpatient
4865312f-b6ce-462e-807b-b0b4e6dfa1d2,06a5e0ed-09d0-4346-aaa0-8d101065c601,c068fda9-2485-468a-a4c2-475187bff993,2023-04-15,2024-02-11,1968-10-04,,dr220,8163.24,F,20567,WY,Pediatrics,Mayfort,Pending,Emergency
99665a5c-9a89-43d0-8f2c-933ee023e983,d8e7eb58-be1d-4156-97d6-2a91fd09bcc8,d5596be3-89ee-41b3-badf-e4ab6ec6080e,2022-11-30,2024-06-03,1957-02-14,xU422,rR097,1276.3,M,52975,SD,Cardiology,West Tami,Pending,Emergency
75dca36f-a946-4be0-9ce6-c249521ed1ba,2b7b9d6f-7b40-4ff6-b9a4-9eb6e6ae8093,ba520476-cc11-481c-b9c9-6aad47e23f8a,2023-07-07,2024-06-08,1958-07-31,iH211,OB173,6400.11,F,94284,SC,Neurology,East Scottton,Pending,Outpatient
edc655f5-6c57-455b-9f86-53e304a037be,f9a9b19f-b941-4ac8-bb30-b9df43274dda,f1e84956-e9ca-42ae-8b36-fb331d10fb24,2024-05-15,2024-06-04,1973-10-26,xi825,vm645,2808.9,F,27829,MO,Orthopedics,New Brandonhaven,Pending,Inpatient
6275a0cf-9963-4f9d-a961-9046cd331fef,98a49ed9-1367-4101-a761-61f80fe21ba2,8baba305-67ee-4141-b889-4aee8c406e39,2024-02-25,,1982-08-13,kk615,ak915,8271.62,F,13072,VA,Neurology,Port Claytonmouth,Denied,Routine
d82abd34-58db-450e-a0db-a0175add76a1,32457cc3-16f7-4bdc-8d46-ae6f5f8ea46e,3fe24889-048c-4b1c-b242-202dc01038a6,2023-06-30,2025-03-12,2012-02-25,wU583,ht734,8280.77,M,42638,CO,Neurology,East Justinbury,Approved,Outpatient
6120df16-d3c9-457b-ab80-93c4c808fbf3,b41be83f-856b-4b5f-88dd-399e543d4c9f,93e7c1f7-3a72-4627-9cc2-82dae0feff67,2023-06-02,2025-10-22,1941-08-02,SN532,eh680,3577.07,M,03952,MO,Orthopedics,West Johnmouth,Pending,Inpatient
ed2b7db6-86db-4ebc-a421-447c71055fd7,a289ec7c-1459-4d29-a9cd-ee41ad143e86,6eba02e8-ecb6-4295-a365-31495c0416aa,2022-09-04,2025-09-22,2002-10-22,nt557,Kw138,2496.35,M,90469,VT,Cardiology,,,Routine
9d56301e-39b2-4740-9e30-f0ac4ad69f80,e602d8aa-5900-4c0d-a424-67502cdd9068,d2078555-826d-4e1b-bb03-9a2048799b36,2024-01-16,2025-10-21,1978-02-10,Su458,mt704,7761.41,,63533,GU,Pediatrics,East Craigside,Pending,Outpatient
e07d10db-aea3-4c72-8740-5c50aff64592,6512c80e-5071-4348-bb00-d8e72260a06b,68de17eb-e4e4-4af2-b406-8a9da7dc68c1,2022-09-25,2025-07-21,1956-09-01,iU260,cM795,6994.66,F,45834,DC,Cardiology,Port Ryanstad,Denied,Inpatient
f4d84102-aec3-45b4-af8b-9b9bfbe4bba1,7af9b37d-84da-40a4-af24-ee538f659465,7291e23d-9158-46ee-9ce4-b405779eb526,2023-06-11,2024-06-02,2008-03-11,eh416,dx757,189.64,M,,IA,General Practice,,Denied,Routine
eb7df293-ef4c-49f0-b810-2a88abbfa6fe,,5ec1809c-5508-40cf-b044-8caa1ff61f26,2023-04-25,2025-07-19,2012-09-11,WT184,bD073,5977.24,M,51519,MD,Neurology,Port Joycebury,Denied,Routine
f1d6df74-c8c2-4206-8f34-cd85253a3c17,3fc7d991-0ec2-4bdc-9ca4-dbe03de3b5e3,014f3d46-036d-4987-a776-f8828c49d618,2023-03-26,,2003-06-16,Kw813,AO611,6008.74,F,74894,OH,General Practice,Jonesstad,Approved,Inpatient
7ebaa6e4-5bc4-4c63-b5db-fd93e7f247c9,7b8e6e91-cdce-49a4-975c-f77454394ebc,a66d538a-fca0-409b-b687-746be0fc3f05,2024-01-13,2024-12-30,12/2025/40,,yH783,,F,39545,VT,Pediatrics,East Paula,Denied,Emergency
cb8d9bed-a365-495d-aa4c-d6f662e604d0,,c691bdda-0e61-4216-bab2-2ca0166b12d3,2022-12-29,2024-03-07,1975-11-15,EJ860,gc857,7254.8,M,87705,WI,Neurology,East Heidi,Denied,Routine
83a2cf1a-4370-4119-a63b-c2d26a458948,72904f80-f186-4b29-b582-f35f24153d9b,43b162d8-374d-4c50-9cc3-b8f209a2762f,2023-02-28,2025-09-28,1952-02-04,Fd568,ip655,3937.72,F,05645,KS,Orthopedics,South Patricia,Pending,Routine
5e0e84fb-c63c-46c0-a34d-668a0eec2bb6,,b4e78fe4-8cba-40fd-b9d5-43b20bc701df,,2024-10-24,1991-09-23,ev734,hX873,802.98,F,25201,CA,Pediatrics,New Peterstad,Approved,Outpatient
33306c7b-941e-4d9f-ad03-10baf1a2329b,,cfe7f4d5-fc6f-4c35-bf0f-76420241e639,2023-02-26,2025-10-18,1982-10-30,PS642,pa353,1558.03,M,,PR,Neurology,West Jill,Denied,Outpatient
bfd1a599-f50e-47b3-b805-556068cb3768,f0d14319-de89-492b-a428-cbe2f35ab99d,cb27343f-af64-4272-a459-f22924f6a111,2022-08-18,2025-04-23,1967-05-12,Cg291,mE760,4519.55,F,07799,OR,Neurology,New Michael,Pending,Routine
bbc1f97e-e057-477f-9f49-54d3e2e64dd2,49fb6a43-45c4-47de-a105-8c364fb82fe4,4a13a57f-0f73-410b-90be-becddcb31885,2023-08-10,2025-05-06,1966-06-19,KR499,Dr658,3610.76,F,84930,VI,Cardiology,,Pending,Outpatient
55895e3d-dc6e-4907-a0f4-3336d5af7211,d3e39d10-5257-45e5-a1ca-3794edd3b78f,44c4ea54-d661-4c04-b68d-5b1bb7e04cac,2024-06-27,2025-04-03,1996-05-20,Al256,Io453,5005.36,F,25908,IN,,Baileymouth,Approved,Inpatient
d49ba91a-9b19-4306-b6da-55d835e8764f,d6f13bcb-f66f-4f0b-b449-c4da6793610a,d24a4786-4ef5-40bb-863d-befadb6e57c4,2022-07-18,2024-02-01,1975-11-16,Ge884,Ht760,-917.58,F,74117,CA,Orthopedics,North Donaldbury,Approved,Outpatient
bc4dbcb5-10d5-44ed-be9b-87855a3b8dca,35f9ad2c-7518-4dc0-b30f-566397b49105,36387b00-3ae2-470b-bfcc-44676d19d35d,2022-11-09,2025-05-06,1992-02-02,Nc002,ZP893,9063.28,,58864,TN,Pediatrics,Jacksonmouth,Approved,Inpatient
,c8b77113-8c7a-49d0-9a30-ae97bf633e07,71f5407f-cc0f-4d9e-848e-9dba03d4b212,2024-02-05,2024-02-03,1993-05-27,qT057,dW702,3229.95,F,49902,,,Charlesbury,Denied,Emergency
61b06299-a269-4581-aabc-e034cd49027f,de008111-b340-4e7d-a7bb-a9df8ca40c97,1163eb0c-bdcb-4e8a-8384-d246ba541bd5,2023-11-16,2024-11-02,1958-07-12,Su297,Wk992,1626.04,M,79404,DE,Pediatrics,New Annaview,Pending,Routine
1cb49f32-2e74-46fa-82ec-0dd8dae5ef11,78f61cab-39bf-4221-85b4-ef346ef35dd8,,2022-11-18,2024-02-08,2015-11-19,Lk947,lp810,6870.28,M,65121,PR,Orthopedics,Joelside,Denied,Emergency
e2d30eef-80ea-4d19-b3c7-2e2f83cf4363,1b827c01-33f9-4078-8d85-00d12b266655,d98e5cb1-2026-44dd-a2e1-41593c878d4f,2022-07-25,2025-02-27,1990-11-22,Uz092,TA893,8146.72,F,43729,CT,Pediatrics,East Davidland,,Inpatient
ff9081e6-8196-4635-9cfb-505066eb4872,709711b8-d745-4a16-aa57-3f9efdc5d793,94949ab7-cbdd-4671-ae98-4e65b10dbfd2,2023-05-22,2024-01-14,,MP723,Iv109,2338.18,M,14058,VT,Neurology,North Robert,,Inpatient
d645af04-582f-40fa-b7f2-4d6bf0f46463,134c5e87-fd53-4599-9015-e6a3203153c4,3f6616d4-8156-471b-9031-e757f2e08d59,2023-01-21,2024-09-07,2010-01-04,Yn542,gU302,3146.93,F,78739,NY,Neurology,East Erika,Denied,Inpatient
04fdc759-6d05-4dc3-99e9-e03c016c147a,f8850152-32a2-4bec-9824-816a5a5a8ab8,9ad5482d-81a2-478c-900f-6b272efc9fa0,2023-03-17,2025-11-15,1983-05-10,jX641,QC638,9978.43,M,97481,SD,Neurology,Port Shannonmouth,Pending,
b70ee5c3-7af7-43b9-a538-58a8a591db0c,7d4c639c-0485-4ef2-a1ff-5454e9f34544,04f55d33-aff2-4d5f-95b8-0c62fb0990ac,2022-12-15,2024-12-16,2006-11-12,yM255,Ru208,1074.12,M,78839,NM,Neurology,Whiteburgh,Approved,Outpatient
41a03dee-d155-40c7-9d00-c917c242969c,d5ca988c-896d-4613-9ae5-88e986c301f7,bf3145bb-4af8-4e6a-8b04-b412516a0312,2024-04-20,2025-07-02,1946-07-28,hq876,Qq547,3905.11,M,30528,AR,Pediatrics,North Maxchester,Pending,Outpatient
093402e5-5898-4282-84b5-315bc20ecfde,216a2e61-b00b-4dd6-a208-591f02267db3,ef297d40-e34e-4207-9473-2cf3b6a9622b,2024-02-24,2025-05-18,2011-10-18,SM814,lS576,7987.15,M,64054,TN,Orthopedics,Dixonshire,Denied,Emergency
e7665c5d-6bf2-4673-a3f7-a1479190e0ad,3cc64a30-9be3-4e0b-98db-d646caf7ffd6,8fc909af-df2e-42ae-b394-9d7de4743364,2023-02-25,2024-08-10,1962-10-29,NF816,jL713,157.01,F,123,,Cardiology,West David,Denied,Emergency
f8804eb8-5c4e-4b08-bc8f-7f287d1bf5a5,f9fdfbda-fb69-41da-bcdb-f15c20f15f98,a5a547da-483d-4318-b4c0-950fe9a5d09b,2023-03-26,2025-11-06,1998-10-17,WY417,mh011,9254.47,M,14305,LA,Pediatrics,Woodshire,Pending,Outpatient
0d5169f2-1fe5-4640-aa3e-e9bae502651d,f558968b-3575-4429-b367-d9d65decc9a4,1b950a1e-5875-4502-9c26-0375a8995480,2023-03-26,2024-02-22,2002-03-07,If832,,6727.92,M,42633,MA,Neurology,Port Brittany,Denied,Outpatient
66b28970-dd71-4015-b8d8-8eaa363b707e,5dd42993-ba3b-44a9-83b6-653cf0d8ecaa,408fb448-f560-4aa7-b6a7-50f959fe2fa6,2022-08-25,2024-03-06,2005-09-12,SW706,Vo053,6624.55,,54871,CO,Pediatrics,Port Lisa,Denied,Inpatient
d6508fa1-3068-47e0-9133-40bc296ab292,d7029e44-5571-43b1-8b19-6781b3db3599,8c667380-d563-47e4-8e82-9ee0b9a4b426,2024-03-27,2025-07-12,1968-08-22,Uk055,aA026,2672.15,F,32876,AS,Pediatrics,Port Ericside,Denied,Inpatient
db2a6a6b-b084-4b14-aac4-be7e0ae820f1,b8183c94-eb88-4850-afa4-d61032d6c3ad,06faa681-d400-4f9c-ac0c-7aedc145b809,2024-02-03,2024-07-26,2002-12-20,ZU168,aU068,8299.67,M,22645,AS,Orthopedics,West Brettton,Approved,Outpatient
c610105c-55c6-4966-bd9f-5ad21b71d819,9b3105fd-7119-43ff-bac3-cfb6dbabe61d,66ce62cf-4b1c-49c2-af25-2d0ee1963a3d,2023-04-27,2024-01-15,1953-06-15,Rb776,ki960,5751.69,F,23642,PA,Orthopedics,New Cynthia,Denied,Inpatient
ce86292a-3402-4e9d-91fe-a1e10063885d,e926a794-85d9-4ffe-94b4-aae77901586a,92e4826e-ea91-49ea-b244-a3f603f5d370,2023-03-13,2024-09-21,1956-10-22,oE530,cS333,4887.1,M,59203,MT,Neurology,Port Joannaland,Approved,Routine
abcf9c7b-3c86-47d4-a43c-e728a90e39bb,5d88b0ac-517b-450e-948a-62ff73220855,582a6114-6402-4047-8d80-be04b82450cb,2024-01-26,2024-03-10,1935-10-05,kC276,EP966,2983.17,F,21802,MT,Orthopedics,New Eric,Approved,Emergency
d3f4fb58-a34e-4476-81ca-8d07193d51c7,cb04335a-d0c5-4f86-a8ae-3fa89bb7e919,d99c8b4e-f5cb-4707-81b0-4137877abc1d,2023-06-06,2024-06-29,1966-01-29,LV565,,,F,12107,NV,General Practice,Reynoldsshire,Pending,Routine
99a380e2-17f1-484d-b44c-6b68ef59b9ae,54eb77d8-43c9-492b-b856-62b8b2171c3b,28c998ba-6c5e-4ce6-8d0f-c663468bde48,2023-08-21,,1973-12-26,nA930,VX468,5818.55,M,61575,AL,Pediatrics,Hannahville,Pending,Inpatient
0fa0fb97-cb61-4174-947b-97a96082ed62,,86cef3d0-5136-451d-a1bd-dd5ad4cd8352,2023-10-07,2025-05-12,1954-02-05,GL627,ul874,9434.81,M,80706,UT,General Practice,South Stephenchester,Denied,Inpatient
35164982-4b51-4b7a-acf5-1685c0ec247c,6eeaaa63-d23d-45f0-9198-5371a14a2191,5d9d9234-6e76-4a13-a38e-77fb65e71de6,2024-05-23,2025-03-06,1938-05-22,Rb534,MZ379,2038.75,M,56091,NJ,Cardiology,South Taylorhaven,Approved,Emergency
738cb468-12c3-4023-a775-c6f9267cafe1,011cc214-9e6c-4ef3-a5a8-aa4980b63a91,b46b57c5-495b-4521-b7e2-77d06725cc54,,2025-01-16,1975-03-04,Cg530,hd452,4762.51,F,04347,MT,Orthopedics,,Pending,Inpatient
05697d63-0098-4036-8465-4eb4ba6c7480,78a4c2c9-99ce-4136-a18e-ebe217414292,d9ba2432-9d4b-46b3-bd88-d34ab3d5eb5b,2023-09-07,2025-11-28,1973-07-15,ga913,ob921,8424.63,F,57234,MD,General Practice,Port Austinside,Pending,Emergency
ead96a75-81a8-456c-b8aa-8e079ea29c4d,dae0d12c-fec4-45d1-b96f-e74345fbffb3,0c7c9abd-8568-4dd8-bc59-0c8a1e3eea1d,2023-05-23,2024-03-31,1971-06-02,fU814,Qv453,6953.54,M,52748,VA,,South Samuel,Approved,Routine
0e23621c-b119-4d72-bb95-afd8824fe8ce,406da1fe-d805-496a-b195-5031da1fceef,2eedb358-9304-4f57-a361-c1876512502b,,2024-07-31,1964-08-24,In190,rE011,7179.49,M,65669,NM,Orthopedics,East Aaronton,Pending,Emergency
6b9e9f9b-d69e-4fab-ace4-9efeb6ada8cd,ad315d67-951e-483a-bbdb-7a69e62476c0,0d1c0edf-628e-46cd-8916-b85f348033a1,2023-07-22,2025-06-21,1999-09-23,JI381,Rn860,3642.2,M,03726,NV,,Hortonton,Approved,Outpatient
892a06ef-0b8b-4b2f-8b9e-fdb78c5e82f3,5eebcc66-ac07-4184-8880-b9ef8f814597,ebf26390-b6fe-468d-bd9a-18d39e503294,2022-09-01,2025-12-03,2002-05-08,Rj433,iH704,8461.04,M,03137,WV,General Practice,Hartfurt,Pending,Inpatient
fb23df47-befb-420d-b201-225527fa4bd1,935c9cf0-81fe-4554-a429-8fbda681e3de,c6defca8-fec0-4164-b3a0-45db407b7a91,2022-12-11,,1960-03-18,Af134,lE879,4690.61,M,83831,MI,Pediatrics,,Pending,Inpatient
e87beb6c-4ab4-4230-aabc-8027af072bd4,829299b5-edab-41eb-9375-a7cee75dfb95,31f84fad-f6f4-4a11-80a0-007057347796,2024-03-09,2024-08-14,2000-09-27,wd292,hC969,1746.21,F,38550,PR,General Practice,South Joshuaborough,Approved,Emergency
d5469a71-1788-40ec-b756-b69dc50347c4,283363df-1544-41f4-b0ae-d5df41d53ca8,19220b27-d5e0-45f0-bf97-9c768a3638bb,,2025-11-08,1967-03-23,kj191,BV823,8589.87,F,78975,WI,Pediatrics,Patelburgh,Denied,Outpatient
628a676d-6b8d-4f84-9d11-a2199710f979,35723bef-a082-4aac-a5cf-766342ea22eb,e4c520b0-bd14-48a0-8a0f-390880aa0cad,2022-09-22,2024-10-06,1941-06-16,vZ941,xB258,,F,03993,ND,Neurology,East Thomasburgh,Pending,Outpatient
4b4c6ffb-6a78-49ea-ba27-b11a0bfc4f12,647e5881-56ec-47a9-b23a-e351873dc7e7,77343747-9c8a-4400-8781-4ba9e39cbfdd,2022-10-22,2025-02-23,2007-01-01,RH444,le560,4538.36,M,87478,KY,Cardiology,Janicechester,,Emergency
27f44d5a-9375-4e6a-804a-e287fd19df6c,a092f351-e87c-4088-87e3-e6df561d0733,ea45f355-f52f-43af-9176-b6f7f66a1364,2022-11-24,2025-01-13,,Rd365,aU306,1355.56,,62526,AK,Cardiology,West Christina,Denied,Routine
b64b3838-2916-4f9e-a78e-ac4d79d07da0,1d5841cd-fd95-44c0-b0f1-32f29f32689f,b486ae45-d72b-4701-afc6-1e236ae6dde1,2024-04-26,2024-07-27,1970-06-03,Xg284,Zz166,8086.27,F,74965,IL,General Practice,Branchstad,Denied,Outpatient
4f7d4134-2cff-4c79-8875-c4c33b1d2020,b4454a35-1264-4430-bc2a-a518874b825d,768adc20-f7a2-4438-90ce-65fa5e75b2d2,2022-11-28,2025-01-12,2009-11-17,,UQ297,353.86,M,13791,NV,Orthopedics,Antoniobury,Pending,Emergency
de806ab0-83db-4665-a944-3ec63406c1c9,d58267f0-19a3-44c5-945f-c9b62d71ab6e,,2023-08-21,2024-06-19,1992-06-23,Bq512,fv710,6209.74,F,90774,MD,Orthopedics,Juanberg,Pending,
ca9593f5-87cf-4304-97d9-670379db92bb,dbdb38a2-8706-47e2-8781-750792b13e9c,e0ec301c-9088-4236-b98d-427d5fc6ca8f,2023-02-02,2025-03-26,1950-10-22,kR307,NK359,9333.83,M,25399,GU,Cardiology,Gonzaleztown,Denied,Routine
35ee1064-7065-472d-9b59-2bd0d0c4ea99,15bc3fbd-bd06-4b9f-a07b-572db7225171,54601df1-3549-46b3-99df-846fd0d74eee,2023-06-05,2025-06-01,1940-08-05,kz707,xK945,2813.15,M,36822,VI,Cardiology,Millerside,Approved,Emergency
f306d3f3-4ddf-4028-9236-d73e360d58c0,2439e169-c5be-45ba-ba00-959194aa200a,941e0030-9f75-40d2-a5b3-5650b32b55fc,2023-06-26,2024-03-26,2002-03-22,HQ926,tv662,6806.64,M,99334,OH,,Madisonburgh,Approved,Outpatient
68307c96-03c3-4e99-ae59-d15f2ed48ffe,17325d9b-f534-4992-9046-5df712910a47,2d053278-9a31-4f67-9394-e9d015fbd068,2023-04-13,2024-01-09,1989-07-31,kX476,uU155,5622.06,F,31426,OH,Cardiology,Kentview,Denied,Emergency
38a7be3b-9181-4fe3-aafc-b85927d17116,e4882fc1-8ab7-453a-a567-eec5c1bc9d33,867c00d4-2350-4072-8b95-19b69052f821,2022-10-10,2024-02-09,1952-09-08,aY334,Er280,6335.22,F,39376,NJ,Cardiology,Michaelview,Denied,Routine
9a72474e-99cc-4663-adf8-fb3b27e3b019,4acafc51-54e8-4956-9882-d5e6e5deb6ef,11c5fd09-14cc-4711-9b4d-884012c268e8,2023-02-04,2024-03-24,1980-04-20,ug154,ql913,5232.24,,55145,MD,General Practice,Timothyberg,Pending,Inpatient
639b3be7-b47c-4453-acf7-93bb7bdbf7a9,,ff43a954-ce7b-4ed0-a2ee-2a9ec4af2117,2023-03-03,2024-01-04,1950-06-19,zJ181,hG531,7896.74,M,94995,MA,Orthopedics,Jasontown,Approved,Emergency
d76d81d8-7349-4590-ad13-640d17c93988,74e89e5e-b0be-4083-a495-12d400609a3c,f83ba511-398c-4d1d-a547-e46b3bbc7191,2022-12-05,2025-01-31,1981-07-11,Ub202,,1404.11,M,86153,TX,Pediatrics,East Aaronport,Denied,Emergency
afd40359-98f3-40f4-ae35-1c4b3be28df8,,35e6920f-dab5-4477-a8a8-f85e7be887e7,2023-12-09,2024-04-26,1995-06-18,Zz278,bE314,3181.95,F,94357,ME,Pediatrics,Danielland,Pending,Routine
5de36b54-3fa9-42fc-832b-843e8dac2902,9bfc65f7-b2ca-4eb8-8ef1-da5d26fbad0d,fa92fb6f-7a87-4939-9606-839f0d6679e6,2024-02-29,2024-08-27,1940-09-12,Qy725,Qi167,9680.84,F,47305,KS,Cardiology,New Nicole,Denied,Emergency
22acee76-5d07-444b-8a5d-8a534f8609bb,40618221-ecfe-4abf-bcea-3f4776ae5376,92477254-9825-4c6c-a2ef-c3bee6dfcb0a,2024-03-28,2025-05-13,1941-11-06,aa140,JP597,6857.91,F,11626,PR,Orthopedics,Johnstonton,Approved,Inpatient
07245129-0747-4591-ba2e-b9e640cb5fe5,8d7294bb-1384-4d6d-b7c5-6b604b1574e8,67f0d25e-1d4e-4d4c-9a84-d5d3d9841e8f,2024-04-25,2025-03-07,1951-12-19,bg178,iB120,5568.42,F,67537,OK,Cardiology,Lake Theresaburgh,Approved,Outpatient
,2cb6d016-8914-4132-9307-7c41d7484d29,b17da675-2810-48f2-9525-d278dc6d29f0,2023-01-30,2024-11-15,2007-10-14,JO508,UB735,3069.2,F,46094,OK,General Practice,Johnview,Approved,Routine
5757279a-4be8-4822-8bda-9b4fb1df762f,31fc0dab-f841-490e-a697-9b028528c94b,15bad8a5-e6f9-4093-b856-ce0bb4816974,2023-12-15,2025-01-08,1942-09-09,lG833,VQ884,4353.6,M,97726,NM,General Practice,Hoganborough,Pending,Inpatient
22f82a33-8dc5-4090-873c-c1613ebc8904,9e0aee20-a0ae-400e-bda7-1b33065f5108,f973afc2-c57a-43c5-b1ab-9761ca4256a7,2023-06-05,2024-10-10,2002-05-28,eu999,Ph665,714.16,M,22636,PW,Orthopedics,Lake Lindsayhaven,Approved,Routine
e52686c5-e232-4220-b1fa-d3e928d68fcf,9f029ddc-8061-42a4-a5ac-3e612a6070bd,,2023-06-06,2023-12-09,2014-02-05,vE904,IC352,2451.69,F,97988,ME,Pediatrics,New Michealstad,Denied,Inpatient
aad26d62-e28e-4e45-83c4-67be9981ec93,48233bb8-0ae5-4a1d-8776-16fb07ad8eb4,4d73f29d-6b50-47e2-8cf4-cadd230da12d,2022-07-26,2025-06-05,1999-10-02,vD280,Ps283,4820.75,M,54620,FL,Neurology,South Michael,Approved,Routine
8d70c4b2-74df-42f1-a2ee-0fcbf4acd047,0eb2dfd5-a616-44de-9a27-9984f98e6cc9,6065f875-fa9f-47f5-9702-ac56a22d1f52,2022-07-27,2024-02-09,1999-05-28,yM644,cB943,1363.04,F,57131,WY,Neurology,New Sharon,Approved,Inpatient
4e98a61c-6ca7-436b-a854-3e4ad59e825b,bae591b6-914e-42c6-90de-81df70092379,6900c0ae-ddd3-42a6-9deb-4e81ffbba723,2023-07-31,2024-02-18,1975-06-02,yJ215,Ii480,1652.45,F,24267,VT,Neurology,South Nathaniel,Pending,Emergency
747e680c-3ec5-4cf5-b2bd-330d42ee53ad,27d87c70-9933-43b3-9011-3203ffe955a5,ca293ee9-4afc-4854-bca4-ed23bd685c41,2023-10-25,2024-06-22,2006-02-23,Cd970,il295,3410.57,F,71580,DC,Orthopedics,East Kevinchester,Denied,Emergency
6870cff7-bba5-413a-9176-919276167c85,,15015732-a6e1-49b3-87b9-22642fcd872e,2024-04-21,2024-03-06,1940-12-04,KF793,UV094,5886.04,F,32414,KS,Cardiology,Pruittstad,Pending,Emergency
08aab4df-1494-4e0c-ad85-59845ad99119,05579693-3fd1-49e6-bb2d-cd70a6aba5ef,43e08324-40f1-4a99-8941-a309e3611af7,2024-03-13,2024-12-21,,vi871,PO029,4531.97,M,27880,,,North Kelly,Pending,Emergency
00395890-1b73-48f6-b24c-fedd0a45a080,015477a0-c6fb-481f-868c-e873fcf7db5a,cb158ac7-c826-4877-aba3-024b0c0f023a,2024-04-28,2024-01-26,1974-03-27,AS742,XG512,-589.55,F,48140,RI,,Mooreland,Denied,Emergency
c95ed8f2-4a7a-4626-bc8a-cdf0715b707d,9d2c80e9-97a9-4f0f-b759-418f0b96ca4e,58c8804a-53df-4dfb-a132-b8f0dc5e0e53,2023-06-28,2025-01-04,1971-05-22,vX740,lG303,2998.94,M,82026,NY,Orthopedics,West Thomas,Denied,Inpatient
bf2cf054-d247-4c88-81a7-ea08f1644d3a,a655ecc0-59ef-485b-89c8-ac0e78a6fa29,43ec087c-012d-4cba-8825-789ede59edcd,2022-12-29,2024-06-02,1959-01-24,hf399,Wg748,2445.64,F,94632,AL,Neurology,Kelseyfurt,Denied,Routine
bc0bd398-c4c7-408f-90c5-550e4163a3ea,9b2a82f1-e3bc-4001-89cf-a937b966fe21,6cc1593c-746c-40fa-ad8b-3f01e358874c,2022-10-31,2024-04-04,2012-09-21,nB163,fM288,6279.07,M,27211,KS,General Practice,East George,Denied,Outpatient
a996469c-9d91-437d-9a13-33384ec86e27,6c35f381-e4fc-4d5b-a4e4-fc8abeed154a,04a1cc5f-73cc-4bca-b6f0-af3fc2529ec4,2022-07-10,2025-05-31,1969-04-09,FC909,jB020,5879.35,F,,,Cardiology,Jacobsberg,Denied,
18305518-8065-4e71-ad8a-ed9c438eeb3e,fdb3c7f3-6c92-4c7a-867d-9b5c3f808a33,1c432e9f-1bb5-41c1-a15d-164cc24fd32b,12/2025/40,2024-09-15,,NT918,ck523,951.72,M,33352,ME,Cardiology,Gilberthaven,,Routine
c7522531-7682-4723-9c40-e4069a5ce21e,fe477f2d-6573-44ef-ba90-ab530257f921,287495e9-a71f-41cd-9891-d66f43487ca4,2023-01-06,2024-01-11,1993-05-21,KD304,Te410,5034.58,M,45116,KY,Orthopedics,Loweport,Approved,Outpatient
38c6d139-d60b-4f6e-8472-55814e7a48a7,a8a7b52c-4c41-4dce-8ca9-e55b8fb5df1a,88d92144-2dee-4247-96e5-9a6e9762d85a,2023-11-24,2024-09-01,1938-12-12,QG703,LE460,5380.53,F,99224,DE,Orthopedics,Jerryberg,Pending,Inpatient
3eee0293-92b0-40ff-b4c0-e83a0a3922eb,cc30b786-c962-438e-ad7a-6e7c4fedc020,b243498f-2c7f-4e9a-8553-85f0540f769b,2023-12-01,2024-02-13,1977-05-16,HS055,fA042,2496.02,F,20988,MA,Pediatrics,West Jared,,Routine
060a05f3-8745-41c5-bf14-6faa2265b4b6,72bf9e42-22eb-48b3-bf7e-750050d8e4b7,004d07a1-c7ae-485f-a2ca-feb99c30f176,2024-03-23,2024-12-12,,bj785,ds462,8064.5,,05512,MO,General Practice,East Madison,Pending,Inpatient
4657c706-9845-44d8-8455-493eb6106cf8,faddae46-38ef-4063-9ca2-e190d828f57b,94664017-eecb-4b19-b028-86ec01eb6297,2023-10-29,2025-01-14,1977-02-22,Zi403,hc503,1107.65,M,69990,OH,Orthopedics,Lake Diane,Approved,Routine
705abe53-0968-42a3-9248-9e7dd040830b,5326f6d1-eecf-4cdb-945f-39b169937a8f,2c0fd10d-b947-40b7-9374-6547f3db6b09,,2024-11-11,1976-09-19,bt585,Pp487,6980.32,F,36273,,Cardiology,Port Jeffrey,Denied,Emergency
408a833a-f3ac-4bc6-abbc-fac8e4e248b4,5fd225f5-5b64-4a6d-a6be-11a600cbc809,8f39cd80-b760-4b39-b32b-3765643725cd,2023-10-02,2024-10-21,1953-11-15,wP596,Fc239,6233.31,M,41241,LA,Pediatrics,North Susanfort,Pending,Routine
c24b0037-9415-4bf8-9a09-e407c5a18893,6fa6aba1-bf32-4a3d-816c-686d559c66a3,c96a6e7d-d359-4bbe-a4b1-f7c79a8821e5,2022-12-26,2024-10-14,1949-08-06,OU973,yl813,1491.47,F,,NY,General Practice,Drakeview,Denied,Outpatient
3476e852-9c90-41eb-8ff1-d1f9123f126f,9b370ea3-3dcc-402e-9902-152121d69c07,92a5ce5f-bbe4-48aa-8e97-c9f8a9149887,2022-11-14,2023-12-22,2005-10-08,is276,GM818,5028.34,M,07845,IN,General Practice,Youngberg,Denied,Inpatient
3db83104-6dcd-4531-a65c-0086ad3c0476,3f32b5ee-c6e0-4ea3-b699-ba510c4aa9b4,9bd9a1c6-8841-4218-b8c7-6a4aa90744ab,2024-03-04,2024-04-22,,EP105,at180,,F,,WY,Pediatrics,West Keithberg,Pending,Routine
2814a3f9-96b2-4368-82f9-9199fbdfaf43,9db26233-0835-4050-adaa-43872e1a3c77,48b51d6e-ac27-4875-a058-6feed0b991ce,2023-12-30,2025-07-24,2009-01-25,pp014,nk033,9956.13,F,90300,OR,Pediatrics,Kentview,Pending,Routine
c2cb2832-11dd-4471-9777-b831462e95ff,8805df9d-8bd0-468c-a23a-8e7d10c8cd00,4d1eb009-a0f4-4bb5-9e19-4844d92a4990,2023-10-02,2025-01-13,1957-02-24,zd655,OJ177,3243.74,M,29095,WA,Neurology,Bakerchester,Pending,Inpatient
e188c3cb-1387-4c17-bae0-0110f07c7b90,9fbb22a0-8225-4b3e-bbf5-20ce4bb0be2a,88d8fd78-8226-4100-b3df-731e32364160,2023-06-10,2024-08-24,1994-04-19,Ls746,Uj842,8397.34,F,04827,AR,Orthopedics,Mcclurebury,Denied,Inpatient
15dff51a-90ab-4b17-b52d-8d0da29360f0,7cf202e9-67d9-4bbc-9c90-9829c59d7303,99db262c-2225-48aa-87a0-e5a9942acd52,2023-10-06,2025-02-21,,,nE961,1890.83,,54183,OK,Cardiology,Justinton,Approved,Outpatient
,,6a62e175-cc7e-4d97-acf4-766a3b9d2efd,,2024-05-02,1992-10-22,SY301,gH224,1687.62,F,,KS,Pediatrics,North Kimberly,Pending,Emergency
4f9cec1f-5713-4634-a67e-fc793d169b24,daa5af51-b8f1-435d-804f-8c23f1c9d82b,6fb95853-93a9-48dd-b1ed-1889711185e0,2023-01-01,2025-11-06,1946-11-08,VH886,yI369,5578.37,F,79321,TX,Orthopedics,Christinahaven,Pending,Outpatient
,01600ab2-4716-48ab-99f3-23eec0a80fce,112d735e-9311-4e06-a815-960ed3dea446,2022-07-31,2024-12-21,1997-12-22,Pd431,vL469,8365.81,F,,PR,Orthopedics,New Glennhaven,Pending,Inpatient
a07b3759-9743-4d2e-afd2-fbf8c2661a98,c29b5caa-2c9c-4ee0-bcbf-8d45f5c4017f,5ec56ba4-ef95-4d99-94e1-fd4d227f982a,2024-03-31,2025-05-12,1945-08-26,Fi621,ti664,7401.33,M,96276,NC,Cardiology,Dianabury,Approved,Routine
253b772a-a2f4-48ee-abea-425243c6b0b1,da1c07f7-be6e-44cd-9ceb-883cda479db4,506089fc-33ae-4a99-978f-4bca88d4f46a,2024-03-04,2024-07-19,1970-06-05,WZ356,FQ912,5433.15,M,04123,CO,Neurology,Katherineland,Approved,Routine
8f7a52a8-25c8-4525-84b1-38374fdef3da,9dd8c355-fa26-4f3b-9b6b-2b3ce64e6fee,0fe807a9-8606-4e36-b730-3695898780cf,,2024-08-28,1957-11-11,jw263,eG591,7507.77,F,07101,MN,Cardiology,South Donald,Pending,Inpatient
a02ab058-22dc-4789-89f1-3a02fe9dfa73,88811bd4-10cb-4cfe-bcce-994edb23d11a,091fe9b1-8265-464a-b926-c6e8fa9d51d8,2023-08-06,2024-12-23,1936-07-01,vY684,zS946,,F,,NV,Pediatrics,East Adamview,Denied,Routine
56378db8-aea6-4e46-b5b2-0b1c14d5a3ef,66004488-255c-4c39-9283-91af2d6b46f2,aeeca4d8-a7b7-4c47-ac57-21da4042de52,2022-09-04,2025-11-09,1964-06-06,nk312,bA517,8720.42,M,51983,WA,Cardiology,Port Lisa,Denied,Outpatient
52d7e69a-c476-4d54-8c59-f88f93a2c158,05b49a9d-b493-4945-8e9e-09a6c881e5df,08d3ae76-cc59-4f82-84bd-8e210d1321e6,2024-04-19,2024-03-03,1941-12-31,ef500,Hj561,,M,,MT,Orthopedics,North Alexandrachester,Approved,Inpatient
37e5d93b-064e-4391-9710-1b48793e2bce,8ee11799-ff7c-4f56-ac10-f5441a580225,fbef8742-bdf7-48d6-9c25-b224b2984251,2023-09-26,2025-06-06,1957-03-18,jt996,KT813,1942.75,M,76678,AK,,Port Julieberg,Pending,Inpatient
47683fce-3a9f-4236-b7f1-403823711f54,8c585df6-3b00-4d69-8346-7aa964fddf02,6910dcb1-d170-471a-8209-7c46bca96726,2023-12-27,2024-03-13,1969-11-20,XJ646,Ua516,1961.44,F,82103,ID,Neurology,Ericchester,Approved,
9661f027-15c1-4530-9e15-87f7d42e5637,60cb6181-dbe3-4ecd-bd3a-5bcd6cd73669,ea0b3dea-18c8-4279-94c0-2883374cf3a1,2023-06-16,2025-03-14,1994-03-31,tb849,sz480,9072.91,F,39756,PA,Cardiology,Jesusport,Pending,Outpatient
45fc716b-3119-4bc7-a6df-41c972b5c78e,,bfeba38f-e367-40c5-9c5e-661b72cc0fa0,2023-07-17,,1975-10-20,wi331,tN813,456.59,M,68720,AR,Pediatrics,Edwardberg,Approved,Outpatient
5e0b830a-51e5-4f42-aba4-eb3ea8565fec,3889ac06-4177-4486-910d-1e209a44fec0,5f284987-3ed4-44a2-a965-ff3f9e8a26f0,2024-01-09,2024-06-26,1944-08-05,kz162,VF586,1203.97,F,68718,CO,Pediatrics,Joshualand,Pending,Inpatient
881958aa-a66b-4034-94a2-d1d9f81e0c36,72311a04-a98c-4728-9fe5-b3342e1b85d8,027f4cb1-7d23-4154-9d22-2dd71072b7cf,2023-04-21,2025-06-01,1997-02-28,wt906,mG329,3299.71,M,63105,AR,General Practice,Lake Anthonyton,Denied,Outpatient
cfd93a16-80d3-4da8-819c-980e75d25451,e496d044-37c1-4751-b342-ebf862510613,c4569d1c-2c43-4b4c-abab-255645a17d4f,2024-03-29,2024-02-10,1978-10-01,rJ076,NW801,1308.89,F,85476,MD,Orthopedics,Peterton,Denied,Inpatient
a8a4bd34-de5d-4343-bdd1-14093c58ca62,e179af55-2cd1-4d15-b129-126c8b96bc3b,f5443bcd-8f52-4187-a14c-1ce6afc6a3db,2024-06-20,2024-03-24,2006-02-06,tv987,Lv831,7853.66,M,29999,MT,General Practice,Nicoleshire,Denied,Emergency
060a05f3-8745-41c5-bf14-6faa2265b4b6,72bf9e42-22eb-48b3-bf7e-750050d8e4b7,004d07a1-c7ae-485f-a2ca-feb99c30f176,2024-03-23,2024-12-12,1973-01-07,bj785,ds462,8064.5,F,05512,MO,General Practice,East Madison,Pending,Inpatient
5048c31f-ee92-445d-af0e-2013b072682a,b0c95dd1-82a1-4c25-850c-aa47db0e3fad,024104e4-c4ad-422e-ad82-9a6c4daeeef2,2023-02-26,2025-04-13,2011-05-30,Tt413,kM679,600.67,,82287,VA,Cardiology,Garciafurt,Denied,Inpatient
310ef929-953a-4c45-afb0-d33214d86dec,da2886a6-1511-4d6a-bf06-da1933a5b871,,2023-12-27,2024-11-27,1964-12-12,Sr322,Gd067,7751.92,F,61886,NV,Orthopedics,South Matthewland,,Outpatient
f05a4628-95bd-48a2-8362-5ea41003137f,fdba9035-3ab7-4579-a3b9-61d0e2bae666,50196f6a-dd16-42ba-80c5-5ae45b3a582a,2022-11-21,2024-11-18,1979-04-24,AJ648,,8640.14,F,84402,GA,General Practice,North Stacyport,Pending,Emergency
ff4502fc-a1a0-479c-af69-ad762b1eb22c,3e9d579f-b79e-411d-9eda-660da2662977,0e2ba1e5-de26-4f7f-816e-f5df661b0530,2022-09-23,2024-05-20,1985-11-30,sA395,Hd180,5547.24,F,61020,MD,General Practice,New Christopher,Pending,Routine
31d7518e-2e8d-485c-8261-ec63defbac6e,8a334f9e-9d08-4e87-b3f8-44c35467653a,a2dfed02-e306-4e33-a1d6-3144ec8e7adb,2023-04-17,2025-06-26,1939-04-08,ND247,HI890,1204.77,M,07023,MI,Cardiology,North Richard,Pending,Routine
e9096f99-fd66-4c8d-b2dc-b83650c6be3e,797cd2d5-6bdd-4218-b3d5-22cf2261106b,65bbfc42-fce1-4faa-84d3-6507afad3433,2023-09-18,2024-07-26,1998-06-13,Iw472,Pk977,2222.62,M,86950,WI,Orthopedics,Port Jacobburgh,Pending,Outpatient
85fb79e1-8db5-4795-8f58-0ab65015dc5f,70e28ad5-bfae-4954-8380-ec651ab8c211,03d53053-86e9-4f32-8634-ac3fb64012af,2023-03-10,2024-03-12,1959-02-08,vo938,Fm973,2400.6,F,77892,CT,Pediatrics,Port Jamesbury,Denied,Inpatient
5b8b14a4-0cd9-4f53-88b8-0f9303ffec2a,298b5922-81a3-4bb9-9a61-0945678bf7df,335fd628-f9c4-435f-8b70-3903b8f312b6,2023-06-06,2025-05-13,,EB202,zL614,3080.36,M,56287,KY,Cardiology,Terrimouth,Pending,Routine
,55a64934-5839-419b-8a23-1324d23c4eb4,9913162e-711e-4e26-880c-4c8d758ac13f,2023-02-14,2025-01-27,2005-12-23,Kw795,Pb807,3808.66,F,39730,MD,Orthopedics,Nicholsonbury,Denied,Routine
660bf36b-8eab-47b2-ac7f-49b071caae84,566e9668-afc3-4e9c-b657-c8e13a219185,45e7c400-6151-4ac1-84da-be80566eede1,2023-08-17,2025-06-05,1947-04-16,HC664,ar539,201.82,M,96663,OH,Pediatrics,Lake Stacey,Denied,Outpatient
c8fe80e9-617a-40f5-8c8a-022515e19fb6,ce6bde91-d3c1-4d5f-ad46-c9f67d7a8dd7,99e2bd37-85e6-44cb-bfce-c827db587b8b,2024-04-05,2024-12-10,2001-09-22,nN112,oZ205,758.99,M,46418,MN,General Practice,New Samantha,Approved,Emergency
8935b768-b187-4151-abf4-be3b87927374,bce1776b-b874-4b41-b718-167ea1fd4a33,0a971936-0510-44a5-8f3c-ad5ec029a1fc,2023-09-18,2024-09-26,1985-12-23,nQ188,oX360,4426.26,F,42770,NJ,Cardiology,Lake Codytown,Pending,Routine
d7f15d64-5e68-477f-8124-5d1a8a2c5153,33513390-446c-41a1-953e-91acf61ff51d,fc81e93f-6cb7-4f24-aab3-da6db853f461,2023-12-22,2024-09-30,2024-12-21,sp517,lg786,8097.67,F,09724,ND,,Shannonburgh,Approved,Routine
68bfe509-9279-43f8-ab7a-194d34eda333,98e45a8d-c9af-4090-92ab-ba1e07dc0d4d,,2022-09-15,2023-12-23,1950-08-12,Jh523,zR424,--100,F,24715,DE,Cardiology,South Kaylaview,,Emergency
067b75ca-0237-470b-acf9-975a8a037893,,be79ec32-7c93-4a71-a691-b4b09ec86890,2024-07-01,2025-09-01,1976-08-16,hI064,gj573,3777.53,F,28202,FM,Pediatrics,Lake Angela,Approved,Routine
6217bfdb-1e5e-440b-ab43-76113b4ffb91,25fde79b-3091-4d36-b671-395e8f8bc440,ae47f4a8-92ad-4c9e-adfb-66aa248a9fea,2023-09-24,2024-08-15,2004-12-14,Ya588,,6699.34,F,18732,NH,Neurology,Garrettborough,Denied,Routine
d0efb8e5-5e7b-4471-b8d8-a81a24315f80,896320d0-f73a-432d-a01b-2929877130b9,d7224204-41a0-4156-a701-de13d8567f29,2023-08-11,2025-03-04,1988-11-11,AN187,sH440,3422.54,M,97891,MS,Pediatrics,Lake Yesenia,Denied,Routine
2bb99529-960b-4de2-b437-1c84498707dd,9a533317-0dfa-46e0-97a3-6b4cd10ce648,4ab37143-6e14-443d-bd10-4cec2df3ed36,2024-01-30,2025-01-29,2013-08-02,yy972,,4250.79,M,10477,DC,Neurology,Juliafort,Pending,Outpatient
8ebb40d0-dbd6-49bc-9b70-95f2eee6a36c,d20b8d9b-0a4d-4af5-82e1-75acb3ed0acd,e5d9782a-6088-46f1-894b-b24e916e1bbe,2022-09-30,2025-13-40,1965-04-20,vu965,WA353,6359.42,F,02679,DC,Orthopedics,Lefort,Pending,Inpatient
b755a994-f401-48ac-95f2-635b57fce502,be086334-0047-47b8-ba53-baf3130c44a1,0f56a381-7dd1-4885-aef5-5435a21178af,2022-12-03,2024-11-13,1945-09-08,iC486,pJ271,1320.51,,97456,AR,General Practice,Lindseyshire,Approved,Inpatient
9b87313a-a9d4-4e05-9aa3-dc921c506c36,a6fa3bb8-935f-418f-8ccf-cbb339e1680b,545dedf0-7fdf-4d76-8225-ea7a5880572a,2022-11-18,2024-11-25,2007-02-16,bI276,fI075,969.88,M,68310,MH,General Practice,South Stephenside,Pending,Routine
f4f9c971-3ccf-43ef-81aa-5033c7f3c572,543fd57d-cec6-4296-ba73-335641bc13de,d7a38270-9173-47a0-b015-ae14eeaba77e,2023-06-18,2025-05-14,,bP877,,1356.75,F,15659,MA,,Lake Amandahaven,Denied,Emergency
d0248194-ca23-4d71-a8bb-35f0034ad6a2,2527c1d5-f1c7-474f-a4c2-2ec48b11998c,a104500b-d629-41e9-8e97-01eba6ea8b1a,2022-12-09,2025-03-22,1936-06-29,Rd936,YO417,4295.01,F,33122,SC,Neurology,Ortegaside,Denied,Routine
c9b269ef-46e4-4355-9e14-82dadbde4f15,a7bab7ff-65a2-435d-8436-d19ec75c993d,4cfdcebe-3ac9-45c6-931a-9499788e5a35,2023-12-06,2025-08-05,2002-02-24,zh271,uE599,9100.84,M,75451,SC,Pediatrics,Sandovalland,Pending,Inpatient
bd67c1ad-20c3-4142-bae5-e4bab34b466b,31ff3dbd-178a-4731-9444-991102d78f71,,2023-09-17,2025-05-27,2002-01-25,il433,Fv116,1660362.77,F,63293,DE,Cardiology,,Denied,Routine
4ef8c7e8-ce40-4bb6-b16d-be164f924869,cf5dd5cc-e1a9-4004-9cc1-26d7c4b75b5a,6cda7af1-4ff6-432c-836a-ae7b400aa3dd,2023-08-08,2024-02-22,2014-04-09,Zr854,wN687,2342.31,M,90450,OR,General Practice,New Jillianland,Approved,Routine
5da2e368-3230-43b3-b9ca-ffe3f720872c,84c4faed-8987-472d-b057-446216dbcc7a,8854ce0e-71dd-41ad-9116-ca6a2d4667d0,2024-04-16,,1965-07-10,vf909,hp441,2482.64,F,89470,SD,Cardiology,Tanyaburgh,Pending,Routine
20316c7a-c568-4814-a93d-198407fb1a80,5cc89eb3-96d1-4bb9-a932-95cf0783074c,48738d5c-e27a-41af-babf-e9d3602c159c,2023-10-30,2024-09-02,1940-02-26,Wu168,ef458,6807.89,M,27990,AR,,Brownfurt,Denied,Outpatient
90ba9121-34cd-4fc0-8294-792dd70572c7,5647ac8d-ed5d-4d84-86e7-6f493f0f32d6,40939f46-d163-472d-8dc7-26bf1bab3299,2024-01-20,2024-10-19,1965-02-14,vq988,nO654,7638.96,F,92995,KY,Cardiology,Castillotown,Denied,Routine
7c3be2d4-bc8f-418a-94ac-d99cc4a968e6,25504849-8bb0-4b60-aa89-9d2be2308eb9,c0874abb-06f7-4040-989e-96e292138473,2023-07-07,2024-12-22,1997-09-18,EI225,YA961,101.33,F,89796,TN,Neurology,Lake James,Pending,Emergency
ba5decd7-e689-43d2-aee6-1f4f1ebc6dd7,,1b2a4f34-da38-42f6-ba70-ae0d1f68df21,2024-06-14,2025-05-21,2007-07-30,ig805,xX906,2855.85,M,38996,VT,Cardiology,Kevinstad,,Outpatient
246154d7-2ff1-426a-b24f-1225c09e7217,8f9c4281-564e-4da9-9508-356248487c96,a77d92a8-2ce3-4607-896c-27c5de9713fb,2023-03-01,,,yW602,Ow198,3015.04,M,90782,IL,,New Garyview,Pending,Routine
,3a6847f3-05a6-43a4-a3a1-f981d4a5ac38,5ae99784-082c-41df-94e2-5153d6009ea4,2023-04-21,2024-05-01,1957-08-07,Za130,CW756,9093.5,M,17222,VA,Cardiology,,Pending,Routine
1756c027-ab7e-4e79-9d18-9dd1353c0b2d,,fe7bc88e-4b4e-4529-ad35-77aecb45aafb,2023-05-09,2024-06-17,1987-01-23,WH597,wd620,1224.22,F,81265,CO,Neurology,Kevinport,Denied,Inpatient
7b8cfacb-d175-4b72-b6f6-a5d7a168cb58,,436ed308-7c15-4752-8a58-656db5952cc2,2023-03-14,2023-04-03,1938-05-11,mi653,zK575,4299.8,F,46619,MN,Pediatrics,Ballview,Pending,Routine
4ba9da8a-8f30-422e-8453-8d9a63f79aee,12d1e012-d662-4ad6-a6e2-1ac0571a830d,45942a33-d42c-4500-97eb-e055881bbcae,2023-09-15,2025-05-06,1993-08-14,rs452,mG100,8330.6,M,86790,VA,,West Erica,Pending,Outpatient
7570e98d-e1cb-4489-9758-4e22f77a74d3,1e6696b0-77a2-4eec-b0eb-2d41f6d1622e,8a5fffb5-d613-445c-a670-845d3afc2dc5,2023-10-04,2025-03-28,2011-06-13,gi848,Cs429,8913.61,M,19910,CT,Cardiology,East Steven,Denied,Inpatient
6cc7d5ec-3e67-44fa-b415-857e6281f606,,b6347a82-a66b-4e8d-9090-720523303ff3,2023-01-23,2025-01-17,1962-08-12,Yt337,iv995,6926.31,F,73872,NJ,General Practice,Fletcherstad,Denied,Routine
c39cabbd-f757-495d-9982-8015ae53b16b,843698f8-a8f9-4024-8cee-9bab0f42de64,8fbcdfc6-12ba-4aba-8d5f-748766c7d41d,2023-10-15,2024-10-04,2010-08-20,jZ806,UZ567,511.63,F,35417,ND,Pediatrics,Lisaton,Approved,Routine
117ce03e-cab6-4851-8019-688f244f98e2,e66f6cd6-c6d3-40d4-89c5-7fc8365f9b7a,72620ce5-9dd3-4a87-a277-aecc3710c43e,2023-07-30,2023-08-31,1994-04-06,vT608,NH994,3448.85,F,71395,MI,Neurology,New Emily,Denied,Routine
,28f65ca1-297a-4f30-bc16-c7edd00ee7e5,a20cb60a-b9c2-42b4-adec-742dcbe6be31,2023-01-31,2024-10-17,2005-05-07,xI385,Eq804,9141.54,F,41050,AL,General Practice,Thomasshire,Denied,Outpatient
3444d649-fe39-4f29-8c2c-2d2097c4004c,e1e366cd-16c1-46c4-baa2-dabda75b47e7,542339a0-fdd9-4823-a603-18b7707921ad,2022-12-05,2025-03-09,1939-03-28,Gl692,Zt534,4400.59,F,71227,WA,Cardiology,South Juan,Approved,Emergency
37626fb2-e6d1-4f20-9c73-b64f148067ad,79605c6f-5b50-42b3-9f4d-0e861596aff5,b985d402-9c1f-4c40-b58c-f56f374e1bba,2023-07-30,2025-08-04,1935-07-03,En405,tj871,9557.81,M,55217,MA,Pediatrics,Kennethside,Approved,Emergency
f63d3b5a-b4df-4064-96b4-6c082ec56d38,dee17f34-6a42-47c5-a5a6-4a16a6301497,88353f0a-13ff-41c6-9476-c25c53cb702e,2022-08-01,2024-05-08,1935-06-22,mI188,wJ636,1161.0,M,03752,NY,Pediatrics,Sanchezshire,Pending,Inpatient
3a0659db-c29b-4f61-bbf2-1fed96a2f090,e32f761d-46e0-43f6-981d-6986fc80f43b,8765c756-16c7-416d-863e-8ea924d51465,2024-03-29,2025-06-07,2003-09-03,uZ683,mT291,1291.84,M,98362,VA,,Smithberg,Pending,Outpatient
674a2ceb-55c8-4589-bad6-5f51746c1c30,acf48f29-fadd-49cb-85b1-e934e8dc2d10,d058cc3a-0efc-4a9e-ac4c-1e266f17e42c,2022-10-13,2025-04-25,1984-07-10,Zt552,rM455,3753.62,F,85372,KY,Neurology,South Jeremyshire,Approved,Emergency
8fda8599-669e-49ab-94be-3f0d5f17184d,017570b4-424d-48dd-8c86-e9d9169cbafa,,2023-09-21,2024-11-20,1940-08-08,vu599,Bo681,9012.61,M,78435,TX,Neurology,Lake Charles,Denied,Outpatient
c2656e4e-fc8e-4c61-8492-c3641226e5e6,4913f572-f4c1-4ea6-b2d8-db0a4e7ab824,f6035cc4-31a2-459b-9f4d-fae78074aa2c,2024-03-08,2023-12-30,,nN458,wY967,8740.03,F,45904,AS,Orthopedics,,Approved,Emergency
f8a798c6-2683-497d-bd5a-2ed86b68ef1b,f6d4fabb-5841-44c8-9d96-736c9d70e247,275e7fdc-f8e7-4a67-b3fc-d4faf74cf9f9,2024-01-13,2024-02-08,1954-03-25,GY319,Xd582,9373.63,F,67311,WA,Orthopedics,Port Jennifer,Pending,Routine
d5d0eef3-6fb4-47fb-ac83-4cf4e4ba2ada,1b31b0e0-56a3-4bf9-9a26-d17f294ab96f,c52f3cad-dfec-46be-a097-6914f779f8a2,2023-02-08,2025-01-18,1982-04-08,Ui540,Rr178,2763.03,F,42145,DC,Cardiology,East Dianeport,,Emergency
66cdcd6e-ec48-4dcb-bf7f-b1652000a6a8,63783ce1-26f3-480a-bddb-317b8396b060,b9945ca6-cd04-4571-8234-30ed516b51c1,2022-08-01,2024-04-17,1988-05-04,ce637,Lh924,1440.01,F,45946,VA,Neurology,Ramirezton,Pending,Inpatient
c1c46180-2b8c-45ff-9c68-01654d45095f,a98921ff-8cd0-4904-ad45-57295456665d,a609b832-086c-4703-8c22-125c0d80877a,2023-08-08,2024-08-27,1972-06-02,DF470,sa496,1996.77,M,61557,MP,Pediatrics,Richardschester,Denied,Inpatient
5c25954d-4994-487e-83b3-2b8ec8097f55,6d29d127-c76f-4e9d-870d-9448743a86a1,8da370fd-1eb3-4840-aaa1-13d31b60072c,2024-04-20,2025-10-28,1994-08-05,Ef661,mx643,4158.06,M,67042,PA,General Practice,Lake Ericport,Denied,Inpatient
8076e0c2-4627-4d33-82ba-ab486d67a3f9,6f9b5aed-fe50-4864-a68a-a550d0390b0b,26d86fa1-126b-412d-b01b-f763c6d034e5,2023-09-23,2024-09-02,2012-10-24,pg607,qR395,8801.89,F,88549,DE,Neurology,,Approved,Outpatient
143a2252-5cb7-484d-b427-0caff01b35fd,dc39f5e7-b860-4112-be62-3479d97b07e8,a8f7c079-07df-4433-8728-c8d1dbc0e379,2022-10-30,2024-05-26,1984-09-06,BC478,TA743,6780.38,F,38381,OR,Cardiology,,Pending,Emergency
c06f2ecc-4015-459f-9b7d-329e3e9a724b,6b12d55c-66e3-42cd-b3c9-4843ee4fd562,894b26e4-33b9-4386-aa7a-93c74abbef19,2023-01-03,2024-11-10,2013-01-20,OC742,Ox150,,F,48676,MT,Orthopedics,Millerport,Approved,Inpatient
4fdead32-9f6a-48c6-9588-c23d07ca8247,886ee438-c44a-417f-aa63-17f9fad4bb25,07db60da-1f61-444e-8b65-633f461c1795,2024-05-09,2024-12-02,1974-04-12,An136,nS880,8995.75,F,79808,VA,Cardiology,Lake Brian,Pending,Inpatient
39c37ef3-a02f-4f9c-8957-a92379400a81,b3a80f65-4b40-49cf-81eb-4ce104d3e99e,c7d11e6b-5046-499b-8eb5-f62c85266533,2022-10-20,2024-02-19,1957-02-03,gh133,ET138,6743.82,M,41895,PA,General Practice,Wongshire,Approved,Outpatient
c2e6019e-8c15-4bd8-b9f0-40845812bb7f,de603c53-495b-45ee-90f2-21e80242618d,af9850db-303a-4e98-a91a-518554fbec03,2023-03-03,2024-04-13,,PN045,BV857,5613.1,F,27198,TX,,Port Debrafort,Denied,Outpatient
69dd11b5-426b-42b0-898a-e8a92f655268,2ab6055c-2330-47bb-a875-7c6141af8b6b,5ffcd0bc-9bdf-4c0e-86ba-8f7bf67457ec,2022-09-21,2025-03-20,1994-05-02,Fp743,Bz154,3946.73,M,,TN,General Practice,West Mallory,Approved,Inpatient
1392893b-1031-43d2-9ac1-c6dbaf8ea6a0,,b089f75b-8286-4073-b993-fe7745660200,2023-05-30,2025-05-11,1959-03-18,NK787,jd251,9084.91,M,41497,SC,,South Cynthia,Denied,Inpatient
05d114d4-6403-4323-90d0-928ca77a5057,ac72cadf-26cc-427a-9e5c-55710b656e3c,6fc6bfa0-f31a-4419-8087-71f1d2a40467,2023-07-17,2025-06-19,2013-05-02,Hb234,EV440,2639.65,F,60835,NM,Orthopedics,Lake Jesseland,Approved,Routine
39aaf3dc-839d-4d86-8c0c-3c312b9cb9bd,09170c38-bd0d-46a8-86f3-7d783195ebc1,e465b219-b8fc-48ad-a5df-8340818bee00,2023-08-04,2024-03-19,2010-05-06,js334,lc595,1362.14,M,15870,VI,General Practice,West Michaelberg,Approved,Outpatient
bbb46cdf-f9f6-491b-a6a1-9fb8253a3efa,9f98f573-87e3-461d-bf75-c4a68d57a2b8,dce19325-f2dc-492f-af12-c7ba37fde8b5,2023-04-22,2023-12-30,2009-12-29,pr133,YT015,6124.42,M,51799,ME,Orthopedics,Thomashaven,Denied,Routine
621371a2-aa56-4067-9b1b-80ba374615ba,14ebdf4f-53a5-49e4-8885-bebded610162,31df8cc7-53b7-4320-be30-75d8e66f5b55,2023-05-09,2024-12-08,,LS936,Wv843,2297.52,F,97814,AL,Neurology,Lake Angela,,Routine
836cc6e6-008b-4955-93d7-b875986e913c,1ca25583-8a53-4250-bdcb-0cb3130b40da,cb1fa6b3-100b-4755-81c3-cfac3cd00b7c,2023-12-01,2024-09-16,1996-01-12,PD448,lK055,1692.0,F,45729,TN,Cardiology,South Julia,Pending,Outpatient
932f4b09-0eed-4ff7-bb82-cf96d64cf989,77fb4cba-2ad9-4c20-8549-6b206941137e,d197aee9-ad08-4763-bd4a-c66527098b31,2023-06-15,2025-09-20,1968-06-19,dg125,,783.55,F,,OH,Pediatrics,Matthewview,Denied,Emergency
56cb72bc-7e1c-4ace-8800-e231041c3b4e,2a1e5530-057a-4cdc-88f0-c49c66fa6884,d5f676f2-419b-4401-94b1-b1c5099b1103,2024-03-20,2025-07-20,1949-11-13,eM690,Ld746,4961.85,M,48467,SC,Pediatrics,North Kenneth,Denied,Outpatient
cb06d888-c6e5-4370-89a0-ad68a402fc39,47b1ba62-5dff-4c71-8536-3ea9682b4d65,2a6f34ae-ed15-4e6e-8c1f-c3a51008bb2e,2024-06-16,2024-08-26,1968-06-19,jh494,RY228,2668.29,F,59673,ME,Neurology,North Nicholas,Denied,Inpatient
8435b51c-eb1f-400a-a74e-810049d04023,2d3c7093-4472-4726-9c6a-b8bcd4ce89d6,57138a13-d6e0-48b9-ad83-e049c95af403,2024-06-16,2024-04-06,1946-12-12,Mw290,SU773,3202.14,M,80955,AK,Neurology,,Pending,Outpatient
9742169a-4544-4b3a-b32e-c27739b1d9e4,686a118d-99a6-4441-a662-576db312e88e,e02b166b-e15e-4142-9503-17b95a6817c1,2024-01-02,2025-04-20,1957-04-13,gg227,xf287,6274.12,M,72142,SD,Neurology,Williamsfurt,Approved,Outpatient
7f361029-118c-45b2-af12-52ed0af12102,fb68cc20-0402-4170-8cff-763afd498afd,29a849fa-a98d-4209-b369-8b6f47beb1bf,2024-04-05,2025-02-03,1966-03-07,ob232,Yf875,2592.81,M,38941,NE,Pediatrics,Lake Joelshire,Pending,Emergency
4b9fce0b-eac8-4025-ae05-ac34844ec53e,26897036-2842-421c-ba25-31e1cc167de5,2faeb31c-9f63-436d-a344-51420df25725,,2025-07-06,2000-03-12,zA161,iz869,6912.53,F,88491,MS,Orthopedics,Port Diana,Denied,Routine
877c9fee-76cf-44a2-b531-75e56d6c5656,78689c31-0139-4f50-a750-388a298fe19d,b1dc24f9-4f9c-4c61-a6e8-a866b4508cad,2023-09-11,2025-07-06,,aL156,IW094,208.86,F,62793,AR,Pediatrics,Port Jeremyborough,Approved,Emergency
bf30947a-7501-4cb0-b1e8-3a811c5dc447,b59bda8b-e973-47b8-b615-97e96ca0fd65,674b8312-2f37-419e-95d9-a3c40d96da2c,2022-12-23,2024-11-13,1955-07-24,Fx853,Kj350,944.94,M,53566,IN,Orthopedics,South Melissaland,Pending,Inpatient
a01663f6-88c2-4256-afe5-b0b93b7dae14,a9049c2f-2045-4807-888e-100dfbe74517,84a0f611-4ce8-485b-be19-a3e50b7cc0f6,2022-08-19,2025-11-06,2011-06-02,Wq777,WQ330,5722.66,M,69915,VT,Orthopedics,Grayshire,Approved,
b9ff2473-e0d9-4e79-b11b-91d8e50aec40,297f414c-294d-4d1c-97d8-77dd73785b23,a71d7e5c-699d-4c88-8a2e-b1de7b09362a,2024-01-05,2024-07-02,1967-10-11,fS997,cy397,2279.81,F,01581,TN,Orthopedics,North Christopherbury,Approved,Inpatient
8a2af924-ded7-4889-869c-1c285efde6e8,d0ebb338-c126-45ac-8288-83bf7110578c,45a30c5c-2f53-4e58-9ba0-d298c780072c,,2025-10-06,1943-04-23,OL076,QA714,2202.16,M,64185,VA,Neurology,Port Julie,Approved,Inpatient
060714aa-6270-4dda-9c55-5119378ea5ef,6354e321-a478-4234-9957-706effa06dfa,bcd7a8e2-e93e-4dad-97b6-9f20026fda8a,2024-07-03,2024-06-02,1970-04-13,MU447,ae399,8872.33,M,04379,IL,General Practice,West Andrea,Approved,Inpatient
8cc6c298-9f48-48c2-a4ba-dd147d6a08ba,b6544fc4-7e3b-4918-b994-da81a3973f70,b9c79963-bbcd-41e7-afa2-2a674f472de9,2022-10-27,2025-09-26,1936-04-26,fN270,kr216,4062.1,M,,MH,Pediatrics,New Barbaraton,Pending,Outpatient
5395b3b9-e3b5-4f0b-899c-c8f15c17087d,83f2ed73-fd62-4bee-9295-c2adb952e4b5,61d2eb8e-8c7a-4604-bef7-eb17ffac4bce,2023-11-29,2024-03-10,2006-11-15,kj469,yq747,2576849.17,F,07758,TN,Pediatrics,Danielport,Pending,Inpatient
,a9303668-dabe-4bbe-9959-6c90236282e1,12ad0337-f42f-47fa-8ba2-d2380c248803,2023-08-30,2024-10-25,1938-10-28,UW851,,-78.43,M,51206,FM,Pediatrics,Amberborough,Approved,Emergency
47543e5e-da39-4a93-8d6d-7c14f9b71a24,b77db53a-0bb8-4eb7-8903-23eefff9e699,b0749fd4-df9d-40dd-823f-0e25c673b0d7,2022-07-31,2024-01-31,1938-06-06,xS020,fH484,7085.19,M,,VA,Cardiology,Simsstad,Approved,Outpatient
20e5ea61-5c7a-4214-8892-d35109b532eb,,71c16b20-e4da-4cf5-b140-a5ed3c9e7b20,2024-05-01,2024-04-17,1946-06-05,KO932,qc993,3709.48,,30361,SD,General Practice,Lake Angela,Pending,Routine
2fd5a14b-3c8b-41dd-a3b1-ad0e89624444,604ab311-e32b-4fda-9d22-cc13df35efec,f8fd6676-6633-47a4-b692-3386ac819203,2023-03-17,2024-04-10,1963-08-29,fG522,Fy455,$5000,M,94966,PR,General Practice,,Pending,Outpatient
bee13e72-e37a-439c-82d7-e8d4e177bea2,6964931c-8b2d-4463-9dec-213e6e8ed856,0bc5283e-acb3-44cf-8e75-92f763667a54,2023-05-26,2025-07-19,1971-10-27,gG350,bA102,2076.77,M,86151,MN,General Practice,Cortezfort,Approved,Outpatient
03e4e2e5-3593-4d98-ae34-2e669e9fadd1,35bcdfc1-a63b-4ebb-931b-a7126b34b6a8,dbd78b60-b52e-43ab-a5ea-ea4f39857039,2022-11-27,2025-01-18,1979-03-03,Qy772,YI180,7586.51,F,76064,IN,Neurology,South Leeborough,Denied,Inpatient
0f815804-99db-431c-9e9a-a784145c0bce,0a2ae08e-be2f-488b-87a5-efdda6e3f80d,a30b00c7-b2b2-4849-b71b-6889a093d655,2023-02-08,,1997-06-23,Fz492,eW827,8958.79,F,69354,MO,Pediatrics,Port Sarahside,Approved,Outpatient
4964a26f-aa97-4da8-b154-e346a8548a20,4f508271-1f6b-47dd-a219-0ac47bf2896e,9bf1b9a0-89db-4883-aaa0-7b523ee6038d,2023-02-03,2024-04-04,1974-07-08,Tc913,cT498,6990.6,,37958,NC,General Practice,Henryport,Approved,Outpatient
eef27cad-a853-4c60-98a0-fc70876dbd12,b78c8a85-aae1-4cfa-bf49-eee4a9f2ae8d,a6b27be3-56da-49ba-badb-0d99d36f59ff,2023-08-24,2025-04-11,1946-10-23,Yj605,dL567,8401.07,F,53322,VT,Orthopedics,North Jeffrey,Approved,Routine
4b359e6e-1865-434b-b276-6d83ff255cb3,c9adf007-76c6-451d-8648-86a9dcaf340d,1091b952-75c7-445c-a87e-f541518665b2,2023-11-27,2025-07-10,1984-06-18,yX721,,9503.02,F,61983,UT,General Practice,New Lauren,Approved,Routine
f9db2bdb-9ed4-45bf-b3a1-e75ec2329027,9f9df779-2b70-4fbb-a1fc-a85e2e1cd931,,2023-03-25,2024-04-29,1953-03-11,zd853,MX180,,,50670,NY,Cardiology,East Amandaton,Denied,Emergency
ecdce5f0-837e-4817-99ef-22f62dbdf553,db4ce9a5-72c5-4093-9801-7f38ff03625d,3ab6002d-d823-48e6-853a-879771251eb7,2023-06-24,2025-04-30,1948-02-27,Yh847,Gg979,,M,62581,WY,Neurology,Bernardberg,Approved,Inpatient
0ec5b4b6-bc5e-4ff4-8b4e-b16b3921ad53,a83d405c-b767-42a4-967c-2846b29cfa5a,a0f31228-16a5-444f-b088-54cb93f9791e,2024-04-07,,1949-07-11,iY528,FG057,2509.63,F,84910,NV,Neurology,East Gary,Denied,Routine
9b61f3f8-6e84-4ac8-ae82-082d67d75b16,5e09a6bc-f7c6-49df-b29d-48f27a21f193,0b02f50a-efdf-4f51-ab98-58e9eda5d286,2024-05-21,2025-05-12,1936-01-20,In001,Qv016,4153.18,M,87266,HI,,Michaelstad,Approved,Inpatient
bd00da3c-46f2-4a23-ade2-77a5958c0834,44b5d0f3-dc8c-46e6-b110-479ad0084ec1,52aa8c46-e57e-4508-b487-62661280071c,2023-04-26,2025-08-03,2013-12-30,Az473,Nk397,9916.17,,82862,MO,Pediatrics,Lake David,Pending,Outpatient
f4a86e39-69b2-4dc8-9129-cda56594e875,3ae146c5-d5e7-4d38-a3ae-97d3ecb4fba0,edb2626b-6f0f-41f8-94fa-3e46a98ca445,2023-10-22,2025-12-03,1988-08-18,nN648,ci793,4974.02,F,74616,FM,Orthopedics,Thomasfurt,Approved,Inpatient
c2e97fdd-db48-44dc-acf6-fd8eacd83356,62399086-afbf-437c-8354-b1189c226250,,2023-01-09,2025-03-01,1948-02-14,eg308,pO023,3598.87,M,96677,LA,Cardiology,Edwardburgh,Denied,Routine
5888688a-98ef-4381-a071-b7d52d1b1c22,91b068ca-18a5-4212-8e5c-8b5d006bb86d,42324ad3-1101-469a-9f66-27c4903e72fb,2023-01-01,2024-10-23,1985-03-22,XY907,QS521,2265.23,M,93793,CT,General Practice,Michaelland,Pending,Inpatient
1cd5235d-fe43-49d1-b486-1eb370e1a02f,e07ad5fe-bceb-4eb3-ab82-d32fa056ac5e,d32148aa-8d8c-40a1-9fa2-80b0820e7edb,2023-08-01,2025-02-10,2002-12-17,jT777,NG320,7716.12,M,72190,IA,Cardiology,Smithborough,Approved,
f245884e-3096-4a96-bb99-06daaadc00c7,4303174c-ea00-459b-bd92-f9f7df3ba183,e3e3142e-4ec1-4fde-9218-d2a79f27fbed,2024-04-15,2025-11-25,1951-02-03,fJ752,Ao348,744.01,F,55582,CA,General Practice,Lake Michaela,Approved,Emergency
c020fb88-c314-46e7-8f0c-70ba8ec4407e,61a00d17-7209-4148-ab49-540dc2b980de,2dfb0b42-9534-4175-8ff1-f3e85542f1f3,2023-05-31,2024-09-27,2000-05-20,uv898,al182,3011.27,F,20005,MI,Orthopedics,Michaelfort,Pending,Emergency
060f780c-2f36-447a-ba39-e007001a144f,494dd44f-ea3e-4480-91d3-280fb9e1f116,1ff391ef-f5fe-46d0-994f-9a4cc2b23437,2024-03-22,2025-03-10,,hf766,KJ061,9500.25,F,30968,VI,General Practice,Mccannshire,Denied,Emergency
f09e70cf-2e8d-4053-8589-f0d7e501c2ab,71b04a4b-7196-4da6-8529-052bc94e1cdb,78485513-752b-4310-9a8e-5b6b2500d180,2022-11-07,2022-12-18,1986-08-20,Xo935,DV550,893.14,M,17829,NH,Orthopedics,Port Monica,Denied,Outpatient
01ecfc8a-2f2d-4b55-bb60-86c15e105714,52b96c70-cd35-4f7f-86f3-0a9e2c125b29,09f39efe-77fe-452c-b50b-2e1c62434e80,2022-08-17,2025-02-12,2011-04-21,WW094,li793,658.12,M,75629,PW,Neurology,,Pending,Outpatient
49536775-3d5e-44e2-bcb9-b3483d080f17,83cbca9f-1563-41e5-a5b1-7782b5dd9270,6533348a-d465-4cea-97bc-2892406aa58e,2023-11-22,2025-01-13,1968-01-11,wL667,We279,8386.43,M,62721,,,Garyfurt,Denied,Inpatient
d9407a59-1054-49f0-affa-aeaa4759814f,3ce73184-80d4-433c-8af8-32b3a848c8ea,e53dc1f4-6ad0-4e0c-a35f-b99025bfc069,2022-12-10,2024-10-25,2011-01-06,EQ990,jz303,2871.79,F,25211,AL,Pediatrics,Penaberg,Approved,Routine
ce8456ab-b2a1-490b-a58b-987784234421,,e952d41e-e04d-4ed8-bdfc-3282c10cd185,2023-05-09,2024-10-23,2011-06-25,fV523,Qi822,2971.45,F,20571,HI,Pediatrics,Ryanchester,Pending,Emergency
2868b6c0-fe9f-4427-b961-6f185098eea0,9bd0ce60-7d02-4f94-b43d-212d16c4f673,a628fb67-a458-4933-aa64-638ca648afb0,2024-01-12,2024-03-10,,ID998,Hu431,8720.46,F,13779,KY,General Practice,East Rebeccaport,Denied,Routine
24906a41-d9f2-4442-9a01-7ddbb4e363b4,c87feaf4-20ed-42e4-88a4-2c74e786eac5,7b22c384-8d91-4a3d-80d0-feb326bfc309,2023-02-11,2025-10-08,2002-12-20,up516,GK466,3900.0,F,29420,SD,Pediatrics,West Donaldstad,Denied,
5977da5b-05e6-4954-b01a-b98627f3cee6,0c5cbfde-a3ea-4568-b1c5-c3315a80776c,153d322f-d9dd-493f-9776-2d95a5b8d8d2,2022-07-13,2024-01-30,,oS290,LW126,2082.79,F,15323,GU,Neurology,Sarahberg,Pending,Emergency
77878568-9ee9-4f83-a029-8b613552e043,e83ad386-bc1e-41e2-87e3-6234ea9265b5,e8b701f3-703d-4fbb-b6f4-11bcec1a19cb,2022-08-21,2025-10-07,1981-01-22,Px027,Hk467,220.0,F,69406,OR,Pediatrics,Port Eugene,Approved,Routine
c9cd09b5-3c0e-42c9-9f3d-93021bb1ed90,cf79ac5a-3984-4d9e-b911-da545fc65794,,2023-08-30,2025-07-06,1997-12-18,rw384,Ug326,5758.97,F,64618,MT,Cardiology,Leeton,Approved,Emergency
cbf92104-72f2-40c0-a956-758067013a1a,70ebb521-b393-4d32-9de6-8d5972a1e842,df04ccf0-2b50-402a-9394-9a420abcde92,2023-09-24,,1977-12-03,gI353,jv946,4552.87,F,40821,VA,Pediatrics,Markborough,Approved,Inpatient
cca72705-8f31-42a2-a8f3-d6039fd1b0d1,5f8b24f7-f4d3-4453-8c3e-439aee74b1c4,37d5a4c8-6d43-420d-adf6-8eed32a3260c,2022-10-06,2025-06-06,1962-11-13,yG235,ZX305,6756.6,F,12173,VI,Neurology,Jamesside,Denied,Routine
ebfb4412-f4e9-4c37-80b2-c0891be9f1d1,ecfe73aa-4348-4fd1-a58c-12054410ee5c,def5a784-fecf-4abb-8f88-344ff65c9980,2022-09-17,2024-09-21,1979-02-15,lz466,sV667,3256.78,F,96584,NM,Pediatrics,North Madison,Denied,Inpatient
27db66ff-0544-4d15-a53f-d10da203ee6a,4e1b5889-2e10-4166-a5b0-9520c1513194,18561597-8598-453f-b7af-a171716f1169,2024-04-01,2024-04-08,1939-01-14,bc410,pj210,6387.43,F,32859,AS,Cardiology,Lake Kellyhaven,Denied,Emergency
b709654e-ca89-4dc6-b224-4f398aa886b4,ccc1ed2c-a60b-4654-9ef3-a84982a9179a,d6edab8e-984d-4d15-89dd-0771403c3d7b,2023-06-04,2025-02-16,1945-01-25,hj877,kG716,9079.72,M,65203,GA,General Practice,Amandaland,Approved,Inpatient
12740e3d-c528-4bb4-b3dd-4c57f027044e,cb13db0a-64a2-4c9d-a807-cd3d335f344e,a67f0970-d9bc-497c-b17a-5c1049e763d4,2023-01-14,2024-01-19,1952-08-07,du364,MC853,7390.8,M,91249,NM,Cardiology,North Brittany,,Inpatient
c4e32bb0-585e-4a66-88bf-9914ec38723c,ecc08c9f-5d02-41bb-9c39-a5b19ee2ae5d,002882c5-9ea4-4158-bef7-2a046c6f7ecb,2023-10-07,2025-04-28,1994-12-07,FI633,zN834,3955.11,,97307,PA,Orthopedics,Port Brandonborough,Pending,Emergency
31c804c9-110c-4c26-bf38-2638b9e29526,71d7c4ac-c608-4392-8f71-83ce85d00595,,2024-07-07,2025-04-17,2015-04-12,Xa559,eD733,280.4,M,83527,AL,Pediatrics,,Denied,Inpatient
994f5396-36a4-4758-af3f-00ca48b2c19c,de5808dc-a696-427b-a0b2-418bce09f080,a809bbf7-7215-492b-9824-316c92dd3e45,2022-08-10,2025-11-30,1944-07-04,jT382,GZ546,4727.27,M,66868,OK,Neurology,Jeannemouth,Approved,Inpatient
abf3c512-9a7e-417a-96f9-84aea837a490,a5108425-0d95-46a7-9958-44892bfc1ea9,,2022-12-08,2025-07-30,2012-08-21,mj941,QY436,7000.46,F,86261,WV,Cardiology,Port Michaelmouth,Approved,Inpatient
210aca0f-4746-4e2d-a9ba-2356e96e5f89,67175004-d7a7-42a9-b752-09db04372344,95819059-70b5-4a31-87cb-c75d8ad06599,,2024-06-23,2000-05-28,Nr591,HL427,7011.8,M,,VT,Orthopedics,West Coryhaven,Pending,Outpatient
3b46ff70-baac-4c48-a670-8d5f783caeb0,,deee7c7a-57eb-4f68-9b51-733f5ef965a7,2022-11-29,2024-12-27,1980-03-23,bI633,dy406,9271.19,M,78219,ME,,Davidside,Denied,Outpatient
6c933ec4-2e90-401e-9568-b2b3eeab1b08,5f74f4c6-84da-4a5a-97a8-873ab2f410c0,b0316243-f5fa-4515-8daa-574bc28ae4f7,2023-12-02,2024-09-01,2012-10-10,HQ823,He156,463.05,M,52448,UT,Cardiology,Colemanberg,Denied,Inpatient
8ca3bed8-6ab3-45e4-a881-15845b11b907,dc3ea1d9-078c-49e4-a352-a52a7eba7b0f,00bcedf6-a960-4483-ba09-bacd992d8395,2023-11-15,2023-12-22,1961-10-11,WH214,ic530,4442.29,M,94966,FL,General Practice,Lake Dawn,Pending,Emergency
4e91c100-60ed-4cb5-b0a3-e38de56b25e6,a9783491-3b42-4d88-a7ec-08847faf9fd8,f5ca46e3-8176-41b7-a00e-00fd5876845d,2023-03-06,2025-11-30,1944-03-10,vw977,DX110,486.06,M,98399,MT,Pediatrics,New Meghanville,Pending,Inpatient
5fd5fbc5-43dc-44a0-81c8-eb6964242dee,33017fa5-a4ac-4579-ba99-d5a741ae2b87,bfcc4e26-61eb-4961-af1a-ac09f84bcd12,2024-01-30,2025-04-09,1975-09-22,Ae190,jQ613,7559.37,F,28440,HI,Neurology,Friedmanport,Approved,Inpatient
4f9e8a1b-607e-4099-8031-84883942aa6f,20f59222-1779-41bd-96b8-1d155466762e,d551deaf-472e-4fac-be3f-1a58340bb1af,2024-05-16,2024-05-09,,rY284,vj013,6380.2,F,01380,MS,,Lake Julian,Approved,Inpatient
f1aad2a8-efa7-4b85-b90e-a21c6b9b6153,f6072338-0a1b-43cd-99a7-03800a585ec8,48d92d14-f088-4cf8-b06b-d2726dec842e,,2024-10-10,1976-05-20,Af288,Xe491,2041.37,M,37616,UT,Orthopedics,Donaldburgh,Pending,Emergency
0ae6d037-d4af-45f4-941d-b2290d0df7d6,77ebfb80-8108-4ffe-bd50-45043e7a9fa3,e351fe60-7b37-4b01-852f-d3e566ac4d83,2022-10-21,2025-04-22,2005-08-04,Qq253,zG722,1657.0,M,57785,NH,General Practice,Millermouth,Denied,Routine
70a456a5-d8e2-4707-84ab-06408f20aed3,95b622fd-41e2-459d-8926-ace14dc7f432,17c57f9e-0cae-4514-8a6d-cbf79de38851,2023-12-25,,12/2025/40,,kM878,7416.76,M,86053,CA,Pediatrics,Adammouth,Pending,Outpatient
74d3d6c6-454d-4007-ac95-631a92e54e59,2810f7eb-e884-4eed-9090-e33bd309a189,6efd8ae1-041b-41b8-b2a0-eca86e52b384,2023-03-02,2024-03-12,,AH837,Sl777,3446.15,F,99432,NC,Cardiology,Port Alexandria,,Inpatient
75b68ee4-7556-4abe-aa41-f98af8dcdacc,,b9e620a4-cfbe-42ef-adfd-f1a590d87e7f,2022-08-10,2024-11-28,1987-06-08,mL627,,2169.69,F,48980,DE,Pediatrics,Port Stephanie,Approved,Routine
e64692f4-419d-4130-874f-f08f6912ac3e,11ba14d8-c340-4e45-a374-267ba5e32f92,4133eae3-15f8-4ca7-a655-22903b4c548f,2022-11-20,2025-05-10,1943-07-15,Ji337,Nj375,9635.9,F,97097,GA,General Practice,Pattonberg,Approved,Emergency
0bfe6141-4f73-489d-94ff-29f8abf90179,9a3e95db-35fa-4004-9090-c71e38b58a3c,be1e17ff-5201-43a9-8614-74b2a7e2bc26,2023-09-03,2025-10-22,1966-11-19,jz517,dC219,3499.53,F,63527,MO,Neurology,West Andrew,Pending,Routine
4c651bf3-311d-4986-ba3e-912eeb511f8f,,b0add293-d7ef-4da9-b189-cf95ece17c8f,2024-06-27,2025-02-07,1955-12-01,eE669,ou385,1408.58,M,92776,KS,Orthopedics,Fernandezstad,Approved,Routine
c454b62f-366d-442e-b9f3-e678916eedf8,1eb402de-80e4-4883-8cb9-f748c827a387,,2023-12-31,2025-03-02,2015-02-02,Zl113,JR399,905.35,F,46284,WI,Orthopedics,Deanfurt,Pending,Outpatient
b86d5845-f0d0-4c8b-9abc-8ba723d726dd,55f3f48f-5327-4007-9d2c-72d8ce1a43aa,aa1cdedf-5911-4288-8ea6-8a1aea421f16,2023-04-15,2025-07-12,1993-09-18,Yj056,mQ612,3746.26,F,46995,DE,Cardiology,Roberthaven,Denied,Emergency
42999033-a128-424f-9623-680ca106d660,b94c5d39-1af4-4063-a041-1981eeb9e5f4,e6fa8a80-b5e8-4cd9-906c-2ed68eefeaa6,2024-05-06,2024-12-11,1940-10-16,tB697,,707.36,F,39919,DE,Cardiology,Richardborough,Denied,Outpatient
4a6c8d1f-035d-4379-afe0-722539e48056,6a416be3-e55e-4e6a-9aa5-432133b2b4aa,6631ee0d-18ed-4842-a927-3ac5c9314842,,2025-09-06,2010-05-06,mj021,,2718830.87,F,78608,DC,General Practice,West Lawrenceshire,Pending,Outpatient
d6f9648a-fba7-488a-8319-bee6ef243548,51b85d7c-b407-4efc-aa49-b3e1ddf55636,29c0eddd-1df4-4740-9f64-2fef29a85be0,2022-08-20,2023-12-17,1999-05-13,my656,JG519,2193.34,M,51255,OH,General Practice,Rossview,Approved,Outpatient
9a077edb-da9c-4b58-8129-d5b1ed40ec64,9864c1ea-a1e8-42c8-ab2e-af91dd9eb479,36d25d07-576e-4611-be18-91febbb7dab0,2023-05-07,2024-08-13,1949-01-19,Vz219,ie320,4812.58,F,97196,AL,Neurology,New Barbaramouth,Approved,Emergency
6df85410-69b2-4253-942a-3a9b6f956cc9,f448f444-7b4f-4f4d-998e-a4bbd9ba3cb0,d8749c7b-c95b-40e1-a118-74fc8ecb1a6a,2023-10-03,2025-06-12,2005-09-22,Ys901,CD268,4730.04,M,86149,TX,Orthopedics,Glennborough,Pending,Emergency
5e238359-4fd2-471a-b2ae-8fcdb8f91dbf,8a659b59-32b5-4c48-a50c-5522891fdc58,ac2c81ae-375b-4d82-aed0-4f2b72df6baf,2022-12-05,2024-05-25,1983-09-23,Xy003,dU635,,F,,IL,Orthopedics,Toddfurt,Pending,Routine
ce8826f3-13c1-46fb-a861-ada4d0b34599,28bcc93b-9488-463d-87fe-4359e17c1f13,a96ec242-d640-4be6-a9de-c4beaac4bbf4,2023-11-17,2024-08-18,1942-02-17,jC063,dj173,492.23,F,88052,IL,Pediatrics,North Mariashire,Pending,Inpatient
0298d956-2255-47c9-b330-6e6fe591a2d2,c99f0420-c7ba-4faa-aa53-d1548c4e65e3,fd571792-eea9-434f-8538-458e0d81c712,2024-06-24,2025-11-20,1995-03-04,Io625,iL644,1830.9,F,,MD,Neurology,,Approved,Routine
6c58a5aa-521b-4b08-bd83-15fcb465fe91,ed1f18c6-b8e9-4de3-83f8-828ef5db90f8,f631f291-0c10-41ac-b80f-a39cfae66ee9,2024-03-03,2023-12-18,1975-07-10,Vx829,UK363,3050.72,F,70653,WY,Neurology,Port Amanda,Pending,Emergency
c571f87e-24ff-4b0f-a8e4-bf591e918b90,b76b2fa1-fc22-4bf9-9510-c9e2c0bf618f,6bdf653e-1091-49f4-a2c0-5325a8ab9b49,2023-05-26,2025-03-01,,ts086,lB623,4234.9,M,66652,FM,General Practice,Thomasmouth,Pending,Outpatient
,95c3a6c6-eddc-487e-b555-0ad926f57661,cf8f2826-4f7e-4aaf-b982-5ffd6fcf20e6,2023-05-05,2023-12-30,1986-11-28,gt495,ut908,2872.37,M,12952,CA,General Practice,New Jennifer,Approved,Outpatient
48238225-2230-4df7-a570-705c35b0065f,2c57cc8d-de5f-4971-906e-8fb587b886a5,1c1ca888-e0c7-42b6-b262-b18fdea9e656,2024-01-28,2024-07-20,1996-10-07,ij606,ZQ333,9464.65,F,88692,PA,Orthopedics,East Kaylee,Pending,Routine
d3f3c242-ec3e-44e6-8d87-a29a53594295,ca7ad0f7-148d-4471-9dbe-b8b28c0d7014,618ec2b0-9d8f-422a-89d6-ac97e45b8c85,2022-09-22,2025-03-28,1957-08-24,MG706,ky544,,F,43643,KY,Pediatrics,Kellyton,Denied,
85fd1c05-ff77-4e1e-9e47-d8d02905424f,61c8de46-e869-44c6-9a9a-c3778bc256ae,ef6c4a58-1797-4a4d-bb8d-fef444f63900,2023-03-20,2024-07-22,2001-03-13,bW468,jn930,7962.55,F,88189,CO,Pediatrics,Harrisonview,Denied,Emergency
c3e0afaa-b00c-498d-a6af-7c90356b60f5,bbc72dfe-9b5c-429f-841c-3f0b122c5bd3,8cac6a8d-1e7f-44ee-b1b7-47c83306e02a,,2025-07-26,1948-03-11,sb653,Bm586,7677.1,M,33217,NC,Cardiology,Julieside,Approved,Routine
e9c25679-68eb-44df-9c69-1a5335df31e1,4597c77d-8b1f-4915-b266-526f12aae9f5,399fd3c5-6121-42d6-b10c-d4c90ff35d86,2023-06-02,2025-11-24,1980-04-24,vr993,,548.51,F,57233,IA,Orthopedics,New Ashleymouth,Pending,Routine
1cadc5d9-a671-4322-a696-042badd08a06,d9bc0b57-69d0-4010-8ea8-4f3b708a9421,52b5aa1e-fa9c-4da2-be55-b51fd2abbd66,2024-06-20,2024-11-27,1956-08-26,12ABC,ez197,6940.28,F,50946,WV,General Practice,North Davidberg,Denied,Routine
f683f3b8-f7b3-4432-a598-225602b25a21,199b60bd-1760-4e5d-aa52-e42a691edc03,e3c69c5a-b845-42ec-913c-a0a9932b5561,2024-01-03,2025-04-26,1936-11-15,pN382,oE167,1515.62,M,76428,TN,General Practice,Port Dianaborough,Approved,Emergency
c2db1461-08e4-4124-b6ba-ae8bb8ebc8a8,369050d3-0bd5-429f-8232-00b62a15ce90,a5207477-dc89-4e48-b8fd-6f2a5842264a,2022-12-21,,1994-04-06,Tw443,Qh244,8718.22,M,69934,PW,Neurology,South Andrew,Denied,Outpatient
ec7a6155-3726-42b5-9f0c-ddd4043f7d92,f6adc8b4-7d95-4060-8646-d85fb1cb72bf,,2023-05-04,,1979-10-31,dJ277,wb956,5847.82,F,41680,MD,Neurology,Josephville,Approved,Outpatient
d096b280-98aa-4424-b632-0828363f6af6,1d0c9150-6f81-4af5-889f-ab9548c08fb9,0b3e6ed2-79a6-4e93-a1e9-cd883d952330,2023-01-09,,,FV034,mN387,8186.12,M,61830,NM,,West Matthewland,Approved,Emergency
aaae7112-51fd-4010-a414-0d481623be9a,57cd6351-959e-4c4e-a30f-f7574f16b53e,ff5f3831-9a52-4517-8a28-3aca5b442687,2023-08-11,2025-03-22,2000-08-14,xZ280,mj858,2227.64,M,14173,TX,Orthopedics,Duncanville,Denied,Routine
d1360434-c717-47b7-9bf0-5d385d411b57,5011c1e3-f34c-44b0-910a-3557b5df378e,9406503c-870b-420c-9ecd-5453d53325ed,2023-04-26,2025-03-12,1957-04-28,Kd483,sw510,961.17,M,22164,WI,Orthopedics,New Benjamin,,Inpatient
c46b49f6-271f-4745-a7fa-ea1985b2308b,46146dc0-e34b-48fd-8dee-99e3f15fb70a,afade759-fc9c-400e-b6bc-bff0f53ff5fe,2024-06-05,,1969-07-30,bu754,Bq477,5052.76,F,23683,SD,Orthopedics,Grayborough,Approved,Outpatient
0d148c64-d1a3-4cef-bcee-ed1e191fc242,4601892b-c0db-4bda-a553-718e22ee760b,d5138c46-efe1-4c59-be87-ee0bc34e8b59,2023-10-07,2024-08-18,2000-11-18,EX174,vK959,5991.8,F,35306,DE,Pediatrics,Samuelhaven,,Inpatient
0f03cc5a-6db4-4922-98ef-3c5413a785a5,6ce0b79b-e0cd-47c1-a7da-6387e46b470b,0277b60f-0a6d-49fc-8e3c-27de0f2a3f46,2023-10-19,2024-12-19,1972-07-05,AQ938,MZ136,7161.12,F,90213,AL,Neurology,Crawfordchester,Approved,Inpatient
e562a34e-66f3-4f5d-ba63-c0548dc78e6c,2381c020-f902-4464-94a2-4a3b889c3307,9f2bb8cb-1f5a-45c1-932b-b2f8460474cf,2023-08-13,2024-06-19,2015-01-13,TA544,rA594,7712.98,,14890,NC,Orthopedics,Port Ashleychester,Approved,Inpatient
6d1edb16-a625-4c4d-8bc7-7e2dd664511f,1ac757dc-faae-4d38-b405-a3a4f12d7008,a65db1c0-cf59-4ab4-b764-ad2aa6b11f1e,2024-05-26,2025-04-08,1937-10-10,bG509,nz945,6097.21,M,81534,CT,Neurology,Martinezmouth,Denied,Outpatient
e6e4d3fa-3a9f-41d7-8de8-f246877001e8,90fc8c8e-b0c0-4553-9925-025f92d1d449,a9d826b9-de80-4555-8b4e-4ff70339bba9,2023-03-13,2025-10-08,1990-05-02,rc106,Pc197,9976.52,,79477,ME,,Joshuachester,Denied,Outpatient
14e6c3e8-bae8-423c-8867-1de834506cb5,c6971d84-399d-40a1-b38d-b164267c50ee,,2022-10-29,2025-01-15,1946-07-05,Hn665,hH981,499.47,F,45707,RI,Orthopedics,North Katherineport,Pending,Outpatient
81770dd7-bdb9-45cc-9a19-c0b7a41a3985,,3d7e8fa5-1168-475e-9487-8cc16650ec65,2022-08-05,2024-02-29,1939-06-30,qA395,pr243,3682.35,F,36319,CO,Orthopedics,Robertville,Pending,Outpatient
635cde57-c11b-4bb6-933b-7b4d5c8b2aec,4fc6f81f-9fda-460e-b34f-114f2779ee61,,2023-11-18,2024-06-06,1940-11-06,fr752,Lg370,7097.09,M,,IL,Cardiology,Butlerville,Denied,Routine
c9f6aa2a-e2b1-42ae-8724-b42df0472fb0,ad69e5da-1b4e-4795-8f5b-a4b970c189d4,a8f3e4d2-49f9-4623-bf01-15dee0550fc0,2022-12-18,2024-11-24,1999-02-27,DH507,Ga939,6919.96,F,29694,NE,General Practice,Osbornebury,Denied,Emergency
96bdf508-05ac-4ef2-970f-700632062cff,40ddd578-0a1b-48b2-91f5-5151a3707f8c,b71fc582-32a5-47b9-b8fd-1d4652122113,2023-10-13,2025-05-01,1943-01-04,tM768,Fj073,3033.63,F,34384,OH,General Practice,Lake Meganfurt,Pending,Routine
a6167366-f8e0-40ab-bfdf-1d500eef5f0b,348a0f44-8bd7-45e5-951f-3273ad9f38f7,6e858047-f5ee-4dc8-8580-2083ec024a10,2022-08-20,2025-04-18,1986-03-27,hL348,Ny581,6403.03,M,37336,IN,Pediatrics,Mathewston,Approved,Routine
af4231c2-07a7-4563-8f24-3498a77a675f,36fbeed5-c962-4eec-b565-4ec0d4002bf9,891d4816-fce4-4061-a6b3-3d2239efcffd,2023-01-07,2025-10-26,1953-11-13,to535,iD907,6612.67,F,15959,IL,Cardiology,Port Kyleville,Denied,Emergency
a2345737-32cd-4103-8a41-437b8be2bef4,21307af0-cfdd-4fb8-9d63-15f600799b68,35756c44-6fb6-4b4b-8889-41b7fad72022,2024-02-25,2025-10-20,1973-06-16,uK802,Bd854,8274.54,M,,NC,Orthopedics,East Phillip,Approved,Outpatient
3c8d2689-218d-4703-b142-387df30f66ee,23a336c0-dc91-4cbe-904d-d313061cf775,0fb8551f-e25e-4da7-aa24-f7ff716aba8e,2024-04-23,2024-04-21,1939-05-23,No917,Yx047,8660.75,M,27737,PR,Cardiology,North Michael,Approved,Inpatient
112a4490-14d4-4510-b067-5bdd0186464f,e19b80fe-6f89-4264-a7fc-f88ead5c9fba,78ecd89c-5543-47ca-a34f-a637595405aa,2023-07-12,2024-07-09,1999-03-14,cE062,lR046,8686.21,F,29755,KS,Pediatrics,Port Matthew,Approved,Emergency
c79c89b9-fcb3-4126-8f3f-25413421d0a0,fe1d11fc-edfc-4a7e-9885-488c6df3a577,b34b52ea-8966-4ae8-8168-3c313957e3e7,2023-11-21,2024-01-28,1971-01-24,Vy109,tP502,9332.29,M,25514,CA,General Practice,Adkinsstad,Approved,Routine
2313f915-c06b-4d1e-ac0f-56857953eb3a,71042e71-f92e-4892-a92f-8543fb56aa86,01fe7bb4-75c9-475d-9148-7db986e7fd2c,2023-08-24,2023-09-15,1961-03-16,TV082,Wt126,1790.01,F,43926,HI,Orthopedics,West Jennifer,Denied,Inpatient
4ef292e9-83ca-499e-b463-d5d0dae0231c,,f2165bb7-371d-4229-a916-28f2bf8392e1,2023-12-14,2024-08-28,2006-11-20,Zm247,rb339,4178.39,F,89133,CO,Neurology,Port Margaret,Approved,Inpatient
39ae7168-7cde-42dc-a3bf-a4c1567195f8,9c756adc-8ffc-4c04-8e79-421e8343719b,32f8c953-13d1-4101-bb2c-4f0b059057fc,2024-03-09,2025-03-04,2009-08-21,eQ297,Av331,6316.21,F,61247,IL,Cardiology,Juliemouth,Denied,Inpatient
89793787-3c24-42c2-92b3-370149a14b7b,a0a30e77-4a08-44b4-86ba-cbb51823c96b,41c54baa-af70-4cc3-a659-6c019d50ad0c,2022-11-26,2025-06-17,1979-09-24,Pi202,pE840,5591.84,M,00748,AZ,Cardiology,East Ariel,Approved,Outpatient
3a5d124e-a23b-4702-b736-2990dac8359f,e54f63d7-486f-4eb3-8083-dd2d844f269c,6727aab0-bc8a-4501-816e-502795e39b55,2023-02-27,2024-12-24,2005-01-26,Md204,OD868,9578.74,M,51796,ND,General Practice,Chanville,Denied,Outpatient
022dc458-d0c5-43fb-958e-90ca466d8a10,4a87d472-5d72-4dad-b006-99ed48f92b90,231ff340-ee89-4678-83e2-f164034bf16e,2024-04-25,2024-10-03,1949-05-04,fL067,Rh908,1334.16,F,16607,AR,Neurology,New Rickshire,Pending,Routine
c8b498f6-2f0c-4436-9542-aa14d21f1060,1de65fc1-6ea4-4ca8-b489-ae03e5f6c6af,4ec128b5-513d-4d04-81b7-abec730e55ec,2023-01-22,2025-08-01,1951-09-03,tK699,je948,,M,60491,TN,Pediatrics,South Derek,Approved,Emergency
0dd27d6e-0c1d-41b5-ad70-7951bcd15ec2,d493efd1-3980-4ff2-9c07-b99ec1cf2e02,0985155f-ab4a-4ea0-af38-14ce1360b299,2024-01-08,2025-02-21,1983-07-16,sY118,bc977,3789.62,M,36433,TX,Cardiology,New Paulaberg,Pending,Routine
7d32ce39-07cc-43fb-9ea2-42fdb06c5ef1,580f951f-40e5-4483-a2a7-0b6ba17c1029,198378ec-0daa-4138-a7a0-413962ddc455,2022-12-06,2025-08-21,1947-05-28,ho335,PR769,7505.92,M,28494,SD,,South Kevin,Denied,Outpatient
3312fcf6-0c91-4c84-a49b-915f9ffd3516,88dd1636-58fd-48a2-bce4-efd6bf1e8707,dae491d2-4946-42a6-91e4-8125a302b4c3,2024-06-15,2025-07-12,1939-11-07,DO516,mG702,,M,78729,SC,Orthopedics,Yustad,Approved,Inpatient
d9b4273d-ae2a-4bfa-a745-ea79b5a94836,9adef419-1261-475e-9c91-ec185e225030,03b35dda-bfe4-40b1-8c59-01b2ae44a72f,2024-03-09,2024-06-28,1937-03-08,MP615,Bw354,7267.33,,51095,VT,Orthopedics,Mitchelltown,Approved,Routine
bacc588d-8f1c-4037-a0e9-75050ff77bde,455ddb53-9687-42dc-aea5-5483a61bb11c,b7aa604e-321a-486f-a7a1-8b731e4d8140,2023-08-16,2024-11-06,1999-07-13,TY602,,8407.55,F,40914,MI,Neurology,Johnburgh,Approved,Routine
55bd3636-9ce0-4849-ae65-24dc86a71107,15b0feb3-b67c-4102-b0d9-c5fac8aa129c,,2023-04-04,2025-05-17,2003-04-24,Am905,VI125,3186.98,F,02804,,General Practice,Robertshire,Pending,Outpatient
c3d166ee-3e7a-4e23-8e0d-44e1ed112764,,ef00776a-dd57-45a7-b2e7-6877b2074865,2023-02-23,2024-09-19,1998-02-02,Ty729,tF994,9555.1,M,,MO,Orthopedics,Perkinsmouth,Denied,Inpatient
35f89b4c-1c4a-4254-823c-3f8a06432bb8,d389fa26-a41e-4e3f-b6fd-a5e4ca5f32e7,78308cff-3062-4362-9c01-f89830cf05aa,2023-08-02,2025-02-07,1959-09-14,YM504,iG037,8117.76,F,28338,MD,General Practice,Tylerborough,Approved,Outpatient
daab5133-5096-40f5-9074-540b10e9e5ed,2ab06b19-2f64-4132-8ad7-9740e1c202ca,56fe2bd6-3585-4ed6-9b4a-fda69e261174,2023-12-31,2025-10-11,1985-03-11,wP172,,9841.73,F,,NJ,Orthopedics,West Loganland,Approved,Emergency
80174027-d99b-4dd9-b681-2924d3373f71,c939a60c-5ce9-4ec7-8fd1-0009ef377e04,564f67ff-c3b6-4478-a911-53d5fd963388,2024-01-18,2024-09-16,1936-02-20,vy962,jr818,5459.61,F,41935,CA,Pediatrics,Samanthachester,Pending,Inpatient
7f52064a-3a40-49ef-b3d7-e92ce66c8f52,a5158d6a-b3cb-4d79-9beb-75d4684a909d,5336e124-29e1-4dc2-ac61-55382955b9e5,,2024-08-31,2009-03-07,Ra128,cS674,5591.4,,90131,MA,Neurology,North Sandrachester,Approved,Emergency
588a9e4f-26be-41be-ad4f-1b6247dd1c9f,620e2aee-7785-4fe3-b624-462115db55df,88aef246-68ac-4235-9983-49958bc519eb,,2024-11-06,1980-03-23,zp279,Wx660,,F,74265,NJ,Cardiology,Lake Andrewborough,Pending,Emergency
06b55ed1-d0e0-4abd-8895-2f1f79794a63,19f84690-3554-4240-afa4-bd36634deeec,d8e837e8-c3b9-4655-8598-7c683b33b7c9,2024-05-09,2024-04-04,1947-12-27,UO943,io937,6718.87,F,67893,DE,Orthopedics,New Thomas,Approved,Emergency
de264d69-91b0-4d75-9ea3-0ff3bf97bc28,6389d586-15fc-4090-a1f4-06b4a187bf49,cd2dca9d-01f0-4025-a7be-29596634dbec,2022-07-30,2024-08-16,1952-10-21,IW994,Jq618,7858.16,M,05191,MO,Pediatrics,Lake Cindyland,,Outpatient
baf62523-c774-4c70-86e3-123e2f07159c,cad206ed-5bab-4c8a-ac12-1f0671221051,fbece81a-d037-4a61-89d4-35491f78147e,2024-02-01,2024-09-25,1964-09-03,Nm439,vI498,396.74,F,17549,AS,Orthopedics,Lake Robert,Pending,Inpatient
6168f04a-8b3c-4461-b83c-3bea9291ffce,e48c1d64-947c-4ed3-8e12-09638b0ea1e4,30e4fe08-3c4c-4e50-a6e4-a1fa9554ced9,2022-12-19,2025-11-27,1985-08-05,Ct273,zz788,9634.84,M,45732,IN,Cardiology,Reynoldsside,Pending,Emergency
4b190e37-1c58-4feb-90b3-22de8e8eae9f,37efda0c-73f2-474d-b3a4-39ee962b1bae,,2023-06-09,2025-09-09,1981-11-04,uL208,IU673,1781.88,F,,LA,Neurology,Ericabury,Pending,Routine
,a2a07fbe-f652-46a0-bd8e-4c8a2dd981ee,0a7b8d3f-0df1-4c2f-9f75-f23b266d7e7f,2024-04-21,2024-01-23,2006-04-30,ZD048,GV188,,M,28067,RI,Orthopedics,New Joshua,Approved,Outpatient
ec2b2074-4822-49c2-9353-8b7fc2989671,,061a3a1d-20cb-4ced-a072-8b9f2b199207,2023-08-29,2025-07-11,2007-01-19,iD325,QD169,1057.1,M,30534,ME,General Practice,North Eduardo,Denied,
d4c9ae78-708d-4f7e-965d-d19a08d33421,e9353d91-d09a-404e-9d60-b2c74718691d,7cfbe750-d4bd-4f28-b951-293499a1fce2,2023-12-18,2023-12-16,1991-09-16,rb674,MB623,1507.16,F,84694,,Neurology,East Jon,Pending,Emergency
289a0c25-debb-46ef-875e-7ae3c990f90f,a29304f4-c4ed-45b2-9e1c-eb92db65b63d,bc269610-7149-4332-b2be-6b2e0dc81338,2022-12-30,2024-04-10,1983-04-19,Er375,yi466,1718.89,M,41207,WV,Pediatrics,South Renee,Pending,Routine
0707eea3-9baa-44fc-9705-5ae6d6ca6df9,1a3f6119-1169-4343-81ae-c70e4df0af1c,b8ed2825-91b6-48b1-b712-1949853dd285,2022-10-12,2024-07-28,1942-12-12,zZ500,yB794,3612.84,M,,SD,Neurology,North Katelynmouth,Pending,Routine
8a168b58-a532-44b2-a4ad-18ed9d9dd9ba,94a312f7-680c-4fbd-a3c6-9d763696c003,2154ab4f-c88b-4036-bbc6-64d1cca57730,2024-05-09,2025-02-18,1990-01-14,xV258,Gl101,711.9,F,34950,UT,Neurology,Walterville,Pending,Outpatient
5f85b79b-d2d5-490a-a1fc-e0fa81800601,6b45b9f5-7b41-4e28-ae58-30a762fb9da6,b027777d-b5a5-45dd-8c5c-b1bebf3b78b2,2022-09-12,2025-06-18,1965-08-30,fY811,Tf598,8571.39,M,08922,UT,Pediatrics,Nunezton,Denied,Outpatient
9e9983e7-9ea7-45f5-84d8-ce49ccd8a4a1,6f3acdf7-73aa-4afa-9c2e-b25b27bdb5b0,f7733b3f-0980-47b5-a7a0-ee390869355b,2022-09-27,,1982-09-01,zx832,dg637,7346.74,F,38576,PA,Cardiology,West Charlesport,Pending,Emergency
b90aaed4-e8d0-4164-89f6-0b74228b42e8,746ad67e-6854-4425-b959-eabc2c10cd01,92504fba-d732-4e4e-b368-95fbff0290b2,2023-10-21,2024-08-03,1965-06-24,mp959,,,M,17539,LA,General Practice,New Carlyville,Approved,Inpatient
e54522e3-d4c0-4067-a9a7-0c4f945d19c4,0a1506fb-68c3-4153-9d72-b01d1d0a6c1c,5d3b394f-d861-4778-951b-57783afa4c74,2023-11-16,2024-04-11,1973-02-28,Zu983,Tb316,1418.5,M,93160,MD,Pediatrics,Ramirezhaven,Denied,Outpatient
c1342630-5c2e-4fc1-9688-7c82e73ab70f,62440989-29b7-4b4b-bcee-8bbfadabc8bf,5fac92ff-def7-4009-824e-0dde054e72c9,2022-09-02,2024-11-06,2010-03-14,bB635,gi675,3314.29,F,33478,AK,Pediatrics,Fergusonburgh,Denied,Routine
51a2ac0d-14c4-43af-9694-ea4a49b7c2e8,f9a805dc-58d9-4e67-b783-190a727cc3cb,395c796a-6dad-4082-b3d3-5d8f2fd21a71,2024-01-21,2024-08-29,1974-07-22,Kz812,OS441,9941.98,M,,MP,Orthopedics,South Andreafurt,Approved,Inpatient
4184282b-9794-4765-8d25-ed9d22766eb2,ffab67c7-7b57-4318-a78a-6776cedeedb0,5fb6d367-7489-4bb8-9ed9-9303fc44abf5,2023-04-10,2025-10-21,1955-05-15,Nd001,iq481,224.81,F,15613,ID,Cardiology,Hernandezfurt,Pending,Emergency
219e703a-5caa-4ebd-8201-f556a43d2893,,8592b758-e5ec-4e22-861d-6ec2e54ee068,,abcd,1978-05-25,dr108,IW204,2499.86,F,63584,PW,Orthopedics,Douglaston,Denied,Outpatient
391b4460-c7ef-4c18-84b7-f3421bf200d9,89ef9cdb-dd48-4c50-bd72-5a0ecd901950,12242d58-6542-4d38-a4e6-e63f7810a204,2024-01-13,,1993-09-28,AV700,El925,-252.86,M,78993,PA,Orthopedics,New Sandyland,Approved,Outpatient
,7917bcd4-53a2-4b23-972e-c04698c80d75,7ca17409-0ff9-4e93-98c4-88101f74c150,2022-10-01,,1971-01-10,id623,Kj976,3613.49,F,28665,OH,General Practice,Knoxchester,Pending,Outpatient
02a8dcb1-009e-4188-940d-2e61b5a17fc2,559ca6e2-6578-4b57-bf11-0962143bd148,632e0a88-95b7-4804-8983-bef8cf4ff747,2023-11-12,2024-09-25,1959-08-10,Wr297,Nw697,897.95,F,92135,UT,General Practice,Williamborough,Denied,Routine
6113551b-f6f3-4603-a255-d957208e0a71,b472491d-030a-459d-9d2c-b8afa83885f5,1a1382d8-aa41-48ca-bd0b-1102a179bbc0,2022-12-16,2024-01-13,1962-11-12,RG428,FJ619,2154.66,F,,RI,Orthopedics,Aprilmouth,Denied,Emergency
25b23244-1fee-48ef-9356-813658bc22b4,d8abf54f-23ef-4aeb-8e61-6bcc885ab2a0,00ba25be-1366-487f-ab39-4aea452d4e27,2023-07-08,2025-01-19,,XW966,,8118.25,M,65975,AL,General Practice,East Alyssa,Denied,Inpatient
a5275f85-5e1e-4f92-b3f6-57533d974da3,2a104538-5077-4bf1-9dca-5c9fd277f1ea,d1ce2fcf-b08a-41f8-add4-5caf99d24362,2023-10-21,2024-04-05,,sN039,rq363,9914.15,M,71405,,General Practice,Davisshire,Approved,Outpatient
68a6f859-858f-4ddc-a197-89f92b880822,56929656-3a01-4fe3-a59d-81a0dd738b15,18ac389b-f0c6-4b6e-8e6f-e3ffb0b31910,2024-05-10,2024-10-15,1979-03-02,iE205,yB727,1181.72,F,91421,FL,Neurology,,,Inpatient
fac51b04-d955-4e2e-baa8-ebf2256fd8ec,2dd381e1-b73f-403e-b8c6-661274604e43,9516c349-196d-43a7-8285-b7cbfe40698a,2024-02-18,2024-04-04,1967-01-10,lm108,Xw956,6405.33,F,66089,SC,,West Crystal,Denied,Routine
06ab54c2-b674-4f70-87f1-1c6c8ed0f0fc,79637137-ead8-41d0-b758-03b45bcb7cb9,8c12af7a-8fcb-4a92-923d-ee508545b84b,2022-08-14,2023-12-11,1996-08-07,Ui239,cK629,1826.23,M,18253,OK,General Practice,Port Meganview,Approved,Inpatient
6a98863f-c33c-4db6-be82-8f85660221f0,5ff2c783-e7a0-4c20-a31d-69f902b04053,c8bd734a-9983-45d2-bf14-edcfddcc2ccc,2024-01-11,2025-06-30,2007-09-14,Nt741,RW903,4652.02,F,36776,SD,Cardiology,Mayerfort,Approved,Outpatient
3f2c87cb-eab7-4436-9e05-2a2457c4518b,b11bd2da-09ac-48e8-aa6c-36ff282f0fbc,af2b82e0-6da4-49c8-bfc4-19074dec895c,2023-09-09,2025-10-17,1948-04-30,ue649,zh986,2235.83,M,74496,FL,General Practice,West Jeffrey,Approved,Emergency
802846a3-8de1-4ff3-a829-f4f2ea705411,9ff3f50f-b49c-4589-bee3-e34fd6fc46ce,9211059e-9790-48dd-a6e2-0d66a8f2ffa0,2024-03-25,,2003-07-19,Bp186,yo750,485.9,,46528,DE,Neurology,Palmershire,Denied,Outpatient
2ecffbd9-dfc9-4f84-b9e5-c2dbea5c9627,af7087f7-3064-48b6-8080-2e7a2eadecd4,8408c2ff-a3d5-4399-af0d-d0711aca726b,2023-01-09,2023-12-20,1993-08-22,uK996,wg441,5810.89,M,21581,MA,Neurology,North Bobbymouth,Pending,Outpatient
,281dceb6-ea46-4682-b50e-86bffee5d406,517d83d1-fdab-4df5-91bf-b4a8f9bfdf62,2024-06-20,2024-09-20,1994-10-18,MQ435,ND425,7614.15,F,16127,HI,Cardiology,North Jacob,Denied,Outpatient
a200c999-7428-4a6e-9f46-e637bb25c753,2aaced51-7c5e-4b01-8316-19874a1ef263,892da94e-77f9-40b9-8ecb-3c992a4047c3,2023-11-12,2024-02-26,1980-08-10,Fc512,WP596,805.44,M,68037,TN,Neurology,Kevinhaven,Approved,Outpatient
91ce6e1a-1c7a-4e24-b3fa-d61f96dbaed7,5ab29ef4-f139-4318-be8d-fa254a01bd9d,0cdbb784-6746-4555-9a58-f11e5c49a20d,2023-12-29,2024-03-13,1967-01-09,By479,fJ922,,F,67649,WY,Pediatrics,South Thomasberg,Pending,Inpatient
0ccf34d3-4241-4be0-a4ff-3e767a056c24,b685d139-a35d-4896-a533-5751a18b680b,46d368e0-535c-4559-a481-a2aaccfdf276,2023-07-20,2024-03-03,1947-07-25,tp738,Qx774,2185.56,M,45061,FL,General Practice,North Joe,Pending,Routine
cdfa2b81-88f8-4ebe-93d5-7e4135ad7704,944e6b9f-f402-4a03-bd23-e6e23cbde709,98d0125e-f716-45a8-9529-76f564ec92bd,2023-08-20,,1992-03-20,pP015,jC832,577.04,M,20025,FM,Cardiology,Lake Jeremiahbury,Pending,Routine
ba490fd0-e8aa-49b6-ae90-ec5a636b7a29,f05514c4-f6ec-41db-bf56-c902540f940a,b4ca9b5c-5194-41a9-9039-47f357b089e3,,2024-04-04,2007-12-08,zx303,lE340,6348.27,F,46930,OK,General Practice,South Nicole,Pending,Emergency
ea1856b6-6266-4ded-820a-9f45521d324d,d62fb494-bf71-4b9e-8402-d3067f260952,38a453d9-7591-43cb-9f25-6caac6a236f6,2022-10-25,2025-05-20,2004-07-19,Mm133,My659,661.14,F,18663,AK,Orthopedics,Hinesview,Denied,Outpatient
58760a3a-98a1-4f3e-a928-8bf35e61c460,01baf5f9-cd8c-43af-8616-6924913b66fd,72a99ddd-f427-4379-ba44-54dbf15e7ab5,2023-05-02,2024-06-06,1935-07-31,DI836,pl258,4807.91,F,80197,OK,Orthopedics,Mannmouth,Pending,Inpatient
c01c487e-78d8-4334-a1f5-c7ea728ab197,2094d941-e609-4d21-a46e-6a75d2ae5e10,a37df1ce-3c3c-4e42-b9cb-ca11fffe8553,2023-05-26,2025-02-05,1984-06-08,,,5796.06,F,03552,NM,Neurology,Courtneyfurt,Approved,Outpatient
f2f6669e-8df6-49a2-a794-578c2c95c4d3,5e5d18a5-1fb0-43c1-b049-cc69419ab016,dc6b2f5a-040f-408b-bc08-45698241129a,,2024-02-12,1972-06-27,Ev773,xx263,8615.38,F,31167,IA,General Practice,East Nicole,Pending,Outpatient
0270da81-aa2c-471e-aad3-5bcac93e5419,2f99076a-49eb-436f-8fda-33ae64b0a72a,de2882ae-baea-4b89-ad28-ae2ebb602e71,2024-06-27,2024-10-18,1944-06-28,zI431,A1@@#,4036.18,M,54276,MD,Neurology,Rollinsville,Approved,Outpatient
2b098cd3-e077-4a55-8292-02fc3d6ac2ed,68ed05d9-8cb4-4f21-bf30-d73f129011dd,89993db8-3754-47d4-816e-cff14cdd6d1e,2023-02-19,2024-11-22,1971-01-27,HX865,lG722,1926.76,M,54873,FM,Neurology,New Kenneth,,Outpatient
f977ad1d-be89-41c6-855e-4d0154694513,1c90226c-56f6-463f-a2c0-b6d53cad615e,8cb61be2-1ead-4133-80db-3245589182d8,2024-05-17,2025-07-17,1985-07-09,bE097,QT933,,F,06244,NJ,Cardiology,North Adambury,Pending,Routine
38f60e82-8546-4449-8a44-87ab39450b64,5f512137-ce03-42ac-aaa2-6986e2169897,2f98fa26-7156-4b6b-8cc2-3c9b240bc9d3,2022-12-04,2025-10-21,1970-12-15,gj468,TW983,817.22,M,34576,NM,Pediatrics,Leslieport,Pending,Outpatient
e229d140-01d9-4cfa-83a7-72a182e032e0,85bcbb1a-b6cb-49e1-b64f-a627b3e896c3,f50ac46a-6cca-44c6-9f7e-038f19f7d982,2024-05-27,2025-11-12,1976-08-13,to305,FQ280,9571.53,M,67215,IN,,Lake Kristina,,Inpatient
fe97960a-fa46-43f4-8820-98f089866ed0,d7b4c486-e205-4133-b4b4-7d1ed3cfa368,f782a191-21dc-4363-ac33-6330ec6d559f,2023-09-17,2024-05-14,1954-04-16,rZ406,Or888,8059.19,F,06274,KY,General Practice,Ashleyburgh,Pending,Routine
3d0b1c57-eeec-4b3e-8297-5420670a344d,d2b0b908-5c8f-4257-a161-7b9093969e3a,0dada6ae-1209-408b-8565-cea9cf227a59,2023-09-15,2025-04-01,1964-09-17,Ri488,Kt145,3607.29,F,93754,AS,Orthopedics,Amyville,,Inpatient
a3871273-2436-42b3-a829-d27f62d6bacf,cecd713c-eebf-46a4-95b4-98f64906c935,6cf012fd-4f4a-4b62-9c48-30194c16e599,2024-03-20,2024-04-03,1955-02-05,12ABC,,7946.69,M,55954,MS,General Practice,Ortizchester,Pending,Inpatient
7b48c03c-7a91-45ea-82a7-46124dab3896,6534fe9b-1f37-4a21-ba4c-28d20fa0684a,d85b8d4a-5f2b-4369-9b6c-70059ca197c2,2024-03-23,,2012-09-17,FX767,nG193,5228.98,M,80818,MD,,East Lindsey,Denied,Routine
18c93624-87ad-4eed-96ee-6950b62530a4,edac6c08-b78d-450a-8392-6ff13015344f,b21bbf5a-3946-4836-8e50-d618c8ceaf55,2024-04-21,2025-02-18,1994-05-27,Pz298,nJ078,3821.29,F,25729,ME,Cardiology,Elizabethburgh,,Routine
01233e71-9d7b-455e-8681-cb0202ac9ef3,55148b72-bfb9-45fa-a869-d3f47ee63c01,a5215d04-7ed6-4385-a7c4-0f0c08f67b58,2023-10-06,2025-09-10,1941-10-09,NS505,pI965,804.77,M,77935,,Orthopedics,West Joshuaburgh,Denied,Outpatient
c8639e32-7434-4206-b1eb-8abce7aa6afe,ad3d664c-532a-4b86-b8bd-42e11b54f53c,6cd9e667-2c8a-4927-86d1-2bb90c0b2ef7,2023-10-04,2024-08-05,1986-09-22,lj426,QL976,1478.53,F,41514,MD,Pediatrics,North Jeffrey,Approved,Routine
46096296-ecaa-482a-a481-4b0e52b4d05c,97cb189c-5849-4a53-9e0b-2070290f2c1e,43363de3-a557-4f62-a9cd-2aedca6227cb,,2024-12-05,,Ra287,Hg015,5529.35,M,90662,MI,Neurology,Hillside,Pending,Routine
8fe35a31-1aa8-47c2-8db3-8ca452d4dbec,3647b0f2-5e2c-481b-a347-023cc634d76d,3b42647c-f247-448d-86c8-7db1318e9563,2022-12-23,2024-12-18,2005-09-10,AK219,gA268,903.38,M,96905,IN,Cardiology,Nicholasside,Pending,Routine
c7b844d5-e1b5-40e6-b9f3-0aeb77a22cf5,c5c33777-6bd2-4066-bbe4-9bf01c64406d,5099334e-e10d-42d8-884e-e93e317b4fd0,2022-11-09,2025-09-18,2003-10-26,fK293,YT308,2909.38,F,36850,PW,Cardiology,Port Jennifermouth,Approved,Routine
d5b95a29-9cc7-4b37-b9df-0650bc250bd9,f51b9aee-8f15-4e72-8216-4eef2a100c53,7a9a24c8-330a-407a-aa69-737303dce3c1,2022-10-09,2025-08-17,2009-04-27,Vx363,xY731,1549.72,,71180,MD,,Lake Seanland,Denied,Outpatient
74d5c17d-2a92-47d7-a788-cf08bd85da36,423f9b0d-8691-4933-8809-56aed54c3f59,c8bbd0fb-41ad-4dbd-b36d-99043eb86190,,2024-01-13,1975-11-03,ii902,QP921,1396.64,M,68263,UT,General Practice,South David,Denied,Inpatient
53e3fbdb-5d08-43e0-ba94-2a1d4ec93051,ea18c375-782f-402e-86fc-8cca0585165f,36e18287-f41c-47d6-b13a-c91b6b494420,2024-02-06,2024-04-24,1996-05-13,SE783,Ef231,4050.13,F,57736,OH,General Practice,,Approved,Emergency
1d3f9cc5-ec42-4ba7-9615-1e672a2e8a3f,74e7d020-63e8-49a7-bcfd-8eacc90e688d,7e130ed3-ad15-4ae3-b9a1-9e9de8aac7c5,,2025-06-28,,iK910,Yn460,4437.97,M,06783,WV,Orthopedics,South Taylortown,Approved,Outpatient
038a33c4-1fcb-40f2-94ba-543b64bc523e,f2b7647a-4bcf-435c-a1e9-09ec6fce224c,1e87efdb-b57b-4ba3-bf69-b481d752552a,2023-01-05,2024-10-20,1966-03-08,mO813,RK710,6206.16,F,87387,LA,Orthopedics,New Katherineshire,,Routine
c715c184-1d10-4096-973a-09f35ce5be10,31faeeab-7120-4e54-8dda-91649179e89d,12142e66-7599-4265-bd9d-2ec0d95fa91a,2024-06-02,2024-04-10,1971-08-07,ji428,UN340,6050.63,F,37551,MH,Neurology,Sanchezstad,Denied,Emergency
9e8f46c7-c2cc-4da7-b2e4-6edbd39a9a56,f22b501a-89d1-42da-9f03-bfa44a0e99f5,01c8a82f-b2da-449a-8aea-61bc1a32ab25,2023-05-11,2025-04-20,1963-12-05,tG143,QJ304,4291.02,M,23066,MO,Pediatrics,West Justin,Denied,Routine
ea33adb3-80a3-41a8-8795-55a1fc7837f8,81d3ab98-8143-41cc-b3d9-fedfa76f2183,a979142b-edf6-45a0-a09d-0444d733848e,2023-07-27,2025-06-16,1961-02-08,QR424,vV656,$5000,F,82458,ME,Cardiology,North Carolinestad,Approved,Routine
18ac72fc-0e34-4dcc-b0c2-9b5cf10fa4aa,913a943d-dfb8-4d9d-90a4-b56075ebead9,94748dd0-5c52-4554-a731-3121f839fb55,2023-09-28,2023-10-15,1943-08-10,Ni847,,8243.88,F,93836,SC,Orthopedics,West Fredfurt,Pending,Emergency
a0357827-a7db-4840-9fcc-4f0f06d29450,b0bb922c-d3b5-4c75-8332-13e8b7c7ba9c,eed2ebcc-65b8-4b8b-ab02-61bc78149b39,2023-06-24,2025-09-29,,,Lw157,668826.15,M,63497,PA,Pediatrics,Powellmouth,Pending,
9ee4bb6a-39d4-4bd4-810a-c1a16330beb1,7931b730-5b5c-4ddc-848a-706506491e9a,ebf393ca-91cc-462f-9c89-ce233dc39269,2022-12-12,2025-04-17,1949-11-04,oj783,ux112,5499.78,M,87139,ND,Cardiology,South Kellyborough,Denied,Inpatient
88388014-dbab-4d47-b805-5c95b5f7e791,17f552ca-499d-4d7a-8a34-cb654ec6cafa,ffd5df9d-9267-49e9-bd25-d016d1eace74,2023-02-09,2024-06-03,1939-05-18,cn949,CL248,3665.35,F,81317,AZ,Orthopedics,North Matthew,Denied,
4be0df93-9516-4800-9b4d-d37ee4cab0cb,82d7d7d9-fb50-4a8c-b2c8-dd06aa02d1a5,c11011dc-bebf-46e0-948c-4fdda17492e9,,2025-11-05,1984-06-17,Cd571,kY151,1684.71,F,21246,DE,Pediatrics,West Wesleytown,Approved,Outpatient
aba0f60d-a305-4a54-803f-483a9f6a7f9c,615c4158-e54e-4889-99a8-084aa39dcf37,ed4beff7-6fc1-43cc-9f3f-21d284ac6a67,2023-08-07,2025-11-09,1971-05-09,MR903,Gm834,4128.39,F,23618,NH,Orthopedics,Hillfort,Pending,Outpatient
bd990a5f-f2d8-4de9-a95f-ba1e9ebce46c,7c1c976d-93bf-4ba3-ba8c-7c6c70e16dca,5949e1c8-b9d9-42ed-9bfb-dc36a811f703,2023-01-18,2024-10-13,1982-11-18,KF917,YM750,5017.99,F,95466,NV,Neurology,Georgefort,Pending,
7188acde-6deb-4360-92ad-f7392e573edc,0a0eaceb-ec3a-4b9b-9d32-6cd27e72a41f,745b30b1-e124-4364-92f0-1cc5880c814e,2023-01-25,2023-12-21,1953-09-03,ge802,Sy951,7191.6,F,68273,VI,Cardiology,Kellyburgh,Approved,Outpatient
1f9c97f7-3201-401f-b2d6-ce5646338acd,8f3438f6-66ed-4b21-917b-8ca1273cf0b5,fdbf70ea-b3dd-4a92-a948-3f373f7acc54,2023-02-02,2025-03-06,1963-11-04,GC366,hQ240,5053.97,M,01793,AZ,Orthopedics,Josephtown,,Emergency
ef53277b-046d-4ade-afdf-e4105f253880,c3bd9a0a-cc88-44d9-a4f7-6e6da948f2d8,fedb13b0-9b22-49f4-940e-455f83df14d6,,2025-06-22,1950-12-06,fD477,Nk120,3334.75,M,94663,AS,Cardiology,Byrdbury,Denied,
d748e7ec-490a-4929-8eee-5526bc16b220,8d9a785c-3f7c-479f-857b-f076ff9eef9c,4ceb08c6-4964-42d2-a892-d8f31ead3ad1,2023-12-16,2024-09-20,1982-11-29,Cx590,ZI090,9327.08,F,75408,NH,Cardiology,Judithville,Denied,Outpatient
7ff5498c-a55e-4873-be52-259e33ad2c09,0be20632-5785-4da7-b5cc-ac750e3addd2,1237c945-e1fd-45cc-95fb-0f31a8fe0ce4,2022-10-25,2025-06-19,2002-08-13,NM968,OM704,5245.76,F,43118,MD,Cardiology,Johnnyside,Approved,
0278ceff-3f64-4b75-84b2-a51f04e56274,c6fbd3e0-3cbf-4238-bad6-75f5463bd490,28de8a48-ee6e-4eb9-9ab0-f184534da48c,2023-11-20,2024-02-17,1964-08-31,GC222,Xu629,9476.9,F,05957,FL,General Practice,South James,Pending,Emergency
8d8c1eca-d48f-4ab4-ad2d-f09008ba2067,eab87926-debc-471f-ba62-71488f541e5d,,2023-09-02,2024-06-04,2012-11-11,JR957,,6843.07,M,62559,UT,General Practice,South Tracey,Pending,Routine
417fe944-79d2-4610-81c4-a2d496f29ee4,db14b0ca-ac2a-4e83-b085-947ea32e7587,5c7d7045-71b6-4c15-937c-43e4cfe65bf4,2024-07-08,2025-10-30,1960-12-26,FK970,PV476,3226.15,F,40443,DC,Neurology,Thomasfurt,Approved,Inpatient
35549b65-8f57-4a5c-98e2-e1e34d6209eb,e0d0f0bd-a481-45b5-b48f-48e86f0c48ca,460f0279-6100-4cde-9c8b-48b6af34b4dc,2022-07-22,2024-10-04,1961-07-12,DU345,Ol891,9787.4,M,37347,AS,Orthopedics,North Jacob,Approved,Inpatient
a617ef37-c533-4fcb-91d9-eb6627da86b2,4597cc3b-a026-41d8-9859-70d654947d75,b94073be-c1a7-4a13-86e5-3002f3a3096b,2024-03-02,2025-06-15,1991-02-15,zF453,Fp728,4380.11,M,91771,AK,General Practice,Harperberg,Pending,Routine
889c1246-62d4-4ef4-9efb-9a2d1a1b7fa7,252dc5e0-1c8b-4efb-a70c-0c09bd11ab4b,62865c38-7849-43c2-a2b6-b042797a27cd,2024-03-01,2024-04-01,1994-02-27,Kb237,ih773,9181.4,F,33061,HI,General Practice,North Ryan,Approved,Outpatient
ade180c2-6072-452e-8cca-d666fffea68d,69164427-d1a6-4d73-aea9-746e51b20de8,b88fc995-b335-4050-bf9e-4d8463694299,2023-01-19,2023-12-12,1939-05-10,bJ749,Pz227,6157.13,F,97722,VI,Cardiology,Kevinbury,Denied,Routine
4b2c5db5-83e0-4f05-be1d-8c895ec3146f,1e8446a8-0aa7-4e1a-b000-3df770c56ccd,dd8a9b17-b185-408a-83b4-482d40d8f18a,2022-10-22,2025-12-01,1938-02-19,XX384,HB404,4646.47,F,45173,SD,Cardiology,Stephenton,Approved,Emergency
900a231c-52a3-4569-9344-bff74138a353,c8daea31-75c3-4ff2-85ad-be696c069091,4b3047f6-e265-4f89-a7dc-04ac3907caf0,,2025-02-07,2008-10-28,XU751,Rl021,5262.31,F,43827,KS,General Practice,New Debra,Pending,Outpatient
870e7d5c-a1f4-4d94-b3cc-c0cfdd014626,40f37449-f686-48fc-a9aa-e5a1d222f1df,fd656146-3cfd-42f9-8ca7-4123fdeefd6f,2024-02-15,2025-01-19,2001-11-05,xD107,Xt318,1947.01,F,96033,AR,Neurology,Joshuaberg,Approved,Inpatient
78ea236d-47fa-47b4-978e-af176e2b795b,276ee1dc-60fb-4eb6-942a-a2ab490fbf3e,b1a17729-2edf-44ea-8381-395efa9093b5,2023-12-20,2024-12-11,1989-02-17,Hc219,SM685,6990.69,,42341,DC,Pediatrics,Nicholasview,Approved,Emergency
114a0fd3-7530-4be8-b630-ecb03f455619,731e2138-7cbe-4d0e-a541-a1e9c03bd852,6009d3d6-2d29-47ee-b283-e33a1e84bff7,2024-01-19,2024-06-20,2010-02-24,Ba386,hm667,7999.35,F,26403,AS,Cardiology,Micheleborough,Approved,Outpatient
6ed4d722-da28-4136-a2b0-66ac5f12e6de,45a26137-cfda-4b85-8593-7f6542283f15,e970c858-c906-45a4-ad9f-01ebfb99c9e7,2023-08-08,2025-04-01,1998-03-05,nF657,qF660,245.46,F,33081,MH,Neurology,Brownton,Approved,Inpatient
7e28b2c6-d41a-4111-b8c0-4532c668d343,0a51d4bf-8087-4df4-8315-bab0b1f2a746,69fd9e0c-d6a6-4013-98c2-403a3a61a483,2024-03-08,2024-08-22,1965-05-27,iR196,EZ348,12a3,M,93507,NY,Neurology,East Carolynbury,,Emergency
9ee4bb6a-39d4-4bd4-810a-c1a16330beb1,7931b730-5b5c-4ddc-848a-706506491e9a,ebf393ca-91cc-462f-9c89-ce233dc39269,2022-12-12,2025-04-17,1949-11-04,oj783,ux112,5499.78,M,87139,ND,Cardiology,South Kellyborough,Denied,Inpatient
2e5009f5-10c5-45d9-9abd-dc753e926b7b,21539e98-5537-486b-aa73-999321b0966e,7feb261c-2a45-4589-99c8-ecb1a01c1998,2023-02-06,2025-07-06,1945-09-12,eI878,vN262,,,37138,AL,Pediatrics,Chapmanton,Pending,Inpatient
05f98b08-85f0-41a0-a1e8-08d32885d920,1271d2ca-569a-4c44-a514-69a414a0661e,93451db0-803b-4842-ac01-a275500457f2,,2024-02-06,1983-10-19,Mv902,OD741,948889.47,M,25082,MI,Cardiology,,Approved,Outpatient
ba390d74-17e6-4895-a887-b74e4fda7862,9a4f7a26-406c-44bf-8d31-219d38d6daba,f1920e3d-639a-45df-91d5-9de6f4f0adde,,2025-06-06,1983-09-28,VG643,FP496,9035.27,F,02351,MA,General Practice,South Markfurt,Denied,Emergency
8d252908-6042-45c6-8bfd-4cdacc9997cb,e8f6cd4e-3a4b-4209-a4e8-40423ddd2d30,f8bd23da-1bbd-457f-906b-2ca74bddaead,2023-06-04,2025-06-10,1944-09-08,ge994,gq767,1014.37,M,44181,,,West Jonathanport,Denied,Emergency
faa335aa-5bc3-4995-8839-4b7e91ba2b79,c0d5198d-d150-4334-a964-201017b3401f,,2022-10-27,2024-09-11,1981-04-30,Fg140,qV642,7286.96,M,77189,,Neurology,North Justinmouth,Pending,Emergency
518ebe48-36e1-4285-a5c5-35d70b28bc74,,f56717f2-f36a-4c9f-8eaa-84758030ef17,2024-02-03,,1958-11-04,fn636,Gg274,7634.14,,54181,KY,Cardiology,Port Tim,,Routine
b00d9284-a480-440a-86b6-07070314a4f1,adef831e-8e7c-4280-b009-233528738a44,16312294-dafa-4391-9797-938dda087d8d,2022-11-22,2024-11-13,1968-05-23,,fW945,2383.63,,,AL,Pediatrics,North Daniel,Pending,Routine
d20e6264-4ebe-443a-b18a-ff542a5bd48b,0306ba66-6d05-48f8-8b5a-3e609d807ef6,d65ccf18-29c1-455a-b548-d26c8704b443,2023-09-04,2024-04-29,1999-02-08,Sb542,Zg550,,F,74195,WA,Orthopedics,Gabriellefurt,Denied,Inpatient
ace0dacc-0be8-49a7-8f8d-4a56033213bb,e4fcb11c-c1fb-4f3f-91b7-3e5501ef8e49,b492de37-7478-4905-8cee-e45be33706b2,2023-10-21,2025-05-09,1990-01-29,vF158,HS802,675.11,M,71327,MI,Pediatrics,Jennifertown,Approved,Emergency
19e70a7e-8c84-460e-86d7-87a65a7fde8d,d982f4b8-468b-4bfd-b0a5-e37502921d43,4e1e9b89-9c34-435f-9994-18cbfa6a1377,2024-01-01,2025-01-09,1964-01-03,RI281,rF406,8786.95,F,44507,,,Catherineville,Denied,Routine
1e41afb5-f8a9-4ec2-8092-e995fc4bd41c,8e75f86e-c8fd-4832-8f0e-ab3c9cd30479,4737f00f-52f2-4910-9dee-6ec58611b3bd,2023-11-20,2024-09-11,1985-02-07,jN072,Kz700,2198.74,M,43647,KS,Orthopedics,Lake Richard,Approved,Emergency
9303b484-884d-4c69-b5e2-c3f09a15e78f,c1257108-46b2-47bc-99e7-98e0966e3247,3c73014c-80a9-4a55-9838-adac2a666718,,2024-10-31,2010-11-23,sg102,eT063,6547.21,F,37900,MS,General Practice,,Approved,Inpatient
bd4de5c6-afd0-46d7-b432-301947a20801,,26aff30f-a3f8-4aff-9c6d-f8006cd4e1a2,2023-08-19,2024-10-19,1967-04-14,bG557,AN856,5009.17,F,87342,ID,Cardiology,Williamshaven,Denied,Inpatient
9378617a-1915-4b70-9176-b957a15e1484,,9ed47084-c823-49d8-b69e-0aaa9e1d650a,2023-09-12,2024-09-13,,TR055,rA465,9423.08,M,36712,WA,Neurology,Lake Paulchester,Pending,Outpatient
cb5a0676-30bb-47d0-92f3-5e8e8284aae7,ac73d9e2-77a4-4e70-acfb-f9865a43057a,dbdb3451-5927-42a2-9540-f3fc98b93761,2022-12-26,2025-05-05,1967-02-14,hD425,gR176,2716.34,M,63870,HI,,Port Anneland,Approved,Outpatient
f5642fb3-0781-4868-af81-347ab1812397,2ee4a324-7fcb-4557-9407-b700d482c66c,9db8e2fa-260d-4999-b243-8c1f4d3d01e3,2022-09-21,2025-06-12,1990-05-13,,wg657,6557.69,M,03827,OH,Orthopedics,Bradtown,Pending,Routine
2a719a6f-8360-4ac5-a2b5-1c3f4dba7646,d6d3fe2c-c48d-4340-a16b-b33c3344eeb7,849e4baf-b1d9-4937-89b8-8046d3a5f601,2023-04-29,2024-08-07,1959-03-24,ie263,vL315,8188.04,F,74297,AS,Cardiology,North Karen,Pending,Inpatient
f6375d59-cdf0-47ec-82a0-f9bef4dee8ca,4f98254b-9123-40ff-b051-2ad12c9633b8,af37a21b-e608-4d86-8900-ca66a5f45ab7,2024-04-24,2024-03-11,1948-02-28,Xe973,sr813,5031.49,F,32550,VI,Pediatrics,Mendozaport,Pending,Outpatient
31846a90-8722-4eee-b063-3fb2e8a92831,8c764d29-4803-4e6e-863c-1f3bcf3bf42c,8b3ac784-7245-4a2e-b97a-50d44feb1b01,2024-05-28,2024-09-23,1950-01-19,Qu518,GU463,7907.11,M,10170,NV,Pediatrics,North Brianna,Pending,Outpatient
29dd972a-0e87-44a8-8898-c257397adfc0,42d07e90-72a1-44a4-ba04-adf12286fc40,40e2a5df-8d38-4780-82aa-e05002ff90e5,2022-12-14,2024-03-28,1986-11-17,IX127,eH911,8239.58,M,63781,KS,Neurology,North Leslieton,Denied,Routine
,f20297f1-ad87-4231-b3c7-9cf0f6e2171b,bf543242-c249-4bfd-a278-a6b380dfdaf3,2024-04-03,,1988-01-02,,mR935,,M,77659,,Neurology,Martinezberg,Pending,Emergency
5bc15c28-9516-4c71-bb93-68230861e41a,75a8c356-b9c8-4ea9-9175-9eecd8383c7b,2aab1dcb-59e2-4c94-b0a7-019154c218fb,2023-03-10,2024-10-29,1997-02-08,Cb602,CN174,8479.88,M,09328,MP,Orthopedics,,Pending,Routine
879bdbb5-b45a-4602-b631-de860849abd5,28a519fc-1f36-4d79-bc64-7c6aab2fdba2,b7ba3381-bd5e-400c-94b7-979b4fb589b7,2023-02-19,2025-04-25,1989-11-14,qH473,,5032.73,F,97485,TN,Neurology,East Isaiah,Approved,Emergency
64811eed-dc48-49f9-8a16-ccbe6762239b,,c5194cf4-5831-40c6-96fd-bbdaae28e8a3,2023-11-14,2025-11-13,1994-05-11,bu725,gO706,8888.27,F,09723,KY,Orthopedics,Port Stephanie,Denied,Emergency
,16c9750a-3db7-402c-a5b4-6a6ab8043bab,9abd347a-abfb-41e7-9d73-a04429f69257,2023-08-16,2024-02-07,1950-01-29,WV781,sY690,1263.51,M,87349,,Pediatrics,Fostertown,Pending,Inpatient
c8560619-282f-478d-9850-ab0d3b260a29,75d6ec92-b9e9-4a99-af20-3306ebf967c9,bef43111-8274-43e5-93b8-0327a59cae96,2024-05-05,2024-02-16,2007-11-22,dW488,ja424,$5000,F,82553,MO,Pediatrics,East Rebecca,,Outpatient
0e14538b-04aa-488a-a610-2d8a96d84286,9e58da34-a38b-4105-b75a-697d541b59c3,e341430b-7419-4cab-8ff5-a4ad504492a3,2022-10-22,2024-04-10,1997-08-01,FV224,sa100,4770.22,M,14310,AL,General Practice,Tatechester,Pending,Emergency
3a27744b-d55e-4244-99a4-dccc92b49d63,,9db5c13c-90ec-4c44-a3b7-9699aa20ae64,2024-02-09,2025-10-13,2000-12-22,Ij594,kE207,689.29,F,05001,OH,Pediatrics,East Debbieville,Pending,Outpatient
665017ec-1552-45b1-8c23-9549e88df6e1,8bd76293-05b3-40dc-866c-3d60067ecc0b,e92db8c0-16d8-4336-907f-6b091c9324d6,2023-08-30,2025-06-28,2004-12-21,XW535,mN028,,,96016,CO,Neurology,Robertland,Denied,Emergency
50b28647-a4d4-4570-a427-86dc664c46f6,bce62a13-e5f7-4fc5-9df0-b3fef3b27a15,fad0fd28-33f3-47b5-9526-4db1097cec67,2023-04-15,2025-08-01,1943-02-22,GG097,lu259,5462.88,F,06746,AZ,,Annstad,Denied,Outpatient
774cd74d-e3a9-4d9a-9949-da00ee31bdcc,8aac563c-e96c-4680-b4e1-e00618d3dd6c,a97e735b-1c69-401b-9b0f-d84ea23be59c,2024-06-20,2024-08-29,,,zC309,3594.29,F,,AR,Cardiology,Lake Patriciaville,Approved,Routine
3c6480ca-ad2e-4976-9893-0657f04eab29,10efa52d-3649-4bc2-96fe-f9c799e68805,,2023-06-15,2024-05-31,2010-10-30,le141,DQ789,1508.27,M,30047,OR,Orthopedics,West David,Pending,Outpatient
df557f3a-fc88-4ccd-824c-46995d03a79a,48c85749-aac3-4f36-8c78-d26a95fa6d19,3329939b-ffda-4271-a8bc-1e0efef515bb,,,2007-10-07,Ne843,Du540,1926.14,M,50262,PR,Neurology,Moranhaven,Denied,
ce381938-44c5-4a81-954b-25bce9a3da83,4d589f51-1645-4218-be9e-23741e5cb4ef,bbcddda9-fd3a-4c18-adfd-63c67d8dfc45,2023-08-05,2024-06-16,1985-12-09,lw120,Po431,9349.61,M,23318,KY,Pediatrics,West Patriciafurt,Approved,
80f1d6f9-c390-4964-acf0-4852ad7c8664,80ca9959-2952-46a8-a90a-33c407034f50,2528309f-daf1-4cc2-adcd-7150d14c472e,2023-06-11,2025-07-01,,vA052,VA922,7066.63,F,56444,PA,,North Deborah,Approved,Routine
ee5f691a-267b-40d2-955f-9e85dcc467a2,2dbbc44b-9d7e-4cb9-9184-a4bc44a5c4be,623176d0-c784-4891-b772-1a25fe39e9b2,2024-03-30,2025-08-19,2012-03-21,MP332,FJ420,6955.68,F,87107,MT,Orthopedics,Hallside,Denied,Outpatient
ce09529f-239c-4f38-bbbe-d9f52a334ae7,5f4d29d6-296b-46e9-b62f-a5c48bdb87b0,a0d222f6-b363-4e63-a698-5bf872cb27d3,2022-08-28,2025-01-25,2005-05-13,Pa500,qZ508,260.81,M,33342,NH,Orthopedics,Port Julie,Pending,Emergency
0a443bc3-0674-45e8-a03c-1f3882be01ee,c0f51650-9c82-454d-9850-7f2d436344e0,cdfafb98-b297-4d3b-b976-3a557f16b2f3,2023-01-18,2023-12-06,1981-11-07,,am058,253.02,,82300,LA,Orthopedics,Port Ianburgh,Denied,Outpatient
456e814e-1451-48f2-95c7-c57fca791c5f,2f449b6d-f98e-4f96-a9ca-89172bd61e99,222eccdc-379e-446f-93ce-3d412489db71,2024-02-15,2025-03-02,1985-08-25,dx406,FR856,6074.53,F,23267,LA,General Practice,Andersonmouth,Denied,Routine
cbad8bde-8f72-48f8-9b8c-57767d529048,cd92e130-1e1a-4288-8dcd-dd9a239a7551,6fa8ae3b-ff86-4e43-9ef4-f34b2680e5a2,2023-12-09,2024-09-10,1997-10-29,,xA981,242.5,,,VT,General Practice,Millerfort,Denied,Outpatient
,,b42e08c4-cd4c-4912-a476-e82251930782,2024-02-04,2025-10-09,1981-07-31,Hu418,Vh056,1573.99,M,89401,WY,Orthopedics,Larsonchester,Pending,Outpatient
73370e64-f877-47cd-9904-e17a5e813d53,3750b634-3f4b-48d1-9556-058b6a5a0918,6153bfbe-ecca-48f8-a055-8566f6c0577a,2024-07-05,2025-11-10,1987-12-09,bU854,mv411,9775.35,F,77315,NE,Cardiology,Gilbertton,Denied,Emergency
3e67f245-7e70-4cf6-b885-2a733d258b22,30bf40cb-93fd-4ba6-9a69-3da89722d2f2,aa06b2fb-421e-47b0-9fa3-52f935bec3b4,2022-09-08,2024-02-14,2000-04-10,mC028,mK269,2841.35,F,64855,FM,Pediatrics,West Robert,Pending,Outpatient
eccd4542-90f1-4828-816b-345bdd502298,77421c7a-18f0-4e00-a8ce-3a3fa6c768cf,e035f8e2-f1aa-4dc7-ada9-61b2d1e518c8,2022-08-10,2024-11-16,2013-12-27,su257,lU685,948.02,M,,OK,Neurology,New Sarahborough,Denied,Emergency
2387fd81-eacc-4d15-bab9-459d6b38c469,2ace60c9-89a6-450b-b218-8d0b15f049ed,a246969f-511c-44ed-8dff-84b603dc04b6,2023-10-17,2025-02-08,1936-11-22,IX100,Ud600,2507.4,F,06374,PR,Neurology,Lisaside,Pending,Outpatient
5abb0e09-0496-4d46-99dd-780eb3e41106,2036e3e7-e0d0-4800-97f2-901e1f46207b,443f88cb-c87a-4ed2-8e14-f395d4d52f33,2023-04-03,2023-12-27,1964-08-13,cW306,rz469,1568.6,F,48509,AL,Pediatrics,Jonesside,Denied,Routine
3ad013fd-e9d5-4a33-8adc-e368f0250a5e,6a1ff6f6-929e-4626-9b2d-6d0924db8450,699b4e80-69ca-4098-9092-0376b1048241,2022-10-20,2022-12-05,1939-11-14,de608,vC206,2369.59,M,56842,MD,Neurology,Jimstad,Pending,Routine
b31508f3-7400-4664-bac1-0f011ab2526c,339b29a7-5adc-4168-8f88-ae80bc07f704,75bb452f-2752-4c48-b966-51ba77bf7bf8,2023-06-03,2025-08-20,2004-07-20,,LN970,,M,26675,OK,Pediatrics,New Heatherbury,Approved,Outpatient
e37cedd9-318f-45c8-a234-2e9062490948,d453500b-7420-4dc1-bd1f-1d3c002dc8b3,ce9e1ab8-9f81-4031-b450-bae0b5aa100e,2023-03-02,2025-09-19,1976-06-13,yQ268,Hg915,8803.27,M,55592,NH,Pediatrics,Thompsonville,Pending,
bec447b4-7b11-4d8c-9cbb-48b2db3a1696,308cfee5-2905-4774-9c64-f7a719c8101c,e4cbb828-769e-4a06-ab52-310b32ee4288,2024-02-25,2024-12-17,2015-11-11,ak647,kG024,1298.15,F,14901,,Cardiology,South Jay,Denied,Routine
65ec53fc-b44c-4157-82cc-2457d8b1bef3,053e2848-0cee-4046-874c-58fbc9abfc39,13910ee6-1e71-44e0-9861-aba0399b6dd7,2022-08-04,2025-11-28,1964-03-29,bb196,QG855,7917.22,M,45110,NY,,,,Emergency
27929ddb-ee57-4504-be29-e6aefde4b414,93b76a5a-de7d-49fb-9d56-97870687486e,b09f8bb1-fc83-4d0f-829c-c5ee89fed408,2023-09-26,2024-02-11,1982-09-25,TV369,Pw811,8740.26,F,68069,KS,Cardiology,Stevenstad,Approved,Emergency
498884ff-ddca-461e-b5c6-13b09028f26a,eb0067b1-87a8-494c-ac36-378cb3f29b90,,2024-05-05,2024-05-12,2004-10-12,Ah043,ba299,1092.43,M,94730,WV,Pediatrics,New Michael,Pending,Outpatient
728a9a48-ca77-4d26-a91f-7738038cd824,5d471568-a350-4dc6-a328-05d854cb0e9e,80d163fb-6e79-46fe-92d3-4491d5f58965,2023-12-16,2024-01-09,1999-01-07,xw531,UH971,5262.35,M,38556,AK,Cardiology,Hernandezchester,Approved,Outpatient
1c05820e-59de-49e8-84a4-22e1ab27dbea,1773d6de-ca7b-42dd-bdb6-62ba9819def5,3c84a83c-c772-4cc2-b5c8-6cf211c66578,2022-12-04,2024-03-05,1939-08-08,xY374,cX295,3863.94,F,08315,ND,Neurology,Port Carolyntown,Approved,Routine
70942040-fe55-4317-b28c-b80dada51c4e,58251e5f-62ff-44fd-9fcf-77a9629ffc52,ef271524-5085-4e3a-8b3b-3e989670b676,2023-11-24,2024-06-16,1945-05-01,zp026,zj719,9302.34,F,78858,PR,Pediatrics,Mejiaborough,Pending,Inpatient
412ce419-64a6-4218-b97d-c1827878d093,f17571a7-b742-4f5c-8cc8-0be66bb402f4,bcc33307-6a71-430a-8cfc-a46d9a561e67,2023-06-04,2024-09-24,1941-03-03,Xk050,QJ325,672.03,F,,AS,General Practice,Davidsonstad,Denied,Inpatient
a0a7600a-46ba-4929-975e-2dbad6cd1063,09e9c78e-32fb-4437-9733-c6b60793f509,f7e68f51-175d-4c22-a495-4c22d903551a,2023-01-31,2024-04-20,1945-01-30,dU064,CC216,6628.29,M,72885,WA,Cardiology,Bonnieshire,Approved,Inpatient
a12aa31f-2aac-4c31-b797-4380a5222842,35c61a69-68b3-4389-87ce-332f2b5258be,ad2495ba-a0ed-4412-99ad-9f8e6d9ac4cb,2024-05-12,2025-05-04,1939-04-06,IH752,JW378,4080.07,,01242,KY,,New Brandonside,Pending,Emergency
7afdb245-99de-49f4-8351-8a88b7115b67,a7c391f0-735e-486b-8587-7c1101db776d,e1053a99-fc41-4424-80dc-33a39da6379e,2022-09-10,2024-02-18,2023-09-10,hz662,MO655,9436.45,F,29129,IN,Cardiology,Melendezport,Denied,Inpatient
a665371e-2e1c-48a2-8bca-64ac76a2da80,e95ffda2-5bd0-4839-925b-4b058fcb19ba,e1c60465-fb05-413d-8017-04d70275dd1d,2023-01-27,2024-11-15,1973-12-03,Pr710,cm094,2338.64,M,13149,OH,Cardiology,Holmesshire,Pending,Inpatient
c44ad741-f523-47c9-91f3-26e8304b47b5,d2a7a28c-7abd-485b-89d9-297e4a9c74ef,800bf7b1-1b40-4a2c-82ad-ce97dc7d95be,2023-12-04,2024-04-17,1956-07-11,qK128,zw323,1792.27,M,53280,MS,Pediatrics,Diamondmouth,Denied,Emergency
93c1fdf1-4345-44da-9588-5bd9c6a7d95a,df68af3e-62c9-441e-b98c-08f79836c7ea,0f90d5eb-e2e7-4a5d-9edf-1c4c4fefa545,2023-03-06,2024-09-16,1964-09-09,sm961,lV973,1731.67,M,01187,,Pediatrics,Elizabethport,Denied,Emergency
9ac1b9de-ea13-491f-abd9-b93a8a8451f4,9ffcefcc-cae1-4042-b511-aa8c14ebf1d5,,2023-08-04,2024-09-14,1960-01-11,bn011,BX785,4926.95,F,99917,OH,Pediatrics,Jonathanton,Denied,Emergency
05cf5a8d-ff88-4108-8bf2-a39c8dac743b,0486fbf1-5214-44c4-b60c-383bcbdc5c34,b32cc551-9c6b-43f7-9ccc-0b2366b8247e,2023-08-22,2025-08-11,1936-08-30,UE710,ML567,443.24,F,32424,LA,Neurology,Angelaport,Pending,Routine
7c831283-c119-45ef-93ca-759a5c907b79,0d376f70-e11b-4443-aeae-4bc6eda8d143,,2023-01-16,2025-10-31,1961-07-21,Le222,LN407,5197.84,F,40955,MP,Neurology,Robersontown,Denied,Routine
9f35e35d-3c74-4a57-b64a-52ca194cd2b3,e4ca900d-272a-4dfc-8afd-8c44c89178d3,ae9ca552-aa35-4e28-b563-a041bcd30df6,2022-11-18,2025-05-15,1989-03-21,oS166,Eo991,4606.68,M,06848,OH,Orthopedics,Angelaville,Denied,Emergency
5c179b0f-c75f-4100-9ece-04e82e8ba620,dc2e2afe-c0c2-4fda-8540-7012077f5842,b33450f3-e4d3-46f1-92ca-0868b87b3718,2023-07-29,2025-01-22,1946-05-17,,RK287,7591.63,F,25049,IL,General Practice,Ericshire,Pending,Outpatient
93c5d4d6-3195-4fd5-9bb2-a1f76cf6486f,526c0820-cc4e-473d-91bb-c23b6be9a6b2,4db6d4ce-d258-49eb-abfb-e11b835114dc,2023-09-11,2025-05-08,1946-05-21,ya478,rw737,8101.53,M,18108,,Pediatrics,East Cherylstad,Pending,Routine
ff75db55-ddae-4e6a-bdbb-684289f6a6db,e9df2fdc-0202-4e19-bd33-c3fad5a9fc7f,a7fee380-72ab-4a52-ae23-9eb860db8552,2023-11-02,2024-07-29,1968-12-15,bC827,tj704,4244.21,F,77420,,,Rebeccatown,Approved,Routine
f7697c86-1f54-4615-bc56-fea7ee518f95,0fc9b440-61f6-4af5-94d8-96458720551e,1e1298b4-1286-439b-89c1-b2dd26182c3e,2022-12-27,2025-10-12,1981-03-21,Zh031,MX554,8697.83,M,92976,ME,Orthopedics,East Elizabethchester,Approved,Outpatient
007ed870-e58f-49f5-b4e6-b5d3cd451256,c41ee29c-8726-459b-aa5d-e701be283fee,d864f7c1-c406-464d-93d6-fc54d09156b6,2022-12-25,2024-10-15,1959-10-24,qT404,sT209,7122.28,M,,TN,Orthopedics,Jeffreytown,Approved,Routine
d82e3771-5ab8-462f-b022-5e10e42191c2,,8867dcb7-ac84-4055-8470-8c4e69a14ba3,2023-07-31,2025-10-18,1973-02-25,ZJ130,BJ736,5781.27,F,32987,IA,Pediatrics,Langmouth,Denied,Routine
299221ff-8235-4802-bbb9-5e13c65df7d9,a7d0d6b6-c66a-460f-9dae-6ad8b3ac5506,63ada462-b82a-4368-b70a-372ac6d4e6e0,2022-09-12,,1936-07-21,Zk299,GU318,4155.74,M,72892,IL,Neurology,Terriberg,Pending,Outpatient
b9486167-a060-4c56-bc77-d45c1c5ed373,0931f6cb-2b84-41e5-9381-2fc456e12c78,7be14dcb-14ab-46f5-b018-0bc228c2f0fe,2024-05-30,2024-07-22,1964-05-14,GG265,,5376.28,F,01091,MO,Pediatrics,West Johnport,Approved,Inpatient
ffe813ea-c5df-4afe-923e-8750c2e8ce7d,26eaf2f1-a086-4091-91c7-646aada58cf2,144ef68a-a5b5-45e5-b0e5-cc7ee79869d5,2022-12-29,2025-07-19,1988-05-20,oe312,Zp909,536.25,M,44557,OR,Pediatrics,South Christopherberg,Denied,Outpatient
eace4bc0-0c51-4c44-89f4-9d6a58f5c1b2,d156cd9a-c407-42c5-b2df-425e9abba9e1,1e7dbaad-a579-4da1-b413-95b301208336,2024-01-29,2025-11-24,1988-05-17,Ye040,mn436,9702.13,M,53403,,Orthopedics,Patriciachester,Approved,Outpatient
8a2ffe23-6145-49b3-89a4-1013c4e858e2,516ea776-3d69-4c5f-a9d2-bae1698b28d2,2fcfedff-0300-4c6d-82ba-cb4858c7487f,2022-07-09,2025-01-15,2006-09-18,ZQ868,GC202,9102.27,M,41233,,Orthopedics,South Anthonyfurt,Approved,Emergency
32e168f6-0310-4104-a692-9e510c896822,fb380cb5-7eb2-4f19-9b7f-3344431011b2,1b36d02e-583a-4bad-8ac0-6542ee7cc7b5,2022-11-12,2024-01-04,2010-12-27,mM623,LK361,1605.05,F,81007,ND,Neurology,West Ginamouth,Pending,Routine
3e5df514-6111-413b-bae4-faf97dad0ab8,,0471c42d-6fb9-41d8-a842-f8d8bf815f17,,2024-03-24,2015-04-25,ES244,xm541,848.28,F,61606,MN,Cardiology,Lake Carlosberg,Approved,Outpatient
8de712d6-1fcb-4107-8e81-3cc152f4d4b2,d4b18306-7882-4255-a005-3a61e606d847,400f28df-7ab7-479c-af4f-b1680a3a39c3,2023-08-20,2025-04-05,2007-06-14,ht966,Ww242,2619.37,M,68205,OK,General Practice,West Stephanieside,Approved,Routine
b9d255f5-47d7-4f5e-8341-c14b411529bd,15661a14-dadd-40f3-98d2-d92f12fc3f36,4737204e-e816-42a9-81c0-3fbc1aba780e,2023-01-07,2024-01-31,1991-12-22,ce564,lV473,7813.12,M,16986,NV,Pediatrics,Youngborough,Pending,Routine
a063bdbb-71ca-4262-a5bc-549b4a4942f9,3931de56-cb8f-46fb-a041-4f717e9fbbbf,8de4c9af-4bd6-4fce-94f6-4aff8989d842,2022-11-05,2024-01-11,1934-12-23,xW906,Hb610,551.92,F,59733,MT,Neurology,Karenburgh,Denied,Emergency
c02e5a17-fcbe-4a6c-a4ed-3f25e846ecab,16797cd5-528e-4804-bff0-6d4db13a997c,84aeaf4c-456c-4387-8b09-b654dac658df,,2025-11-02,,Le998,hI563,2209.74,M,,NC,Orthopedics,Adamtown,,Inpatient
cc0da76e-194a-4d32-96d3-39d935220a77,78e8d063-06ec-4f68-96da-11ac5afaa02a,0842b445-2bc6-4c70-962d-267ca0e63a02,2022-12-21,2024-12-06,2012-02-16,oB759,AA395,4424.82,M,64891,NJ,Neurology,Odonnellfort,Denied,Inpatient
55117c08-e2f2-4c4f-b3d7-8ff0d6a6d875,b5255da4-1e81-48cb-97d5-258499782b43,772a0e27-5330-479b-bf1c-85ffbf144e0c,2024-02-04,2024-01-10,1992-06-18,GH770,wU081,3750.2,M,64448,FM,,Gonzalezfurt,Pending,Routine
5e6cf745-5e45-4d32-9f01-bca82028226a,26e215a2-c9c6-4c6d-bfe1-5d1ef7c8cc46,0882d134-8f4d-4eba-9066-3e781a3cfed2,2023-02-05,2024-03-10,1937-05-10,Ts649,Fv042,5501.61,,39029,VT,Pediatrics,Fitzgeraldberg,Approved,Routine
86bc606c-7e6d-4414-882f-0fb50de598ae,2506d823-3cd8-469d-ac38-d22ee343642b,51b684ed-6aba-4f2b-994a-0c56952413a9,2024-06-16,2024-04-09,1993-03-17,Gm399,bu026,401.59,F,86540,KS,Neurology,Warnerstad,Denied,Routine
010fea1e-60c3-4a21-b305-0fdb701eaa84,6d9037a9-b618-48b6-ab8a-c1a19afe2aab,,2023-07-14,2024-03-05,2014-04-07,,CP252,8389.93,F,88469,AR,Neurology,New Lorettachester,Pending,Routine
f0104bfc-29cc-42aa-9451-4c819217ae59,05ded418-dfbf-4071-831c-0be2ff8441ee,daa8ee11-c1b4-4619-ab7a-f77a5f3bf8e4,2022-10-29,2023-12-13,1992-04-05,Ov906,uW548,3220.87,M,90770,LA,General Practice,Port Alexandershire,Denied,Emergency
,7fc06343-01c0-4412-a52d-d258a025f1bb,379957fa-8839-4a1a-bb80-f0bed165d2aa,2022-10-07,2023-12-31,1985-05-21,Qt740,Td967,2137.83,F,07050,NH,,Aliciatown,Pending,Inpatient
fd21943e-e3f8-4c02-8a87-b90ecbb90ee7,f6dde9ff-2852-4a4c-bb48-ba6fef09c2a6,57553f54-3af3-48d1-bdd9-79792e8d2f98,,2025-07-03,2006-02-17,XB003,HG682,,F,50230,FL,Pediatrics,Port Heatherborough,Approved,Outpatient
6d1f0908-fb1c-4cfa-9965-8ae900f523b8,fb72ff6e-27d1-4d24-a854-f1f8cb12f827,1a9391ba-c0c6-441c-aa94-dd61141e0b79,2023-03-03,2024-09-12,,zO361,TX742,3459.12,F,90906,AK,Orthopedics,Barreraport,Approved,Routine
73e35a35-8a17-4ecb-b72c-e13e07206648,1c850d0e-bdc1-4315-9fed-bbb89407aa5e,46c4c4f8-f651-4665-86bf-fd6b66df6e9c,2022-07-19,2025-03-04,2025-13-40,,MD827,8049.82,M,32409,AR,Pediatrics,Alexchester,Denied,Emergency
15166f48-56ec-46d2-82bb-26ac4e150fab,923a5dbd-58c3-4141-acb0-dabe1c9e95d5,e546ba1c-79e2-46a9-a308-e0e10b0c25a2,2023-11-04,2024-04-19,1969-02-03,he170,HL760,3621.16,M,86937,MI,Pediatrics,Delgadoburgh,Denied,Inpatient
4bb5feb3-1715-4d4d-a09c-7dc8bd9c3107,8cca9b33-12b7-42a9-8d16-2d0789829183,2b3e9f54-e5e8-489e-b2ba-436d708797e8,2023-11-25,2025-07-04,1969-01-31,ko726,xV701,2962.96,F,70945,NC,General Practice,West Joshuaport,Denied,Outpatient
4fae2b11-9ca7-40a4-b4b7-a7a413ffed96,5c5d91cf-749a-4873-9428-6ba9a64f3627,dc325e6b-9128-4e1c-a4c0-a878cf4c0678,2024-01-24,2024-06-04,1948-04-13,uX696,Wy095,1780.31,M,,IN,Orthopedics,North Margaretside,Pending,
dace462f-20f9-435d-bb95-82b197091f88,aa6862b1-a86d-4911-8572-da3937b4924d,9d1009b1-a808-4fd1-a7ae-3b9df6a8d686,2024-02-23,,2003-03-01,,fx735,3162.79,F,47432,OH,Pediatrics,East Tylerchester,Pending,Emergency
c576b898-c3cd-416d-b75e-45f29a40f8f4,1edfdae3-97af-4d91-b800-38163f5ed26b,490dee68-6227-4181-b1ef-4fecd2cee85d,2024-03-03,2025-02-01,1950-06-29,FL402,jd526,4223.39,M,01787,MO,Pediatrics,Port Melissabury,Pending,Routine
,6c35e748-6cc1-4108-bd0d-5650a8252ad6,d6476830-a244-4b85-90ba-7f965c3c8ff1,2023-02-08,2024-07-31,2013-11-13,HZ441,Wd618,5404.69,,24634,NJ,General Practice,New Kevin,Approved,Outpatient
908c918e-2b17-438f-9b37-c1478d20b383,b8ad91d9-24b7-46d8-8fe1-5177c4a38bff,19a3e7bb-9d82-4843-ad17-73a70d7612de,2024-02-19,2024-03-14,2002-06-11,Oy556,jG409,814.76,,34395,,Neurology,New Jennifer,Approved,Outpatient
04ef515d-a306-47a5-9488-f1ae6301b380,d1e06740-dabc-4fe7-970b-44537085ff78,f7d531bf-f7f1-4a75-bc72-0d98aa1b0356,2022-11-17,2024-03-01,1971-01-02,bk665,xh411,860.35,F,60974,WA,Neurology,East Danielton,Approved,Outpatient
0625153e-980b-4bd1-a32c-72f9d103a439,bf1d7df3-75b7-419a-975b-a22f873bd518,2bfdc251-d087-4f92-966d-4823ba0f93fa,2023-01-09,2025-03-06,1945-10-28,Dc906,bZ933,9401.04,F,51694,OH,,Hansontown,Approved,Outpatient
faeb85eb-4fb4-4bc0-9694-3350f074c461,20f05a28-e3e7-4f15-adbd-ad8d20a7bc9b,,2023-01-16,2025-04-05,1967-08-02,qH457,A.123,8209.97,M,15828,FM,General Practice,Codyborough,Denied,Routine
,0b5da60b-d7be-4446-98da-2aa954ecd88a,517b0f85-5f67-4151-bfce-d040e0a20644,2023-05-19,2024-06-14,1990-09-06,xt941,fn614,340.73,F,83119,VI,General Practice,Duarteborough,Approved,Inpatient
9d8c8615-d83e-43d5-84a7-32a291b50c2b,066c21ef-3efe-4547-9783-1d02c397369a,fdb57899-199d-43ed-ab52-e49732343938,2022-12-16,,1977-10-21,mf237,qb565,8462.19,F,09699,MN,Pediatrics,,Denied,Emergency
2dbbdcc9-2292-4fa1-97a7-9f6cc48b40d8,,,2024-03-04,2024-05-09,1988-09-07,DA573,fn728,2481.26,M,86818,NV,Pediatrics,Lake Elizabeth,Approved,Routine
e436b93f-058e-4bd6-8325-8164b18f517c,ca26f296-348a-4037-9381-ef8941314a0d,f9e2fd38-a0d6-40ff-9dfe-ada1f78766df,2023-09-02,2025-02-18,1974-04-02,bW497,JE643,4022.8,M,72517,MI,,,Approved,Outpatient
983b3a99-e2e9-4d0c-bb9e-0a88c605fdd4,c869c733-2715-4028-9ea7-cddef79ed2dd,09318b12-1dfd-4280-95f8-8e6a9b337a3b,2024-03-06,2024-11-30,1976-11-03,Ql621,OW529,5581.74,F,,NH,Orthopedics,Johnchester,Pending,Outpatient
6a5838bd-8077-4208-b0fd-1fcc43e469d6,9b265198-6821-401b-b702-150bf02a9a2b,d23f0148-3acf-4ae2-90f4-bc0a76c0c44a,,2023-12-15,1979-05-16,eY149,hO862,597.24,M,16872,KS,,,Denied,Inpatient
28e0bb1a-e3ea-412d-b634-d7f5f5e745fc,c805a418-275f-416a-af9c-20cd818f214f,,2022-10-09,2024-12-01,2011-05-09,zc005,sL890,4885.73,F,64264,IL,Neurology,New Heidiland,Approved,Routine
605b7c25-eaf2-4f40-9f00-85159b2894fa,c763da71-73f4-4ef0-a090-794314e6f055,4cd508d7-ba99-478a-9e8e-e7e957eca1af,2023-01-06,2024-09-14,1942-04-24,TO894,nt695,3595.72,M,07036,VT,Pediatrics,Brittanyberg,Pending,Outpatient
,dafed8ce-eb4e-4144-ba51-6960792bbb5b,0f3fea18-33ad-4341-8041-484dc696755a,2023-08-25,2025-08-08,1954-05-12,YK317,aH970,,F,74953,ID,Pediatrics,East Ana,Pending,Outpatient
f8ba559b-254e-4380-a4bc-f8205deb6690,fd1ee614-3ed3-4c41-a860-0c4eaf6fc390,7b19bbd3-c390-400f-9b1c-08109744f032,2023-03-13,2024-07-28,1951-08-20,BX072,,3835.45,M,74430,PA,General Practice,Port Markmouth,Pending,Outpatient
07ef1c63-ec5e-4c8c-80ba-ba201bc2b867,56d0bbbd-c721-43d7-b97f-25ec662315d2,81e74d48-40cf-4215-968f-e26e490169d2,,2025-07-07,1943-04-09,uy275,aa533,5921.2,M,09290,MT,Cardiology,New Davidland,Denied,Routine
,cc9e1829-1298-46ed-9d2b-8925be260430,d84a3e9b-2554-4cfb-b385-e7a846a852e1,2022-08-25,2024-09-04,1977-11-04,yC194,Oq257,2781.24,F,36722,TX,Pediatrics,,Approved,Emergency
628a676d-6b8d-4f84-9d11-a2199710f979,35723bef-a082-4aac-a5cf-766342ea22eb,e4c520b0-bd14-48a0-8a0f-390880aa0cad,2022-09-22,2024-10-06,1941-06-16,vZ941,xB258,196.73,F,03993,ND,Neurology,East Thomasburgh,Pending,Outpatient
c55c5602-66e2-4140-9833-938b972ea33d,d688e3df-b8ab-4fde-919c-b077c1bdfa00,b7978269-d514-4a6b-b5f4-195103b071fb,2023-12-26,2024-09-07,1969-06-18,Kj088,,8243.12,F,35316,AS,Cardiology,West Kristina,,Routine
,a803ee80-7b5c-4753-98ca-3837d28ac05f,68f47186-c2c0-4d52-8fcd-add3d1730df3,2023-06-11,2023-12-31,1935-12-14,Xc083,rj718,7287.2,F,96104,NE,,Jennifermouth,Approved,Inpatient
176f27d0-bc60-4472-9050-e4e2291c8b87,8aa87380-a3bb-45b8-9262-b1418777b083,4cd942ad-6bb6-4326-9c68-6f27d1162a94,2024-02-25,2024-05-24,1955-02-03,,KZ469,-885.9,,62617,CT,Orthopedics,Meadowsland,Approved,Inpatient
0c9c94fa-c5a8-480e-a9da-98e43f21c3a0,,ead25a3e-f2f1-4d0d-acf9-af793bcc6197,2023-01-31,2024-10-14,2015-06-17,dX518,uK731,1817.61,F,91856,TX,Orthopedics,Alejandratown,Approved,Routine
24db50fd-c373-4e4a-a245-6b00f3abe312,b96e7b85-70ba-42c5-9c89-9bbc2e2daccf,3fcc0ab0-3d94-4ebb-9019-1cabc601a235,2022-11-25,,2010-07-16,MV040,dt765,2282.83,M,42093,OR,Cardiology,South Michael,Approved,Outpatient
a92b7eea-aec5-4a7d-a849-fae350defaff,aacc1937-ed41-4695-a4dc-459da79a842b,16627e09-13ea-44b3-91ad-90a96f313c3d,2022-07-28,2024-06-24,1958-04-25,HQ578,vk153,2282.99,M,39621,MO,Orthopedics,Powersfurt,Pending,Outpatient
536b440c-4e01-40e3-9035-66f315008121,c58e2826-8259-406d-8d8e-cdcfa885fbe0,e76a0e74-afe0-4b01-941f-08b3e0eb0262,2023-09-22,2025-03-27,1948-12-15,Fd705,lx994,,M,77216,MD,Neurology,Valeriestad,Approved,Emergency
7ff02bc3-8689-4923-ab37-0006a88ee885,8e635b12-7705-42a3-8ee2-2ed601f03f0d,cdea39ae-9eed-48ed-82f4-2fa4aceefa33,2023-10-21,2023-12-21,1951-03-21,XU728,Tf841,6238.72,M,82179,KS,General Practice,New Erika,Pending,Routine
5c6f3a0d-d5e8-47f7-95e4-33490954bcff,d75d27a9-88bc-4b16-824f-0a30563557d1,ae9ccfba-0f66-45fd-87b3-c6582d80ebf3,2023-11-23,2025-03-17,1963-06-19,Ym533,JA074,5685.89,F,87221,CO,Pediatrics,Port Yvonne,Approved,Outpatient
e97398e8-5d2a-4c30-b8f2-2fca1a9a6a3f,cad7a208-a32b-4857-ae9f-5f32b3b37ed6,28d5d3af-d197-49f7-8e5b-e8033f9893b2,,2024-08-16,1940-08-04,Sx222,LX977,6045.88,M,82447,DE,,New Kathychester,Denied,Emergency
9bc8545c-1f2c-40d7-a64e-7b2b45965f2f,d8103e60-c593-407f-8978-e59c8378cd7c,ee9a8d07-4efb-4eb6-9f49-3195d260dd84,2022-09-01,2025-07-14,1948-02-15,sH162,pH356,1383.82,F,54466,MO,General Practice,Kramerfort,Approved,Emergency
e3fa4e5d-0f8a-4f71-896e-41ee860cc3d9,ed2b5112-8d3a-44c2-b0a4-8eadbeb9d930,3fda9b53-6ba4-4e85-b26c-197cbf700085,2022-09-20,,,FQ382,gO585,577.3,M,34792,WV,General Practice,Byrdville,Approved,Emergency
4ce7a548-3c6b-4441-91e7-6035c32ca073,623f9e64-2394-4382-ac30-30c5a6cf4141,6d7481f2-b77c-4fb6-8e5e-edcd2cd2fbe4,2023-10-03,2024-05-15,1983-01-13,hC207,tk798,2363.9,F,43729,MS,Orthopedics,New Rachelville,Approved,Routine
64589251-3621-4cce-906d-e09730ec03d0,4f556e8a-3844-45b5-9cc4-0c172cf28f73,d78ce959-6b62-49c5-8857-968a861e17a0,2023-04-28,2024-05-14,1953-08-16,ut911,BS777,1350.02,M,42455,NC,Pediatrics,Lake Robert,Pending,Routine
b22d2536-7ba8-4801-b14d-15725f38647e,5bcc5b3e-fe69-4758-be13-df37e0ae049a,1ee9ca5e-bed1-4112-a9b1-361dc71ff128,2023-01-25,2025-11-09,1956-11-27,mq714,GD798,6976.49,F,54353,PA,Pediatrics,West Christophertown,Approved,Inpatient
5daddaab-5606-44f9-92f8-7b31e4f641c1,625cca35-083b-4399-8a0d-d58a81f4158e,bbbc363f-0860-4b81-8df8-ac6893d047dc,2022-08-07,2025-10-31,1951-12-23,sL511,Vd293,6296.32,F,90357,NY,Neurology,Fisherville,Pending,
4cf1a825-d7ac-45f7-9eef-1af447f04820,,6c283311-2288-4a26-b1ff-eef11bb2cb4e,2023-01-31,2024-03-22,1999-10-10,sa629,xm891,881.5,M,59601,TX,Orthopedics,Rebeccaberg,Denied,Routine
0ac27da0-87fe-4f15-9202-ce933f5af40d,5c966d4d-ca82-4bc7-850f-7890b71595f6,,2023-09-12,2025-03-23,2005-02-23,nU382,vZ355,8405.09,F,52512,NC,Orthopedics,Morganland,Pending,Outpatient
af513684-af2a-41fd-a13f-23c1483a1942,a6062053-5ed7-4190-bb15-2d7c3ade4492,8fecce76-829a-4757-8b5e-03fc873bf39a,2022-09-06,2025-04-04,1950-11-23,VD078,GB604,3912.47,,63998,WY,Pediatrics,Elizabethberg,Denied,Inpatient
9ec54f4c-f97a-42ae-bef9-c228b05abf2f,2dccfbcc-2ae9-4e7a-85bb-417e0ede53d8,f6072f2e-83e8-494b-acad-ca663a9bd504,2023-07-03,2024-07-27,2014-05-24,iw745,uh455,5622.95,M,19088,IN,Neurology,Nicholasburgh,Pending,Emergency
ece6ebc9-4873-4bc8-a621-ec2e29aa1c8e,34a087d0-68f1-4c5d-9563-10f298ee521d,09a61c69-62d3-4822-a96c-bf688c802407,2023-11-06,2024-07-04,1995-01-13,Uj656,vj701,5076.93,F,66915,KS,,West Benjamin,Pending,Emergency
,d9b9f5eb-9e45-4bf2-906b-800d3464158e,7a535521-60ea-457c-8de2-23f0a6479b5e,2023-11-19,2024-05-04,1939-02-18,gv665,Cj218,6145.14,M,34831,,Pediatrics,Davidside,Pending,Outpatient
42b99cfa-a9e6-4fc6-bb04-36846eda9c5b,55d479a8-959d-4a9a-8b2f-4a50d70b9ce8,ac081cf0-b493-4b39-833d-44b57c4e877e,2022-08-03,2025-02-06,1962-04-18,Au268,,6897.24,F,75158,PW,General Practice,Myersstad,Approved,Routine
ec43ccab-61fc-48fb-b3b0-04462708e165,b6d4b8f5-a060-4f14-a6bc-024d4270b134,b5e0a1f7-db11-4e23-82ec-4b314d642c14,,2025-08-22,1984-03-27,ZS105,Iq148,2850.74,M,,FM,Neurology,South Anna,Denied,Inpatient
18a48504-3c57-4241-8bff-2731fe3cdf06,b5e6fb34-b170-4256-8a84-30d05fea0751,cfa86107-c32f-44c8-b33e-613929f5c4c9,2022-10-22,2024-05-15,1961-05-08,uU321,qv552,5489.01,M,15538,MP,Orthopedics,East Travis,Pending,Routine
a776596e-55b6-4035-962a-eb86ff88c9b1,198c9295-b8f1-43f3-a92e-9e43d755ac78,edfc40e3-0b3b-4b70-a404-75ecdd0d3416,2023-08-31,2025-10-21,2013-03-03,,Al758,4068.43,F,57256,KY,Cardiology,East Williefurt,Pending,Emergency
ad4c22c9-c949-485d-bf65-5b17fb307a5d,5aae5b2c-263b-4c7c-89ac-1b09a3cca32e,63c86672-66bd-4015-93cd-03245f4e2056,2022-08-27,2024-07-23,1966-08-10,Qn595,YG753,6810.35,F,41109,SD,Orthopedics,South Kimberlyberg,Approved,Routine
976c4e8b-b98a-4e28-b1b9-4a41c85b6ea4,2b95a813-2761-4055-869e-304bc905ba32,699a750d-020f-40ee-956a-15b4ab81d325,2024-06-25,2025-09-15,1968-01-30,og824,Ng845,4599.96,F,06511,WA,Neurology,Rachelton,Denied,Outpatient
c23fe64b-c043-4c34-b9f8-2336d34341f8,1affc57b-dba2-4dd3-bc63-3ea934a796c6,9ea02084-3159-451f-8c6d-a7391b793262,2023-06-22,,2011-10-26,pn556,QF691,2835.56,M,23628,PR,Cardiology,North Charlesside,Approved,Outpatient
66aaf6b9-6263-43c6-83b8-e9d62ee26100,eb68f6ac-395e-48b6-b105-ccade6d97555,16dc3a54-0adb-4b03-8ac6-41e31899b3a8,2023-09-14,2024-04-21,2001-06-19,qw375,yI303,5718.65,M,,PA,Pediatrics,Port Jonathanview,Denied,Routine
456e814e-1451-48f2-95c7-c57fca791c5f,2f449b6d-f98e-4f96-a9ca-89172bd61e99,222eccdc-379e-446f-93ce-3d412489db71,2024-02-15,2025-03-02,1985-08-25,dx406,,6074.53,F,23267,LA,General Practice,Andersonmouth,,Routine
9462a8c9-407d-44f1-8681-70497aa8d170,2a643a06-5e2d-4002-85ad-6279213abfa0,b70def07-4171-4833-ac8b-a7f51031ce3a,2024-03-01,2025-11-14,1964-12-12,dL723,dQ765,351.32,M,81988,MA,Cardiology,Victoriaton,Pending,Routine
,f9848786-2c23-448d-831f-dd49e0318ad9,0ec375c5-2abb-4e04-ac72-a64387fb324e,2023-06-24,2025-02-18,1975-07-25,kW908,Le303,5875.58,F,69814,AZ,Pediatrics,Melendezview,Denied,Outpatient
9539ae17-2bca-4bb1-953e-c7ee3a86568e,b39b0f69-0c7b-4c81-a1bb-dcb8f99e2c75,27178e5d-46fd-428d-b6b0-816dad07bc79,2024-01-03,2025-01-30,1949-03-31,Mb402,A.123,669.83,F,76474,MP,Neurology,Port Traceyton,Approved,Outpatient
e91e522b-1068-4cf8-8b65-cc6acf9dadef,173285e5-b183-4980-a16f-d34b4758bee4,,2024-03-28,2024-01-19,2002-07-27,,Sf493,,,36424,NJ,Pediatrics,Lake James,Denied,Inpatient
d7b12b0a-6fde-4598-afd0-7e0a696e8089,87095711-a82b-4b85-9d78-4c195ec98b3d,ec868544-b4ff-4c9a-b7d8-bd127b70b378,2023-04-10,2024-10-16,1961-09-02,AX978,,,F,46836,MH,General Practice,North Wesleyside,Denied,
38ee0be2-63e4-4a8d-a04d-0c55f1f73b4e,6c22e900-9a82-4430-83d2-db75c6b6e550,a70bbfae-8a19-4bd6-b07e-1891c9eaf273,2024-02-12,2024-02-12,1980-04-02,id962,fi497,1589.13,M,81994,MD,Orthopedics,Kristishire,Denied,Outpatient
af489fb7-39f8-49b0-aa6f-479b5813d5d2,0bfce338-d5e4-4a22-b94e-83fcda970d2a,d7d9a542-dd6e-4da3-9937-71d47465d24d,2023-10-10,,1998-01-29,MG806,XY123,3469.83,F,78023,MO,Orthopedics,West Kristen,Denied,Emergency
c4b94f9e-a2a0-43e7-b837-e727eb1633cd,c42830bb-c957-46ad-babf-f11a81dd8693,031c868e-b068-4496-b522-fc760781584f,2022-07-23,2024-01-16,2014-05-18,pa477,jb526,7871.66,F,02522,AZ,Cardiology,Matthewstad,Pending,Routine
65829c8e-9c7b-441f-a670-d2bc9bfd1f51,b9667968-c129-465b-a39d-37bc65b4e96e,cbe21883-9358-48ad-9916-e58d1bf54878,2023-03-22,2024-11-09,1991-10-23,Iu687,kD143,,F,68169,PA,Pediatrics,North Michelleville,Pending,Outpatient
dfc09c1a-a70d-4b2d-bce0-c35b8d118ea3,ca5d8c20-5d02-4cc7-a825-dad96e4c5d0d,8cb6f860-c895-4214-88c8-9499e0f7da96,2022-10-08,,1967-12-02,xZ257,Ka992,433.4,M,45450,DC,Orthopedics,South Stevenland,Pending,Emergency
adb5bcf3-17c3-4ffe-b8f6-dfaa685eb78d,35e059a2-b41f-4b6c-bfc3-a24915cfb571,a3caadc3-16ee-478d-b732-86a00fe06940,2023-09-22,2024-08-24,2004-06-26,,UM368,7774.92,M,83931,,Cardiology,Lake Jodiport,Approved,Outpatient
c73b039e-014e-4184-b9af-531a85da8275,62dc86b1-7578-4823-8635-444b03c5074f,e99aacea-01cd-4ed2-82e4-d4d191b3af4b,2023-09-14,2024-02-06,1946-02-19,,kd578,8529.11,F,40862,AS,Orthopedics,Carsonmouth,Pending,Emergency
b60f491e-ac19-423f-af3e-6ae503cc5bd7,5775cec6-a5ea-42c4-99b5-2098ab741fe0,13922316-b6a7-4c83-9eef-bb5e356f3292,2024-02-23,2025-05-13,1935-04-24,zg588,hq523,1478.79,M,81666,IN,Cardiology,Brownview,Approved,Routine
439e05e0-2d7b-450d-a87c-266bf7ca172e,299f4a20-cadf-4db3-b7c0-ad0130747159,73fa98e4-3c14-4fcc-80e5-d1bf595fce64,2023-03-23,2024-07-20,1963-03-10,gT956,fv434,7091.8,M,45295,AZ,Cardiology,Tracyburgh,Pending,Emergency
1d62a811-7da1-4c9d-8b0f-5c155699e993,ba8579fb-0750-4603-a938-10db06efee50,503979af-a5d8-468b-a88c-786b9f4b126f,2024-07-02,2025-05-05,2011-04-04,RN098,Ec911,7511.59,M,09748,CO,Pediatrics,Hortonshire,Denied,Outpatient
413a1c38-0a53-4772-a3d7-4a4b256c5a90,1c0817eb-b44e-46bc-9886-f6630619b6b8,ac5d7c2e-622b-4d2e-ae76-4cf03558fbf3,2024-05-29,2024-12-23,1979-10-07,YX041,vW472,1780.6,M,64974,MN,Pediatrics,Stewartmouth,Approved,Routine
7d17ec7f-42fb-4423-b3d9-30bf9ecaa2ba,bd6cc6f2-1231-4b9d-a1d2-8e6fc937d0ba,e78a3b45-b0d4-44fa-9735-d9cbf992e953,2024-05-16,2024-02-18,2005-05-24,ls585,bB872,9378.56,F,58096,UT,,East Michelle,Pending,Inpatient
666a55bb-7e96-40a9-86cb-7b6980d40e36,f918c3e7-2717-4d20-83a0-7abaf485c900,f929637d-27fc-49e9-845a-d97b850dcb91,2024-06-03,,1956-01-16,XK255,bP226,1647.54,F,19593,NJ,Cardiology,Annetteland,Pending,Emergency
31e4b425-64b2-4cb6-befa-493f2158d06f,1209cf1d-aca6-4be8-bd86-ad2fe6cbfb2f,c5559f6d-d235-4122-8dba-40b513cdb87a,2022-09-24,2024-01-01,1940-08-22,pr357,jc773,3861.79,F,30864,GA,Cardiology,Grantbury,Denied,Routine
7cb85ceb-6412-4556-917a-2889ed1e5720,,c4be4468-c861-421b-9d51-567836832092,2023-01-06,2025-01-21,2014-12-11,mw249,eC305,8435.14,F,75651,WA,Pediatrics,,Approved,Emergency
30836fbf-535f-457c-8c8b-22a9ef155434,9a48393c-43f7-4c51-b776-f88549dd9df1,36a688f0-a77c-4128-aa82-bfacb8484489,2023-06-28,2025-07-04,,xI139,ZG512,1874.63,M,85239,GA,General Practice,Christopherberg,Denied,Outpatient
46450ecc-9dcc-48e0-ad4f-45b03fcaffc0,3931e57a-ccca-45ba-9870-f25d945eb944,03dd3999-dcd2-4dec-a224-70fb7e2014b4,2023-05-03,2025-11-12,1938-04-08,vl859,Qs220,2672.3,M,96217,FL,General Practice,Lake Garymouth,Pending,Routine
3cbd3e69-3132-45fb-9233-ac6dc13406a0,cec729c3-5cb4-485d-8fe6-4a592c3a5f52,2e107918-68c2-49c3-a024-3103d625a458,2022-10-01,2025-09-03,1986-02-12,ze264,fR427,780.27,F,46653,CO,General Practice,Samuelfort,Pending,Emergency
75b1ca8c-3385-43d6-b1f0-d95f52168c03,761ee289-66ad-4b1f-9432-55178e8d93ea,388ae6ac-2bb1-48c5-98a2-98a527aae1cb,2022-08-28,2024-08-23,1948-12-20,dd048,Sg790,7688.62,F,33614,MN,Pediatrics,,Pending,Inpatient
9265f095-3427-4520-8e45-8b3fdc232696,b5271558-204d-49b1-b2ec-cd16632e436d,ddd87d73-ba0e-4f9e-bf99-def2df3be88b,2024-03-10,2024-11-13,1949-05-18,lF617,Sj269,7204.22,M,67387,UT,Pediatrics,Charlesfurt,Approved,Emergency
c9b97776-4e35-4efb-a9de-549cccf011cc,f05e535a-43b5-4197-bb61-6c10eb0f3f76,99301889-bedf-4348-9af4-3550aa0053dd,2023-06-01,2024-05-17,1967-02-11,GA368,Qu092,1029.19,F,53990,CT,Pediatrics,Sotoburgh,Denied,
ecb49c3d-071e-42f1-a982-dea61db33453,93c2da21-b74e-4d51-8802-c1a3368fc2f4,3e2733c7-1d6d-4e80-8916-06c8cf34139b,2023-07-11,2025-03-22,1943-06-08,tt276,VT884,9466.54,M,53550,MD,Cardiology,Carriemouth,Pending,Routine
7629823d-74f8-447b-84ba-d66201f06c7a,8f23d3c1-b7b0-424e-a3b7-ec0076d11b17,9a0dda5d-0da0-4788-8ac5-c2a8127d4001,2022-08-18,abcd,2000-08-23,eN782,Wv953,7949.26,F,61205,NY,Pediatrics,East Shannon,Approved,Routine
7d31dfdf-66f9-4083-928b-e29032c2a15b,7b40a9d3-7c8d-4129-ae79-579d82858331,f4c83b25-662d-471d-abcf-28c59506d7a7,2022-12-19,2024-08-06,1975-10-23,WT796,Sz665,5621.32,F,99604,NC,Orthopedics,Villanuevaport,Approved,Outpatient
0303a15a-054f-4122-833d-e6bf4cd77f74,0c764442-ede4-48d9-98c1-bcbd23a7ce7b,e2c22d4f-2489-413f-8b37-97f0af9aa31a,2024-05-05,2024-09-02,1951-07-02,nl976,,4285.01,F,45737,CT,General Practice,Kristashire,Pending,Routine
a48e62e5-3a75-42ca-86bd-0e0097c9acb5,689488e5-6ef8-4f24-aff4-4ceae482925e,1e4c023f-ecc5-498b-b084-ce0171118209,2023-06-23,,2012-07-13,Bt596,iY164,1169.45,F,75834,DE,,Lake Danny,Denied,Emergency
90633788-5fb3-4f08-a475-ff611288918c,,763e7ea7-2c54-466c-bf2d-4f57201b7db2,2022-10-05,2025-02-04,1983-02-21,cY393,Hp718,2992.96,F,63884,CO,General Practice,West John,Pending,Inpatient
014da956-4eae-4658-aa13-0a681b72e581,b201b324-4908-44d6-844d-d7b94c195b0a,4edd43ce-238a-4f5d-b3ec-529462665444,2024-05-25,2025-01-05,1947-06-06,qZ619,GD640,2696326.5,F,48697,MP,Neurology,Kimberlymouth,Approved,Routine
2f1f93db-83fc-4781-b66b-90393e1085c9,5a7431e3-ec4f-4911-806c-252bee22a0db,a3df5127-57b8-4579-8991-ab4e17692041,2024-05-09,2025-03-30,1935-11-17,Qy740,Dy167,5132.77,M,60510,AK,General Practice,New Rachelview,Approved,Outpatient
66b96254-6f93-4438-8c39-dc51a237d885,56e38765-fbb5-4cec-8463-9c7e7f9d0589,79a9935c-f155-494e-b1da-65de22ba2d61,2023-04-04,2024-11-17,1977-12-21,ST159,Lp966,7769.07,M,84915,CT,Pediatrics,Knightview,Approved,Inpatient
5172fa05-f03e-498f-a3a2-7fea18a6b713,b19edf6a-0e30-4fe2-bffe-8cc880607448,e5c7e944-bfae-4e95-98fb-1e368bc36c93,2023-01-19,2025-07-23,1936-03-30,th355,cx902,,M,56800,OK,Neurology,Port Jefferyville,Approved,Inpatient
1283b247-560c-4fd2-9088-9ae011137404,2a0211e9-cb09-4960-b099-c745a8873845,901cd278-75ca-4121-9d52-f02b299f4dc8,2023-07-11,2024-12-03,2004-11-16,nN236,OG056,4247.58,F,19224,,Neurology,Davidtown,Approved,Emergency
57b11572-6ff9-4dbf-b839-698e4d4fe2ff,fd763272-816d-4c41-8908-4ef39f6bf04c,fce4c9e7-13cb-4d51-befb-0b518c93365b,2023-01-20,2025-11-14,2003-09-30,ZX552,tL602,6759.76,F,93202,VI,Pediatrics,Wilsontown,Pending,Routine
c3e3b650-c5a6-4a77-994a-6316a0b9adcc,cff728c6-1247-4680-afa8-6b1b6dac1ce7,d27de8bc-b1ab-4fbd-b553-8b6fbd914946,2022-08-16,2025-11-21,2014-02-06,Xi704,sf086,6299.58,M,67585,,General Practice,West Donna,Approved,Inpatient
bd8c737d-b998-4bb5-92fc-09d1d1438aff,64e18267-56ea-441d-90cd-75e95da44fff,2faed7f1-773f-4f1e-8b49-7c1fbfdae361,2023-03-17,2025-13-40,1949-02-25,iX536,qn791,926.66,F,28385,GU,Pediatrics,Donnatown,Approved,Routine
476dcf31-f9ac-4d64-8e0c-032781292e4e,c6668036-7d71-4ba6-93c9-16b140fc3388,,2023-11-05,2024-03-01,,Wu372,Qm856,8871.18,M,,WI,Orthopedics,East Rachelfort,Approved,Outpatient
9d34944d-b2f9-453d-ac9b-21626dde45d7,bf12dd49-b501-42ec-a946-1f7161ca6755,9f7f7781-fda1-4346-b875-02c8d235cead,2022-08-14,2025-05-11,,SH889,Xm065,5682.8,M,20771,NJ,Cardiology,Tiffanyfurt,Denied,Inpatient
daa8517c-a8d5-4cf1-9918-82a8d10da30a,cd2e5ee1-f3b0-4df8-991e-962a3858c092,836975d2-dab1-4ad9-9fa7-7a55a11bba73,2022-07-14,,1973-04-08,ey856,hq371,5745.84,M,50554,NM,Cardiology,Port Frankfort,Denied,Outpatient
54d962a6-b922-4a31-839c-c662c9d4e60e,fa54adf3-092e-4883-850a-1ca50c15a323,ef6fb9c1-408d-4819-857f-3980dcd0a7bc,2022-08-05,2025-04-25,2014-07-06,,Zz103,6321.42,F,56968,MI,Cardiology,South Molly,Denied,Emergency
b757eb0d-e6b3-45ce-84fe-9f7b1fa1f872,1c808205-2e3d-4bf4-bec9-cebf52f0f39e,558fd26a-6d05-42b6-b458-8e59bbfbb54f,2023-12-15,2024-12-26,1994-03-05,Pl611,Qu236,5371.79,F,84507,PW,Cardiology,Lake Suzanneton,Pending,Inpatient
2707424c-e032-4375-9467-ba0269591a6b,1745be87-96f9-42db-ae63-08dbbf528061,25a23acb-2d09-4691-ab51-90fa580c9697,2024-02-13,2024-03-19,1998-09-23,Qh554,Dn234,4649.88,,08487,RI,Orthopedics,Aliciahaven,Approved,Emergency
,0da86b40-6b9a-426b-9c8a-b67e28a28005,e612a733-46e2-4080-9105-4b7d9eda8ae7,2024-02-10,2025-04-17,1995-08-04,RE425,yJ483,6554.42,F,51488,MH,,,Approved,Emergency
60c366a3-c386-4009-94d7-d9b4578b9c96,35e361fa-03fb-432a-93a3-59fde726cf2e,2430b7e7-55f6-401b-a94c-482d3caff928,2023-02-17,2024-03-24,1958-12-16,QZ195,XH806,,F,33909,,Cardiology,West Edward,Pending,Routine
a9b6d02a-d614-4caa-8062-b574619ba2b5,,0380a131-a181-470e-ab6d-8c9583442396,2024-06-19,2024-07-01,1940-09-13,ZF797,TM821,4794.72,M,57671,AR,Cardiology,,Denied,Outpatient
5346696c-5299-41e3-97f2-81032673aa06,e8903c17-ec9a-478c-b9d4-90151380931a,c18bd08f-c5c0-41fd-9c03-85e6660c91a2,2023-11-30,2024-01-10,1965-10-27,Vk437,mV044,6603.86,F,07789,AL,Cardiology,East Sarahstad,Pending,Routine
c1f0da44-86c6-4786-b3ad-8d6456befd58,cb9379bc-2b0f-47f1-8618-b60d022c4a2b,a69296ac-3230-491e-bf60-d342d578c9f5,2022-10-15,2025-02-25,1968-07-24,ZN943,Ii024,5531.03,F,31080,IA,General Practice,Port Wendyland,Pending,Outpatient
d071761f-0762-44d7-82db-720fb876b051,216d9f54-70d8-4e81-97b0-5315974f24b6,1a6021b4-67a2-488d-987e-84a4b76f9a67,2023-09-07,2024-09-25,1964-02-03,YH709,zQ594,6014.39,F,22942,IL,General Practice,Thomaston,Pending,Inpatient
0b3b2e22-274c-465e-bb4f-998660cfeb42,17698f8e-dc85-457b-b02e-281b5ae447e0,dcbfb262-8ff7-4c66-a14b-bc02c0ff02aa,,2025-10-25,1968-07-10,yH653,tL790,7094.11,F,76911,CA,Neurology,Fordborough,Pending,Emergency
23cc80dc-d18e-4bca-b67a-e746bd84e811,b396f43d-1b79-437b-95de-d0ae70801c82,f471e9aa-7f2f-4c45-8f10-91ecd59cbcbf,2023-04-08,2025-03-15,1988-10-02,sI692,Na236,8081.39,M,56208,NV,,Lake Amanda,Pending,Emergency
8dba349c-29c5-4faf-b5bb-14dcdc80fe8d,a3784c85-cabc-4d18-9e4a-a941933baf48,19eac03a-31cf-4478-8fad-ab7640e0ff9c,2022-10-28,99/99/9999,1957-04-12,nM977,OP610,9920.43,M,94979,WA,Cardiology,North Tonya,Denied,Routine
43377c02-58f9-47e5-95fe-2f175979a827,8e971603-d17e-42b6-8c31-38ab8220e2e8,67729aa0-5c71-4b03-9332-59983beac34d,2023-12-08,2025-10-01,1965-01-30,aU826,,9613.11,M,13129,WV,General Practice,Patelhaven,Approved,Outpatient
96566c80-e126-48fc-9aed-5b21adbad23d,08ed7f24-b7e8-41a2-ad24-38cde50fbf78,01034ca7-43ca-4c7a-aab0-7b362d375df5,2023-02-04,2024-10-12,2002-06-24,ho338,JE043,4184.96,F,83306,GU,Cardiology,East Wendymouth,Approved,Emergency
3802b01b-5dad-4ac6-8fd8-a8cae24f43b3,16ade466-7e7b-4434-8e9c-2303011eb699,f6df806a-f516-48af-aac1-d2f42e1e7caf,2022-08-08,2024-04-03,1982-06-13,gl344,JQ483,2191.2,F,83134,FM,Cardiology,Lake Mathew,Denied,Emergency
efcee969-b6ab-4af3-8f1c-8c2b946bee48,00f48b88-0609-4b83-84fe-345d185293f0,807db798-4bb4-4b79-86cd-d849da9de5e3,2023-04-25,2024-01-11,1985-03-21,OD138,rL082,1335.73,M,98328,MP,Orthopedics,Jacobside,Approved,Inpatient
0455e486-faf0-443f-9e4e-90d261fa1d65,,63654d40-b11f-4428-b325-e1d7d6d1b3d2,2024-05-23,2025-03-02,,ej341,TF120,3133.68,F,96983,AL,Orthopedics,Stricklandberg,Pending,Inpatient
d09369e2-6c1c-4284-b9a2-7e3e3e0ca722,c242b1ee-dbb1-40a0-b13b-53fba302bef7,dd3e3fdf-0f4e-4af8-8c4e-4aac0209c758,2023-08-19,2025-11-23,1978-09-23,ZC252,Bf515,7049.47,,39886,ME,Pediatrics,Jonesshire,Pending,Outpatient
aa60727e-4517-4d14-9e45-d0e95d806bae,b4fc74be-9f10-47d7-ab0e-ac74a1eaff62,8607d570-46da-4ecf-b807-2951cbb9aed1,2023-07-03,,2000-04-18,ji394,,,F,10686,WI,Cardiology,West Dianefurt,Pending,Emergency
14b759a8-efc1-4b98-8ce5-e23c95a91233,cb2c3a20-7970-4b79-b45a-12b499b86fb7,1d068fe1-1da0-4eea-8a50-5695672e7b5b,2023-05-14,2025-09-06,1990-10-23,Yh343,Eg384,9074.07,M,44286,AK,Neurology,East Cameron,Approved,Outpatient
36a50a08-8f13-48a7-be36-f3fcb4623d5b,e2d2a018-d41e-40ae-af60-4bffca557690,121cfc52-8167-41d8-86d2-729f3a356e39,2022-09-19,2025-02-03,2002-05-22,QR074,KO805,9422.75,F,89472,AZ,Cardiology,Davisside,Denied,Inpatient
acb24620-bd16-46a6-bad1-10ac2fa1669d,404ea41f-5dac-41f1-bcbb-a924fc4d6053,46e70850-c784-4ce2-91ef-bfccdb703f27,2023-08-15,2025-10-15,1988-11-01,Fj793,Zu548,9628.23,F,24843,OR,Orthopedics,Crosbyport,Pending,Outpatient
641cad0e-bc22-495c-9cd4-57fa787c00dc,b2f9dc46-4e13-4098-a8d4-addc00b7b637,74d6c5c6-306e-4b13-bd15-2b870bb6c6ae,2024-03-10,2024-11-02,12/2025/40,Xf078,LN087,9183.11,F,54256,AS,Pediatrics,Joshuaburgh,Approved,Emergency
d6166db2-660a-43f9-8a93-fa2d5d9ca2b4,858e0c43-b501-4278-b079-78bc700401a2,19174a26-a49b-4681-9340-339f97e9b5ce,2024-05-05,2025-06-17,1989-08-13,,DT615,7405.18,F,78867,AZ,Pediatrics,Paulstad,Denied,Inpatient
f4c43091-862b-4c11-b3d0-dab0b7aa7ec6,5e012516-76b2-4070-8243-120e9e3b00fa,3d86f8da-efc9-49ca-9bfb-a58243ca426c,2023-05-03,2024-06-12,1947-07-23,nO195,zR013,1618.18,M,91290,CT,Pediatrics,Nortonberg,Approved,Routine
,671ddd4e-8aa4-4235-8df7-1f41ce19669e,c20b4e5e-9ae6-47b1-917d-f348489924d7,2023-06-20,2024-09-04,1996-10-06,lY733,dQ397,5147.55,M,90074,ME,Cardiology,East Mary,Denied,
84a8db17-92fa-400e-972b-bd858c70326f,12781ff2-e311-4169-b36c-e2084cbe7cfe,ddfae5f6-3f20-4540-92ed-935ff0f09dcf,2023-10-01,2025-03-30,1986-12-22,aq432,jI252,9290.35,M,11370,NE,General Practice,Lake Rachel,Approved,Inpatient
cc7d76ca-14b2-4d1c-9f84-78164186ca96,826e9cdb-3762-4505-a774-ebcba46757ba,5524adb3-77df-4e6f-bb02-59ea86bf3ce3,2022-08-06,2025-10-27,2023-08-06,am692,Jt589,7750.81,M,75360,MD,Cardiology,Lake Emily,Pending,Routine
a910cd02-70d0-4d74-824d-72f7ad0aa637,afea0754-976c-44ac-91f6-00f2b0a5814b,86f12217-e469-41ed-a98b-a3463976c1bd,2023-05-31,2024-06-25,2004-06-14,DC292,OV095,1148.47,F,09213,CO,Cardiology,Whiteberg,Pending,Outpatient
02c52376-ac1c-4e5f-b357-c9d9adeed0da,55029974-1355-4857-8d44-f86cb2fdfd3c,4ca39ceb-88e7-466a-97ec-d6441e31bf59,2023-05-15,2025-05-19,1939-12-25,Lq689,ex668,-1940.12,M,21078,CT,Orthopedics,East Kyleview,Approved,Emergency
,df8d1d74-b1b6-4a21-bc7b-75911fd00689,5569e7b6-79f1-4d7c-b627-73d17761a40a,2022-10-10,2024-02-23,1969-02-14,,bU473,8496.28,M,24460,TN,Neurology,Bautistamouth,Denied,Routine
29d48541-f69d-4fad-b6b8-a6317ccbde8f,33cff4be-d7b9-4dc7-b296-e8e08269ac27,78580d9f-ccc0-4464-aa1c-2fc5359b3088,2024-05-12,2024-01-26,1959-11-20,XB946,bh580,9514.19,F,96672,FM,Pediatrics,East Jessicatown,Approved,Outpatient
c1b7da64-f1f4-4c77-86e0-ef88f98dc0fe,9796c6ef-c00d-42a1-8ba3-4853cdbe7fad,f5d96260-cbdb-4c5e-b02e-0223fd73e4a4,2024-02-10,2024-06-12,1948-01-27,eC840,Bb268,3484318.53,,11717,MN,General Practice,Christianside,Pending,Outpatient
ff9dbfc1-eb21-46cd-8774-efde2a6667b5,95ab0bde-09f4-4a14-a0c7-d30ac27ca8a1,7b3aa1ee-08ea-4ea6-86a0-dd7b981aec10,2024-03-03,2025-11-03,1980-05-06,DS707,sZ724,7116.57,M,89697,IN,Orthopedics,West Megan,,Inpatient
1db55f19-f5d7-4f7b-a9a9-b0eb72a47c7f,b5f33b9a-62d6-412b-8c7a-9a63158c4980,455a8687-c71b-425f-a175-8aa7ef2ad473,2022-12-26,2024-01-05,1981-02-05,kd778,HZ191,1099.68,M,92368,GA,Pediatrics,Port Vicki,Approved,Routine
589761be-553d-4c98-a4ca-7efc4925b896,59359e50-b2be-4d20-812f-74454562d3cf,feed7a61-3255-4ba6-afdc-0bc75aed903a,2023-11-30,2024-10-15,1970-02-27,Ii484,EJ363,7485.84,F,54882,VA,Cardiology,Wendyberg,Approved,Outpatient
760426cc-6bdb-4729-9e9c-0e5cb477f251,29c34192-c96d-4194-bc6c-8bba9952d5c0,1aa0e6f9-029c-4efe-a291-07bc9f63bd95,2022-12-14,2024-06-18,2009-09-07,KD764,Vb777,6577.99,F,13815,CO,Orthopedics,Port William,Denied,Outpatient
5b87e923-f569-428a-b350-d9186f788226,68c8d316-a359-4df6-888f-9bbbda42b672,435434a9-2744-430a-9c59-e1ac21e3d26f,2023-10-03,2025-05-23,2009-03-08,Ka555,WT412,,F,89944,VI,Neurology,New Rachel,Approved,Outpatient
e903a277-7315-4b46-9688-24420f912ca7,f0780df5-3716-4e85-b969-2469f5660d14,74fdef49-ae2e-40e9-93a8-81c85cdd15e8,2023-08-14,2024-01-14,1967-06-28,PH068,,4764.56,F,76117,IA,Neurology,East Alexis,Denied,Routine
784df540-3bf6-4c0f-ba6a-9d917efe1c63,cca04f0d-9760-4e27-82a5-c6e470b0d3b2,f8fa52f3-437e-40b2-9194-f995ef08722b,2022-08-14,2025-13-40,2006-10-20,kz869,uB957,1740.91,M,12306,,General Practice,Nicoleland,Approved,Outpatient
c5c76866-9010-4cfb-902c-594f3acfa32d,3f82f958-9386-40e4-bbfe-92e794e4deee,d102ea8a-4d30-41c3-b1be-1f9cf797d049,2022-09-12,2025-05-01,1984-10-19,yc330,wq513,150.11,M,16153,VT,Orthopedics,Lake Anna,Approved,Routine
ad37c2e7-1fef-42cd-82e3-442bba746152,8e7b3cb6-2112-48a4-93c8-fa63c5b30c39,6bcdd0fc-4e92-4c4f-ad30-d22127443d9c,2023-02-14,2024-11-08,1941-09-18,aX717,VK376,8630.74,F,53922,FM,Pediatrics,Lake Donna,Denied,Outpatient
f1e42175-4e7e-4d25-84f0-537a3e3e4c40,,028ce9db-961f-486d-8100-ab7195ba9260,2023-07-11,,2007-03-31,Bd135,zi208,9391.44,F,25471,MN,Neurology,,Approved,Routine
dcc7bc50-78d8-42d0-8fce-2659706d9fd9,9661475d-c5d4-47ba-ab0a-3d773047c90d,02031aa6-7b4a-4110-858e-d5a7f5905818,2023-02-07,2025-03-20,1996-12-02,Wr795,Tp430,813.63,F,74238,KY,Orthopedics,South Larry,Approved,Routine
6da8fcec-4044-448b-be59-7322440d024f,ffdea2ae-1a13-44b2-878d-805682feda8b,f2665982-137e-44b4-aa4b-1d8383d38ef8,2023-03-12,2024-08-30,2002-10-29,Pb231,Ch552,720.27,F,69254,OH,Orthopedics,South Jamestown,Pending,Outpatient
53cf6828-aa4d-4a92-9e68-523c61007730,9e2160ad-7c6a-4b86-9162-1fa78e9dc9b3,bdc3cc81-b30c-4874-af78-a211efd4b802,2023-03-21,2024-06-27,2015-12-03,gb270,GP212,5696.77,F,68571,MO,General Practice,Danielton,Pending,Routine
25258c44-2570-41c4-ae9c-94deab86a7be,513b5e5c-dcf2-4d02-ba64-45daeae4398c,,2023-08-25,2024-06-01,1944-05-05,Br865,ww338,7982.79,M,52767,CO,Pediatrics,Randallchester,Pending,
547c34eb-8214-4b70-8a5e-e57c6655faee,c916a207-aa02-4033-ab75-3c2e35561832,b8387742-be1b-45d3-95d1-029add9ca81c,2023-08-27,2024-01-18,1947-05-20,TL326,,7569.97,M,49031,DE,Pediatrics,Kylestad,Denied,Routine
a177ba8f-f97e-40a8-b4ed-87054fce70de,23c1c307-8f99-4610-a05f-6f67cc0e9f37,71f22554-78c8-490b-82f9-bfab8065c0b6,2023-03-11,2024-02-11,1936-02-12,lx577,TD998,5982.99,F,22883,VA,Pediatrics,Lake Francisco,Approved,
018406db-c924-48ed-98f2-2bda9a348a8f,c9cccb54-946b-460b-a1c2-e2caf23e4f54,e27db77c-b04d-4701-b0b6-354aeeee4f41,2022-12-04,2024-01-21,1944-08-24,jK377,fR409,1538.73,F,123,RI,Neurology,Port Michaeltown,Pending,Routine
80defb67-496c-4ce5-8dee-46420b36103e,26b76c77-3447-4d5c-95cf-c2ffbf26644b,cd10dd6a-9a92-44b6-aafc-50707919f58a,2023-08-25,2025-05-17,1964-10-27,oX013,ES363,,M,61380,ND,Cardiology,Port Michael,,Outpatient
953b6f86-d098-429a-87cc-6fba9a443c79,1607fb97-583c-4126-a1f3-6cdf1c82b041,fb16f082-def9-49d0-b792-bbfa6c945432,2023-07-24,2025-07-19,1974-07-11,BY257,Xu581,7188.89,M,91724,NJ,General Practice,Lake Summer,Denied,Emergency
d9997c37-f138-4a4a-872e-e01d67c24ee0,,4cf0c6a7-3254-4f18-8c6f-07b1a08349ba,2022-08-24,2024-03-19,1959-10-23,Ui081,Yx093,9801.71,F,09826,MN,Neurology,Yangfort,Approved,Inpatient
3e3f4b94-a8f4-4ac0-87d6-a017c7248d98,7c77161c-3cc1-4ada-bc24-a270030c53a8,538d1561-3635-47bd-9bd4-1f381071578d,,2024-11-22,1992-07-04,JY307,dk546,1403.98,F,04627,FM,Orthopedics,Porterhaven,Pending,Routine
1bf7ebd0-f610-4a3e-a4de-c7d97666ac19,cbd47a3b-e51d-4f72-a640-5cdf5e99fd21,5f754529-44e1-4232-99c0-3213557159cc,2023-03-22,2024-04-11,1954-04-20,Zi034,Sz648,2260.25,F,94654,LA,Neurology,,Pending,Inpatient
5ad2695a-9c1e-498a-947f-d61a0fffea46,f484451a-fa8a-4145-9b17-08b325c05836,36d2d841-c4e6-4f5f-baf5-5454fdc73a25,2024-01-25,2024-07-06,1939-08-01,hu762,WR959,5446.12,F,34222,CT,Orthopedics,East Brandy,Denied,Inpatient
80dcc886-7e6e-4dfb-a317-844c07a41f3b,d801716b-6bde-4ea8-9e2a-22edebf8ecf4,25d9d86b-db25-40ad-aa2e-47115ec742f6,2023-08-24,2025-02-14,1961-06-29,yk234,,797.87,M,97257,DE,Cardiology,Manntown,Pending,
d479f1ca-84c5-473e-8bdf-990dc63052ab,78b00935-84f3-46bd-852a-33e4be877ba7,b35f00a8-4b9b-49bf-a221-952c721b47be,2023-11-20,2025-05-29,1948-08-01,TT783,MD392,8971.3,M,62824,NE,Neurology,Montgomerychester,Pending,Outpatient
214043e7-0587-4dac-b79a-56846b763a47,1df76aa3-33f9-4d3f-b683-205cc231b53b,5a815ab3-fe80-40ac-9e85-3a3d6f8ef049,2023-12-28,,1989-12-14,ff632,EO501,4937.57,F,59085,MH,Pediatrics,Jordanshire,Approved,Inpatient
6bad48a1-d888-4945-90ab-989c5c89e413,b9b1d563-b4fa-4a63-91be-6a2e1ad87e22,92a7f213-01f4-427a-a554-48592a679657,2022-07-23,2024-06-18,1973-11-03,DW255,Ob415,1441.05,F,27957,MI,Pediatrics,Rickshire,Denied,Inpatient
c348824c-d4d3-4525-95f6-3ecac7461b79,2b644f7b-d474-4025-ac80-7eabf8584444,5ad22f94-d2e9-4005-b491-e0bbf3b23fba,2022-11-24,2025-07-14,1981-01-13,Ek999,YL435,1727.61,M,11590,AR,Cardiology,Port Abigailmouth,Denied,Outpatient
10666d0e-9d9e-4ebb-8fac-c6d5e36f7ffa,9b381929-2690-4c0d-8a08-4a64f477cf0b,1541a7b4-ee8a-4d83-8c37-e4904be6857f,2022-12-06,2024-08-14,1992-03-17,VL593,td708,3784.45,F,87493,MH,Cardiology,Lake Jamesfurt,Denied,Emergency
6ae470d6-3b59-4863-b92e-29a822c48aaa,77b5f749-f4b1-472c-a5c3-85a95cc8bb35,9b6a1f23-3169-4518-b83d-deaf53aa239c,2023-05-08,2025-04-12,2005-08-16,iQ586,gE083,8047.83,M,72379,NE,Neurology,North Kevintown,Pending,Outpatient
da140bec-0a91-4c4c-b33e-a88872e99607,d3fda8a6-9af0-44c0-8cc8-fa588938d4d6,e6e6e136-3433-4870-a996-8932ad977002,2024-03-02,2024-11-07,1979-03-03,MP636,gu762,9010.18,F,99378,PR,,,Denied,
f3f52135-6df3-43c0-b757-2e38ad829f2d,b011edc0-4a1b-4335-9592-c035bbbf133a,d938cc35-f5be-4db9-8566-887c4090b156,2023-09-11,2024-05-22,1951-08-29,Oc237,Zn852,4765.74,M,47736,PW,,Lake Deborah,Approved,Inpatient
4dd51adc-5ab1-4841-98dd-69cae975e148,61fb5696-64ef-416d-85c2-23c886f6f4fc,df4c302a-2ee0-4154-bd5c-207735e84538,2022-08-28,2024-07-31,1965-06-06,OH471,tL072,2957.44,F,,AL,General Practice,Diazmouth,Approved,Emergency
389d2f39-77ff-4c19-a448-802d96a2a2f2,dacb678a-cc84-4ae8-b9bd-ee0072cb9e76,0a045765-64ed-4129-8c8e-c70064a2a682,2023-08-11,2024-12-11,1970-09-02,bt466,JE234,9081.23,,05271,ID,,Stevemouth,Pending,Routine
0a078dda-d171-4697-9753-6ad83c4068f4,9d65b91a-4b70-4cb9-bc98-b3db3580a20d,e48e8b91-0c4d-4b25-b1e5-ffcbb4f87e9e,2022-08-01,2024-10-09,1949-03-25,kH808,eT839,3380106.96,M,51575,WI,Cardiology,Jonesfurt,Approved,Inpatient
4f405b79-15fd-4a09-a84c-aea8c4ae25ac,8ad238ea-7576-4299-963a-83afb968261a,ad5e97de-e6cf-4d13-b1e3-af8fc77378b6,2023-12-20,2025-08-05,2012-05-03,Vf641,nU435,2354.72,F,,HI,Orthopedics,East Garyfurt,Approved,Inpatient
09e6a1ce-1ce5-4314-87c5-688d8051935e,5eecb8f7-71d8-48cd-98ec-d4072c9a025d,9bbbdf18-58f6-465b-949c-3256cf588b08,2023-07-24,2025-11-22,2007-10-16,Lk704,yz243,6990.14,F,53794,NM,Orthopedics,North Lori,Approved,Routine
c02cfbeb-bbb4-4b80-8885-e62433915cc1,c42e69dc-c1d5-4606-8f79-0493acf2fe83,64830185-ada2-466b-bb1d-610f2a39a6ad,2023-11-16,2025-02-05,1947-03-21,KI009,bt719,9375.88,M,49519,TN,Orthopedics,North Christy,Pending,
,dbe4fcaa-6f66-4d67-b0cb-4513bba26544,d142b99a-db25-4ecf-8231-f1b6eedf2832,2023-06-17,2025-10-16,1986-07-25,ag314,Tl202,,M,42881,VI,Orthopedics,East Allenstad,Approved,Inpatient
,57f525e6-4937-48e8-923d-8d1cc595fea8,a9f2ec76-4f5e-4528-9ef3-06665b429107,2023-08-05,2025-03-30,1975-02-10,Fj228,vu666,1758.16,M,37690,FL,General Practice,Gutierrezstad,Pending,Emergency
2c2f32aa-3f92-4862-9ae1-cd16e6513836,8bd5757e-9515-4ba1-a0b7-bcf2183e2c6e,b5a12efc-7a9b-424d-8777-caef0144e820,2023-04-10,2023-12-04,2024-04-09,Jh063,cd366,8192.34,,08486,MS,Neurology,Higginsfurt,,Outpatient
ff24ad77-29af-4904-a3e1-b902d02acd1e,78c0f252-6c51-4545-93dd-4fdb8f00d95b,472a94ff-2d2c-4055-9ff9-6bcd2adb5b6a,,2024-07-12,1964-08-22,kh040,kY968,8857.41,F,13909,NH,Neurology,Sharonport,Approved,Emergency
4124783d-a582-4a05-8ade-4a25dcf67216,6c0adb91-28a1-43ee-b1c3-0cc679c4310a,d3a61efc-4b16-46d4-a634-e4bac6b9440d,2023-02-04,2024-07-30,1935-10-28,hp746,dU020,3244.11,F,37681,MI,Cardiology,Cunninghamberg,Pending,Inpatient
e59423dd-8783-44d5-9d9d-305bc1577626,32f0acce-bb71-4a45-9e4e-ab4561c1110f,83b4b022-5994-4af5-b54f-c167d6efe49b,2022-07-29,2024-12-02,1957-12-25,Ch412,,7994.52,F,69571,FM,Neurology,Port Angela,Approved,Outpatient
8c72334d-9b75-4282-9392-c933763c9bf9,83ec8971-9a5b-4ddb-9d41-059f52926304,c2875a2e-8aed-427f-8267-c6c34546e776,2023-01-03,2025-04-17,1945-06-06,,Dz585,2490.82,M,94887,WA,General Practice,Joditown,Pending,Emergency
6f47fb0d-ed2f-499a-80fd-344ee320b3cc,1ab410f3-618c-4898-a7cd-d3baabc95b29,b1aecdb8-55d1-479a-affc-b54a744d9d3d,2023-08-14,2025-04-26,1958-11-07,YW992,wX398,2032.15,,02894,MT,Neurology,North Jennifer,Approved,Inpatient
1c24cae1-1071-4d9c-923c-380ee026fd1f,39f73f9f-bab2-442f-adc8-4d326ba1ee40,11436eae-7467-4131-b675-60af0cfd3491,2023-08-07,2024-04-16,1966-01-02,bf505,NH858,4023.49,F,35999,PW,Pediatrics,Port Kimberlyborough,Denied,Emergency
3bfb3c2e-3f13-4071-bc2e-a16e004a3b4f,a8861b2d-b846-4f48-9fb5-7f6172ead91c,8dab8e89-6875-4eb9-aaf2-4ab4dbb151d1,2023-03-01,2025-11-07,1991-08-17,lu623,SU093,730.05,M,87886,,Cardiology,Brianstad,Denied,Outpatient
adaa80fe-22c3-4583-9c10-5e1560aad790,bda15f2f-6be6-40b7-80f9-b18022c2f224,31439936-31aa-4f9d-aa13-1ff6c0446b13,2024-04-06,2025-06-03,1979-12-06,QZ160,sg778,6034.67,M,32742,IA,Neurology,Michelleland,Denied,Routine
528ad38f-6c66-4e06-bed7-94b2bafab362,,039cf5d3-db22-4ff5-9d09-8720eb6c222e,2022-09-03,2025-03-09,1985-01-04,CS238,lW703,7521.55,F,93181,KY,Pediatrics,South Michael,Approved,Outpatient
72273ba2-a5df-45c9-b913-3bdef559c6b0,d7402e85-d8af-425e-aad0-d0d5c6353ca1,9172452b-74b1-466f-92c3-f6073858a342,2024-02-09,2025-06-03,1942-04-05,xk856,GA556,2841.09,M,25345,OH,Neurology,Johnview,Approved,Inpatient
27318126-3207-427f-8f2d-9884e981b09d,bf868ed1-e192-4dd9-aa4f-82d64fe8e434,832fa040-bca2-4172-ac0c-1ef334bce73e,2023-08-08,2024-08-21,1940-01-07,Gf468,Nz540,9345.36,F,57951,NY,Orthopedics,Port Davidfurt,Approved,
b5ea5d59-4116-4f3c-b6a1-3d5dfac0b283,044cc094-21dc-41bd-9b8d-027400d8c272,713dd332-a827-4c5e-8507-70d1c5243f77,2022-08-03,2025-11-03,2011-11-29,BA732,Hu351,2185.98,M,,IN,Orthopedics,,Pending,Inpatient
8eab630c-77cc-4edb-9a20-100c03e9348d,f9b4019c-3abd-44f6-aa0b-6ec0e68298d0,3d6a3316-4064-4973-88b6-395d2eba7005,2024-01-06,2025-03-03,2025-01-05,,Ow664,9560.95,M,,NH,,West James,Pending,Inpatient
0d09dc24-98e9-4999-987f-8058197c8c23,a19c3cdc-590b-46e4-89bd-773b0cb27073,a80cf751-211e-4202-91bf-19ce56b8a9d6,2024-06-30,2025-04-09,1988-11-11,Wg679,qt767,747.12,F,,CA,,East Joshua,,Routine
,,66c66f80-eb5e-420f-b754-f09925c9ec2f,2023-01-01,2025-01-18,2001-03-26,ly822,dp075,3057.38,M,21231,AR,Pediatrics,Lake Markchester,Pending,Emergency
bfe2ea27-2766-4977-b4a8-aa102b2332d0,df759780-3348-4d2f-a8ab-7d5244533d65,5c9d7e91-9019-4c1d-9f42-55fbfcbc69db,2023-12-03,2024-12-10,1975-06-12,,AP251,5512.3,M,67540,UT,Cardiology,Ryanmouth,Denied,Routine
c4f77434-0ecd-48ff-80ec-cb9258ef4bfb,89626c6c-bdd6-4cdd-b08c-3d707512fea1,965a3dba-76bf-4c4f-a30b-ef6e6428f7e2,2024-03-25,2024-03-23,1958-12-29,OS475,zP297,3922.42,M,72348,AZ,General Practice,New Amber,Pending,Inpatient
51022d51-899c-492c-bb61-dfe209c60e93,c400c76e-daed-481c-8e78-c7b269722812,7f7bc907-cdcf-490a-b223-644ae1e890f1,2022-10-19,2024-06-09,1959-09-21,fM349,yI079,,F,80527,LA,Orthopedics,Robinton,Approved,Routine
9334c02a-997a-478e-a118-34e9cff8c32a,83dabb0d-e48a-4e14-a497-a466bad97259,a88d5f5b-83f7-4103-97d4-a4f8bdb8fc4b,2024-04-08,,1980-02-23,LT104,Ry236,--100,F,73576,CT,Neurology,North Michael,Denied,Inpatient
9517e948-18b2-4e4e-89b6-0c4f0629f9e7,b33ac57f-1d9a-42be-978d-5ef6b181e14a,4e4acf94-56f9-49ec-a860-debc63017dff,2023-01-10,2024-04-16,2003-11-07,TG410,jG318,6864.62,F,42156,NV,Cardiology,Atkinsonview,Approved,Routine
50a106cb-7f71-4abb-a54d-239ddd32ce63,e7e48716-0e98-4f98-b224-7ccf19caae2e,9fa2e30b-4d24-49ff-ae8c-3be67c983596,2022-08-19,2025-11-30,1945-01-13,,IR683,-1901.92,M,40848,VI,Neurology,,Denied,Routine
937ca382-82bb-4276-9372-f6d9ce54e754,8735cb1a-0443-4f31-9474-2655559ef8c0,47eb5c06-a908-4398-8e32-c05cfee4a54d,2023-08-13,2024-09-19,2006-05-19,Mk941,LU789,,M,29828,MA,Neurology,East Sherri,Approved,Routine
2f411cf1-7831-4fdb-bbea-73d42b4c6773,f191b556-b925-4f8a-8d31-a89c681e94ee,e252922f-d987-4c6b-9424-fcdf155a2de2,2024-05-23,2025-06-01,1991-12-09,GT621,Qp865,3818.27,M,53658,AS,Neurology,North Jerryhaven,Pending,Inpatient
55fadf27-0984-4513-9210-09a0cb3b7836,3c79e26c-9ac7-4aa5-a550-1f30db2f7782,18891acc-32e7-4dce-8a9c-121f25855d78,2023-12-15,2024-06-30,1943-11-07,Qj939,PU149,9433.04,,21426,TN,Cardiology,Katherinemouth,Denied,Inpatient
,3d14d791-a890-43d9-a3f9-9228047faa52,5a15fdc9-5c4c-4014-9dbd-2c850365d5a9,2024-01-15,2023-12-21,1958-05-06,XJ278,nz686,3117.04,,92416,OH,Pediatrics,South Davidfurt,Approved,Outpatient
9c7ea01e-4299-4d47-8a57-95904df75a3a,3542a0c1-ab09-4bf2-b00f-d868ec876151,e7f5eaaf-589e-457e-9fe2-b71fe44cf3c9,2024-04-14,2025-11-04,1996-09-15,cG082,Ji917,1791.79,M,63486,PR,Cardiology,Sarahburgh,Denied,Emergency
b0ab0403-9683-4711-9be2-c4306d53a78f,594661cd-7137-48b7-9e3f-ad99b958b2a9,76c1d42c-8e4b-4cd2-94a4-87857ea325e6,2024-04-12,2025-04-13,1966-05-26,eo288,JS978,4162.93,M,35446,CA,Orthopedics,Jennifertown,Approved,Inpatient
,300d5668-81a2-404a-94b8-b261161b1f27,384b4bc0-7651-468b-93ea-a415c29a841a,2024-02-21,2025-09-21,1940-02-13,Gh774,UH728,2642.09,M,96930,MT,Pediatrics,Kleinside,Denied,
186b7d3d-8f43-4d5a-bbe2-2f84d404eef7,ed082071-6244-4bec-8879-2c14b6599e86,270433fa-e0e7-4042-99ec-583306c704c0,2023-08-18,2025-03-12,1980-04-09,Hb928,xC026,2875.31,F,40835,SC,Orthopedics,Lake Patrickhaven,Pending,Emergency
3cadcd29-852a-4d32-8c7c-598eecf161d9,,96534710-e99f-40ff-b243-7f271982215a,2022-12-23,2024-09-08,2001-12-10,es033,os318,3033.94,M,57499,AZ,Pediatrics,Walkerfort,Pending,Outpatient
973797bc-db04-4ceb-8aa8-37e61a2d1d0d,ca91a192-2930-4d24-bbcc-faa09b734ce5,af518f4f-0b5e-45ec-a639-231e12cbce98,2023-02-01,2024-02-09,1935-11-12,ni175,GR026,6157.34,M,94789,FL,General Practice,Philliphaven,Pending,Inpatient
8ca38e4d-eda5-4b7a-ac13-5f1fbab1af00,03bd1ad7-4cdb-4d7a-a2d8-2b03d4315b97,f85f3f28-b633-4a54-9d84-7a07825d1f28,2022-10-28,2024-03-27,1974-05-24,RQ786,Uc089,9101.28,M,64530,GU,General Practice,,Pending,Outpatient
c05688fa-c094-4d64-9c3b-fa718d57ff6c,7eff4e67-03da-49e7-bbcb-f0e81fd5029e,eb6ce87f-b44b-4eab-9bc8-6520d5e876ee,2024-06-16,2025-07-28,1955-01-10,IO335,qy991,1115.42,M,22257,IL,Neurology,North Patricia,Denied,
6e3b0a99-259e-4ba4-9476-444aa09c439f,292c353c-530e-431d-aad8-ada79918037d,ac254e98-8d81-4a38-863f-800251080a85,2022-09-26,2024-03-28,1941-07-23,Mj230,cQ693,1742.95,M,42635,HI,Neurology,Toddside,Denied,Outpatient
,ac2527a8-d98a-45a1-936e-850ad4c4ca4d,0fcb083f-84e9-4d39-826d-33f3e040b9bc,2024-05-21,2025-12-03,1945-09-03,oV689,fv288,2605.71,M,87138,VT,Pediatrics,Kimberlyview,Approved,Outpatient
f9ab45d3-0648-444d-930d-132129d48fec,56704449-2f44-4e02-8ddb-d7ff69ace90c,a92d5e76-9b86-4508-9aea-f096f9742e6a,2024-02-08,2025-08-31,1947-02-14,lG814,Yk845,6917.45,F,17427,IL,Pediatrics,Michaeltown,Pending,Inpatient
33d2c619-cf6c-4bff-a47e-cef8f77c0159,88d25f6e-c19f-4eff-aaba-3cfb227eab6b,dd46de7f-9f63-415f-8d2a-60dd8eebe2c8,,2024-08-13,1952-01-06,Tk835,qb909,5481.17,F,73539,MO,Neurology,Port Annfurt,Denied,Outpatient
20c4ff5f-0b4e-45a3-8074-87eb98c74435,4a660899-6ee6-4003-ae09-73f23d7ea985,4e7e1a13-77c9-46aa-aa5c-1ded8f8a4ce9,2023-01-02,2025-08-31,1971-06-08,kg956,sS475,4271.43,M,14904,,Neurology,Kevinton,Denied,Routine
431108e5-8312-4545-99ce-87ad0b779e97,024de321-1103-4f29-81dd-847ac53b4934,77075dd5-f7a0-44d4-9e3d-b77ec4df0104,2023-01-13,2025-11-09,1982-03-17,SF357,KL859,769.36,F,07003,,Neurology,Williamton,,Outpatient
c90e234a-ae6d-44c0-b36c-f430a4eedd9e,83a752eb-a1b0-4e55-95f7-4ab48f1a24d2,ffdd20f3-ee93-4b50-b87f-a12ea046fd13,2023-05-23,2025-06-18,1967-04-09,Xl141,xt402,3432.38,F,68211,MO,Orthopedics,North Rogermouth,Denied,Outpatient
280468a2-eb86-4f86-8fa0-c1d53adb7795,1acb3e32-533b-4f2e-a78c-a74c9296490e,78b30d22-a966-43e3-a346-9071d7f3aced,2023-10-13,2024-05-19,1963-12-10,iE371,DH184,7070.39,F,47835,VI,General Practice,Lewisside,Approved,Inpatient
d1bd9b0b-f779-4197-98e5-e99da8c41b2a,738710b8-1716-4aa2-88d8-4cad167fd7f2,74c6d2e2-eaff-4b1e-b0c7-37bfb9cda760,2024-02-13,2025-03-14,1998-02-19,La050,Ho962,8457.7,F,78833,MS,Neurology,Petersport,Pending,Inpatient
317f0978-da8e-48ef-a820-af271f9e96f6,7002dd04-e4a8-4dd4-ba74-05b57d76c9d0,35912956-41ff-4178-9f54-a3745a5be71e,2023-08-08,2024-05-18,2008-05-15,kQ455,nf527,8196.56,F,06394,MI,General Practice,Reillyville,Approved,Outpatient
dcf29432-23fa-4f6b-9005-c19d2d050dff,02667d3b-c37c-47a6-ae9f-1db9796c7f6f,52c7e3e8-ff73-4187-a207-7d720becdf3b,,2025-10-14,1998-12-06,VP817,pM165,611.65,M,52811,VT,Cardiology,Lindachester,Pending,Routine
140608a5-5960-4d78-b76e-a113c82b938d,8e7c98e4-3797-434c-b81c-62b472a6b4fd,ba66c797-f619-40a5-b7d8-59a6820c8a39,2023-06-11,2024-04-05,1979-06-02,tN589,lM702,504.6,M,43761,NC,Orthopedics,Bowersville,Pending,Outpatient
981c2e19-d137-4d8a-8aee-8b2abe6eace2,,9eea87e8-7a26-4afc-88df-c56cb61e34c4,2024-04-18,2025-08-13,1954-12-08,,mp802,4927.52,M,71726,AR,Pediatrics,Kristinahaven,Approved,
28991ac1-4836-475d-a8c0-2c947c89a13b,def74709-8257-4e62-b91b-c9eef29ace07,c452e407-b839-4b51-b64b-7689ba00eae7,2023-12-18,2024-01-22,1978-03-30,tq341,kl099,6171.59,M,54547,FL,Cardiology,New Daniel,Denied,Outpatient
7c53ee66-714b-4bd7-beb6-25ca6039011c,245b3381-8269-4c49-8cdc-6c6df164439e,,2023-08-09,2024-09-04,1942-08-24,ev384,ln077,,F,20930,IN,General Practice,Lake Phillipchester,,Emergency
88aee2bd-4001-4cc3-aeb6-a3db1bc9962d,149e4273-a44e-419c-b5b3-ea68aaef2842,22fa1548-e65b-4718-ae18-0e6340b5972e,2022-10-03,2025-01-06,1989-08-14,la642,Nx846,8341.18,M,05282,OH,Cardiology,West Christopher,Denied,Outpatient
f8db0c3d-2414-4d98-a17a-2a5651f43d8d,b0f1f66e-6f25-4cde-abfd-f58465c30b95,827718bb-1185-4b43-917a-7c547a60c7f5,2023-06-19,2024-06-21,1983-03-14,Uv160,qO537,9010.82,F,50302,HI,Cardiology,Poncefurt,Denied,Emergency
7be5ab6e-33ef-438f-98d2-11467c74420d,ad2ab7ab-c4bc-4103-ac13-fbbfc6ae9f42,a0d8c32a-cd2d-4944-a9c2-b399da02005a,2022-10-29,2025-04-19,1974-08-13,kK153,Yi599,601.16,M,34504,NM,Cardiology,Estradabury,Pending,Emergency
782e2502-ce1e-4407-8782-6d51db0617e6,f5cf4d5e-cfd1-428f-8238-5a705de97fe9,10992ff7-633a-4daa-b8f3-b0d72437b369,2022-11-03,2025-08-26,1963-05-21,zy476,Yz931,,M,98015,,Neurology,Port Michael,Pending,Inpatient
4c24b1fd-4a13-46e4-962d-6db03589f552,2afa028f-4c19-484c-a6ed-f9b7f76f2c56,80877671-f4ce-45a5-9932-bda74916d8fc,,2025-03-23,2000-12-11,IF356,EZ405,7793.75,M,71131,AR,General Practice,East Jerry,Pending,Routine
9ac246ee-258f-4ea4-a11c-fa743d718dfb,00236546-ccac-4607-aef0-f22518e0e459,c190350e-cede-4600-ae33-ed5b6b7825b9,2023-05-27,2023-05-28,1936-01-07,gG891,Ll701,9091.83,M,57080,GA,Neurology,Port Stephaniefort,Denied,Inpatient
8563619c-7982-4077-a601-a92cc1152b09,f16cadaa-9c69-41d5-b6ed-ad05e9f9e8ea,ce2550c2-d469-44e0-945a-ca6ea78a364a,2023-09-26,2024-04-15,2013-02-23,,Iz020,9251.52,M,28514,ME,Cardiology,Wilsonport,Pending,Outpatient
81b0c428-ceae-4be9-8a75-ed4f5b357569,,b5dc86ab-03f0-4529-b1a8-4df6f5613832,2023-02-17,2024-05-30,1963-06-18,QG052,vB039,3868.17,F,74070,CA,Neurology,,Denied,Outpatient
74cc55f1-9967-4201-8774-a6f2a02d0aaf,,bf21cfd5-1d6e-4bbf-bd2b-438a83cde359,2023-03-22,2025-09-03,,uR038,nR683,7786.83,F,78442,MP,Neurology,Conniemouth,Denied,Routine
9038a8cd-434a-4479-a3f5-f21182f5d78b,ecbb38c8-bbb1-44e0-989a-199e2b29c28a,e0b06566-012b-49dc-bc90-76955b5c86c0,2023-12-09,2025-03-24,1991-10-22,dA012,wA823,6575.91,,17153,RI,Orthopedics,Barberchester,Denied,Inpatient
2ba1160b-32b2-4cb6-9d55-2cba62be14e7,8af93dba-47ba-425d-aa38-016521523ed0,4e64bc8a-a2b4-48f5-81b2-c316c3b3f47d,2022-12-17,2025-01-13,2009-08-11,mP729,Xc344,9654.68,F,88760,SC,Pediatrics,Port Bobbyshire,Pending,Inpatient
b619e1e9-5a31-41a0-a1bb-0ce23514eaec,56b6a4a5-3975-4381-b29e-f83b879dbffd,7b314234-6bb2-42a2-a6df-34e6597c7236,2022-08-05,2025-06-27,1946-04-20,xi639,Gc395,5162.29,F,97488,ND,Orthopedics,North Jessicaville,Pending,Emergency
2007b139-9e11-4ab6-b740-c60bb7c68300,e05dd4b8-3ed4-40a9-9dde-5380f841c784,ae320893-bfd2-4e5e-954d-6907c2bcdecd,2024-05-07,2025-10-22,1970-04-06,zt955,,8020.03,M,73983,WI,Orthopedics,New Vickie,Pending,Outpatient
f17d8084-9798-4f67-88d1-677e044e3a36,aec53cc9-615a-4986-8738-06f89b6f7d34,05c8b41b-74f5-43d4-b956-47199cbaa6ea,2023-05-31,2024-10-25,1943-01-13,qg573,yh658,9021.46,M,88953,CO,Orthopedics,,Pending,Emergency
7ebf2405-c8ba-498e-a13f-0c79b5bf19bd,d7740c8d-a4ff-43a6-b8f6-1b76f2b52ecb,0ea1406b-4692-44a8-98a9-f6314def2a8d,2024-04-02,2024-10-09,1965-03-30,Gt662,Or126,1997792.57,F,54094,TX,,Lake Hannah,Approved,Routine
0c9c94fa-c5a8-480e-a9da-98e43f21c3a0,2014e6ed-8690-4a52-9dbc-f29fcf91ca42,ead25a3e-f2f1-4d0d-acf9-af793bcc6197,2023-01-31,2024-10-14,2015-06-17,dX518,uK731,1817.61,F,91856,TX,Orthopedics,Alejandratown,,Routine
f10b559a-8df5-4089-85ec-065bddaaec04,a0aad902-4766-4e36-9e72-63235e1367f2,bca3afbe-403e-4629-9351-d5eb10188266,2023-09-26,2025-07-09,1959-05-24,jR393,Go686,7001.64,F,17975,DC,,Valerieton,Pending,Routine
eda9a54c-e5ed-4ad8-a98f-aad95c870385,14c808b7-5230-4012-b947-356d6b9abf3e,f555cdc3-d32d-43cf-b562-ca33b57257c5,2024-03-10,2025-05-24,1968-04-07,Cj950,kl254,2357.99,M,10240,MI,General Practice,South Joshua,Pending,Emergency
0fec9773-b7f1-4285-9f0c-82c5d6849691,986e1075-e245-4454-8b7d-c2725268d151,b9c91f5a-ac8b-4452-96b0-4a45e9956bac,2022-11-11,2024-12-21,,HZ256,df436,3840.61,M,,SD,General Practice,East Margaretland,Approved,Emergency
96123e05-e14b-4c97-b377-9d08dc4b46af,13826249-9c18-4333-9ede-1f911d9e7af3,73cc314c-f5e4-450f-880f-84f219d011bb,2023-04-08,2025-07-04,2005-06-03,Aq020,qV159,1511.31,F,75446,HI,Cardiology,Moranport,Denied,Emergency
cb1d9e71-708f-48ea-a234-3daa97f25399,,9e5ec244-994a-4883-8ade-145dab66ebf6,2024-05-31,2024-07-13,1990-11-08,MC457,,2377.09,F,40844,RI,General Practice,North Michelle,Denied,Inpatient
e6847563-0a80-4738-9094-97ff12c0e013,fc37d07c-9d86-4d1b-9a37-893acc9e7198,45f5a578-95a3-4020-aec2-9286a5e3c390,2023-04-17,2025-06-05,2024-04-16,fb918,KN779,8201.97,F,02520,DC,General Practice,Courtneyville,Pending,Outpatient
bdd559f9-2f51-41d7-b6ac-391a77ea440c,0798facf-4a76-44eb-93e5-b0be618411a9,5a373338-7b7a-4564-acbb-309a3307f4bc,2024-04-09,2025-08-15,1997-06-21,,JP794,6011.84,M,85171,GA,Neurology,Leslieshire,Approved,Routine
ecc1729e-9594-4e4b-92fe-7d957d00b95d,02db17e0-f6d5-4107-aa9b-4d9266b233dd,387edc54-d655-4bf0-a60b-a2108d8868a6,2023-05-11,2025-02-02,1939-01-10,wt164,ZP789,2896.48,F,52765,NM,Neurology,,Denied,Emergency
dcdd4676-a703-4c98-b632-e3ad70e0aea5,6c41b846-7c76-46ac-8e0d-6a85bc8f9fbf,fd350b27-0dd8-48ae-a1ac-0f0becfccc72,2023-05-15,2024-03-15,2015-06-07,oG307,SR523,5112.03,M,02153,AR,,Joneschester,Approved,Routine
a36fee3e-33f2-4ea3-af93-a77149b5198a,b63bf18f-a46e-4b90-9975-d5240a2f795c,51466225-9b21-4afc-ae84-19f9300fdb63,2023-05-02,2024-07-07,2007-12-19,,aN509,9510.26,M,04490,OR,Neurology,Lake Maryberg,Approved,Outpatient
1dc32907-23a9-49c7-9b9a-019cb7f809c2,b8f936f4-afc5-495e-ba34-818b02d276a1,dfa4b216-af56-4bc5-91a1-9df5ffa40cdc,2023-03-17,2024-07-21,1977-03-09,Co515,Hr396,4066.97,F,11379,OR,Cardiology,Lake Katherineton,Denied,Outpatient
1a53bab4-a8e6-4386-90eb-9db1b26dabba,8902647c-71bb-4f95-906c-29491a6ef305,d11a9527-f810-461b-9d9c-f145a1213f94,2023-09-13,,1987-01-26,FM233,xu596,6040.2,F,66676,NY,General Practice,Lake Courtneyborough,Denied,Routine
fcbebb25-fc24-4c0f-a966-749edcf83fb1,327f43ad-e3bd-4473-a9ed-46483a0a156f,422e02dd-c1fd-43dd-8af4-0c3523f997b1,2023-05-30,2025-07-03,1974-03-23,tD052,mH831,9512.07,M,87010,TN,Pediatrics,Beltrantown,Approved,Routine
60d75034-ae05-4642-a9d9-ecfafa1ae7f4,3ae84367-bb4c-4b9d-a7c5-11270acff394,21efb83c-3025-417b-bf27-185169195e55,2024-07-06,2025-13-40,2009-06-26,yZ586,gm512,1342.31,F,54864,NH,Orthopedics,Alexandermouth,Denied,Routine
1dcd6c31-1fcd-480c-84fd-af76804fdc43,2ccec6d1-fd35-48f8-91f4-6db1e465e6ef,14f6b34e-72b8-476c-b500-e68350bb9189,2023-07-08,2024-03-03,1971-11-13,Cu310,gH311,,M,10364,AK,Orthopedics,Shortstad,Approved,Routine
82c3b308-2a4c-47d0-9d68-92d120670591,8322e8af-0669-4b3c-a7ff-36b7fef00172,66dbf2df-b93f-4e57-ae81-23b77a06fa32,2023-05-25,2024-11-30,1975-01-14,ii142,Ac746,5749.04,,40534,MT,Neurology,Kristaville,Approved,Outpatient
c31a8c99-4539-43c4-ba73-d2506a746328,33dcdd02-c72a-4c7c-bbc7-aa12e68824d8,8b29f8fc-ca6b-45ac-b868-7b71335fa743,2024-01-01,2024-04-08,2002-08-10,ZE933,Uu929,,F,,UT,Cardiology,Delgadomouth,,Emergency
9386229b-d22c-49e3-bd62-1ba9652655b9,dab8a80f-c0b8-4951-a9b9-3f0cc4e4af11,a18aa6a0-c635-4882-9ef3-5e54e7c61072,2023-04-17,2025-01-30,1938-12-02,Lj503,dg267,,M,16772,AR,Neurology,Port Jennifer,Approved,Emergency
52666fff-7dcf-4875-ba5b-2cda71b98e06,ae4172af-204a-4421-a86d-5c164c9389fc,,2024-03-17,2024-06-26,1937-08-03,In733,fR412,8025.81,F,05871,NJ,General Practice,Howellbury,Pending,Outpatient
cb953de1-d68c-46e9-a955-22116b6d9642,ebab7ba3-dd20-49c1-8ef6-87284d3a7b35,102f7854-cb4e-4bfb-8114-d7460ea9b82d,2024-01-07,2024-02-04,1959-06-06,Xc068,vH534,4102.47,M,96625,AK,Cardiology,Barnesville,Approved,
2ffd0b8a-2379-47a2-8884-e2380515c029,60a235d6-7eeb-4eec-929f-19a766370ebd,e85b791a-eb24-4f8f-8aed-bfea442cc052,2023-11-19,2025-10-16,1954-03-29,rs523,,859.9,,34172,NH,Neurology,New David,Approved,Inpatient
7512d802-0329-4dcd-8b36-7c31306b5e79,32443bdd-030c-4c86-84f9-127bd195a242,4a4b46ee-6ff6-4443-bd7a-378b381693bc,2023-03-21,2025-06-19,1941-08-23,,eT700,4971.95,M,24969,MO,General Practice,Lake Jenniferstad,Denied,Inpatient
93a6220c-31b8-41ec-b02e-ca5841cb0bf5,d160ac92-9570-492c-bb1b-cd47d0b0eff5,,2024-04-13,2023-12-21,1999-01-02,Vy506,db799,463.54,M,30547,GU,Neurology,East Carol,Approved,Outpatient
4e903048-b974-41ef-89f1-ff4153c7e03f,2bbad71c-3b20-45b6-b689-e8a03eba7866,c7208d70-b9dd-4b80-811e-eae36deb8fa4,2024-01-10,2025-04-27,1993-12-14,zl253,Am765,783.18,M,21395,,Orthopedics,Lake Jason,Denied,Inpatient
5dde3877-8bf5-4b0c-a706-f61bdcdbedcd,e42b737d-1517-451d-9299-0e801a2d8e97,a000712b-9121-4706-afdc-435a6e9b7eef,2024-06-13,2025-10-01,1953-12-08,MC065,CI375,3650.35,M,60451,KS,Cardiology,Jessicaton,Pending,Outpatient
017ae73e-dc52-4732-812e-3f2846fe8889,f0c26796-61a3-4997-87bf-f44b759d605b,81cec763-cf37-4c8c-92c7-bdc055cd01b0,,2025-11-18,1945-08-29,JG086,FN186,5701.92,F,48276,PA,General Practice,East Greggburgh,Pending,Outpatient
30d94651-8786-4734-bff1-79b566365e2a,ee9a4119-3214-4582-b1c1-1f8dd88aaf21,49d1c152-5208-451f-a401-0522555c66ac,2022-11-16,2025-06-01,,Ht167,SL313,7404.91,M,33767,HI,General Practice,Lake Jaredfurt,Approved,Outpatient
,,c8d5d7b3-a406-4817-a784-10842eb1f079,2023-01-16,2025-10-31,1955-12-18,KN133,zo262,5991.27,F,07161,OK,Pediatrics,Armstrongfort,Approved,Outpatient
f312b8e5-0aea-40e3-bfd1-3c5280b76667,,3801808c-f668-4634-b87c-e78679114e5f,2024-03-12,2025-07-11,1981-03-31,Yi538,wj451,794.07,M,54934,HI,Orthopedics,Mannmouth,Denied,Emergency
22eb07ae-48a1-4b21-8982-61627ff8a0f7,e568380b-9d5b-4701-893e-69055a20d1e6,3c686018-ee73-4a13-aef1-9e5a9d0992ea,2023-07-10,2025-02-02,1976-09-02,Pj246,uD284,5445.86,M,28942,NV,General Practice,Port Justinville,Pending,Emergency
f1027e36-3eab-4a11-8643-2d2a44bc8f09,90eacd12-d935-4479-9956-72738fb31885,c8f10bf5-3220-485a-ad3c-71686ce2f45e,2024-06-21,,1944-10-07,NO096,,8683.61,F,25983,NY,General Practice,West Jasonhaven,Approved,Outpatient
4ed1d71e-7372-445a-986e-1c2369464c5a,400901e3-b018-431f-94ae-69e723113503,6fb18008-213d-4ee9-9d6d-4c9df2b6692d,2023-10-23,2024-11-08,2012-07-03,yK315,TP933,690.21,M,69146,OH,Neurology,Dennisland,Denied,Inpatient
e0a5760b-9c3d-4030-bf29-700bdd05c115,5b5aeaf0-e92c-4c3a-aaba-8c125b598c00,57e179af-e7b6-4b93-97f3-60d494a70199,2024-01-26,,1966-08-15,Wp652,yV569,2054.96,M,45435,ID,Orthopedics,Michaelberg,Pending,Inpatient
cdc15c18-10c8-4263-8400-0865a23ab7bb,3654f317-7d66-432b-ae3b-892613f44807,2e2f801b-d9c2-4829-a7d0-98c12e71d7a4,2023-02-19,2024-01-10,1982-01-28,Ox761,SO766,5281.67,F,98071,KS,Orthopedics,North Joshuamouth,Pending,
f80d17a8-9090-46cd-821e-9f9303e3c840,e7cf912b-71b8-444e-a59d-9e083f4a3a3e,7c5e8c10-168a-4197-a6a8-d39ca81b42c4,2022-10-19,2025-06-12,1949-04-10,Oj426,hQ643,4169.18,F,88625,,Neurology,,Denied,Routine
ee2dc10b-8eb6-4d36-9410-6fc9a1f90be4,9bcf11fb-4641-4244-908c-a6d2cd5ce15a,298def33-3a19-420c-93cf-4369ea411e34,2023-12-31,2023-12-15,1987-06-25,VV444,xv670,5872.99,M,56010,MT,Pediatrics,New Phyllisberg,Pending,Emergency
dda67e84-ed5c-4c47-abe3-f720eedfa437,2287d81d-b295-48c1-aef7-9a064ba44fd9,bbd79eeb-258d-423f-92e6-9b50bef78841,2022-07-28,2025-09-22,2002-04-28,zW533,IG592,7611.88,F,05839,FL,Orthopedics,Larsonport,Approved,Emergency
4abfdde3-8376-4f5f-bb80-d2efdb8323ed,b7626d0a-17bc-4037-b503-6bba5cb5453a,1b721f53-19e4-4feb-89f4-8fa6944691bc,2023-02-03,2023-12-12,1970-07-05,JB176,zx201,3349.51,M,75691,IL,General Practice,Tiffanymouth,Denied,Emergency
470c7fab-4cde-4182-8ae8-40e609abecd2,a1ae1368-8501-407b-ab0a-b4244fb75bd9,cdf87d9b-de4d-41e9-9721-b48d7e3d7ab7,2022-09-02,2025-05-06,1982-12-28,LA946,sl971,7356.7,M,32807,FM,Orthopedics,Gilberthaven,Denied,Emergency
831d8292-3945-4787-94b6-7f4492b7ca4e,2f91f87e-e2b3-4081-a13d-7d5f5dcbdfb8,dedfd7c9-2d65-4591-b32b-1577aec7666f,2023-12-14,2025-06-07,1982-12-03,cg513,tv505,6599.14,M,90614,OK,Cardiology,Taylorfort,Approved,Outpatient
8bcd1b62-e9ec-40d4-bb3a-abaac8490525,34e10970-a153-470a-a479-88b2a2edc59b,50d23a4e-4e5d-4855-bcc3-a16528364add,2024-01-06,2025-10-28,1947-09-18,dZ270,hg512,8262.27,,53735,AR,,South Christophertown,,Routine
3e9b37c5-076a-44c2-832d-d5b4b3cabaf4,e58c9d97-c831-4941-be61-e12e291529f4,5f5fdb1c-575e-413a-b4ec-2f33f7d8a5f6,2023-07-09,2024-08-22,1957-10-01,eG390,rq213,4025.77,,78266,AL,General Practice,West Susanport,Approved,Outpatient
821803a0-229c-4103-95e6-cc20efaeab4b,2e08cc9a-a6f4-4487-9ca1-5cc58be9719b,2c034128-aa2b-43fd-b005-772dc076c54c,2022-11-10,2024-09-01,2009-10-29,oW764,WU621,1039.69,M,09989,OH,General Practice,North Mark,Approved,Outpatient
9d97b6a3-2c6c-4098-aee2-cb666cd68c3d,,4010ca90-a261-45fc-9847-546939cf0bbe,2024-01-23,2025-03-24,2015-07-16,nR757,oI002,3544.62,F,45531,AL,Neurology,Port Heathershire,Pending,Routine
,0e906810-b0ae-4d04-be5b-e92a614a068e,3c7ab98c-90a5-49b8-98d3-0706e4e86c62,2022-10-02,2024-06-11,1961-12-18,Mw410,Fv261,5487.57,F,03678,NJ,Cardiology,Ashleymouth,Pending,Routine
d045ec81-0709-48a1-b826-ab4eaf3deec3,c00304f6-098d-4865-86aa-54198501207c,eb2fac0f-cebe-42f9-ab8c-038bd07a24fc,,2025-11-28,1935-06-11,iF047,MY762,2356.56,M,92791,NJ,Cardiology,East Toddville,Pending,Inpatient
adc102bf-1d16-438a-af3f-00f5f56f61f6,54eaf6e0-a5c8-4ad9-ba5a-62db1beff3fa,bf31f3dd-4a26-4f79-b204-053c08663fd2,2024-02-20,2025-03-24,1971-09-23,rL419,gB825,4576.77,M,,,Pediatrics,Port David,Denied,
817e42d4-ebc3-4d9b-82ef-1bd0fee801bc,156d0b30-de9b-44d8-8764-b27d85184196,fe2c544a-3437-43c2-be43-d6a6f0231f16,2024-01-26,2024-08-22,1999-05-03,aV678,rs744,1040.16,F,31862,WI,Cardiology,Hannahtown,Denied,Outpatient
9f07acd4-f1b0-4ac7-b3b1-1973b68ccd94,860c20dd-38ac-4701-9378-150aa8e19141,a663ad7d-9e00-4267-a195-fd859c4ff3fc,2023-04-05,2024-12-21,1992-03-06,rE602,WY704,5918.92,M,82027,LA,General Practice,Port Devinberg,Denied,Routine
1cd66db6-b357-4adc-a4ed-4a49e3ef0372,4ce7bb47-bfda-4bb3-aac1-49a2aead8c14,b3fc8e84-25ae-46ec-935c-5556ec9ff30d,2024-05-11,2024-10-30,1956-03-21,sE541,XW786,4572.22,M,84440,NV,Pediatrics,Baileybury,Approved,Routine
4f77a3d9-1721-4b06-9945-dcc2ca61ed47,df13f3b5-d47c-42ea-adc6-738718a6fc7f,1af09acf-0fd3-406a-bbd7-b1083ab06ad0,2022-08-21,2025-06-14,1998-01-15,gz024,Ws863,2342.56,F,77167,MO,Pediatrics,Danielchester,Approved,Inpatient
fb21f576-ead9-464c-b37b-50d161399927,81127bb6-e1f4-4007-bf5d-3ee96ce7cee4,1d22e652-ab2d-4b76-9b71-87fe295fd97f,2023-04-01,2025-05-17,2000-08-12,Df473,Tb292,4592.52,F,17970,,Neurology,Sergiobury,Approved,Routine
8f3802d5-a622-49ca-9d67-9f632442b758,e1065246-deaf-4d09-b669-777044be560a,6010cdcd-2b3a-4a4d-aede-5472503570ae,2023-11-06,2024-10-27,1966-08-11,yE184,Ch741,9448.24,F,93971,LA,Pediatrics,West Samanthahaven,Pending,Routine
89ea7899-0ed4-4d6e-a785-0bb27de21475,798b1365-325b-46a0-b772-64337470e631,1c02a0e8-0b40-40de-97fd-590110093cb5,2024-06-21,2024-06-07,1975-01-30,PO342,ja385,7602.68,M,18618,ID,General Practice,Brayside,Denied,Emergency
aeec01b0-6033-4ae5-bac2-376ba8114f30,e5efb974-f5f6-47df-b383-77d4e145f336,925be882-3efe-426b-8244-76c953323e74,,2025-03-29,1960-06-06,jf204,Qc266,5630.56,M,21336,WV,Neurology,Wendyhaven,Pending,Routine
0bb1fdd1-01ee-4f4d-956d-bd442f5a3471,55a0f980-5215-4943-b81b-8676f2e5da56,96afbad7-9200-4270-82c8-96aa030307b6,2023-03-05,2025-01-29,1976-08-15,pk561,nx468,9758.54,F,22263,DE,Pediatrics,Port Monica,Pending,Inpatient
80e5de81-c23e-4dbc-b16b-099d52143433,12122b70-7bba-42ce-9732-6de3892ee597,57e6861e-56e4-414e-a018-f1722734442e,2023-09-10,2025-06-29,1945-09-01,aa141,Lb551,514.96,F,86530,FL,Orthopedics,North Todd,Pending,Emergency
64055573-fab4-4ae7-a2de-3306cecdb5d1,0c013ddc-75c2-4a7b-b8d9-b63a2fe3674d,81badbe6-3be5-4585-9f05-7a5de1141334,2023-02-08,2025-11-26,1950-10-15,nh245,bf258,8731.94,F,46323,WY,Orthopedics,Lake Gordon,Approved,Inpatient
98592e2e-f1d4-4769-a22b-2ba16b21366c,8f9f6d47-2a5d-4ba9-b5f2-56c422a97b48,b8901d0f-ff9f-4fbb-aa03-1ffa3a79193e,2023-12-20,2025-09-11,1938-12-22,VU238,hy408,2928.5,M,74766,DC,Pediatrics,Smithstad,Approved,Inpatient
74b082eb-c6aa-4a2f-9b8c-8f8136cf1d5b,764966b8-e57b-4167-a35a-f1d9e969c246,1828daa1-b921-44c5-8600-d99e80784d10,2022-09-24,2024-01-16,1959-10-13,Dc153,WB049,1613.31,F,13794,MA,General Practice,Briannaberg,Denied,Routine
09a6e338-7289-487d-bdfc-871ab717ec6f,6c522f4f-7863-4bbd-a047-8b20f39a8eb9,7783431e-0fa5-4f9c-8550-01233184e397,2022-09-04,2025-07-15,1940-02-26,SZ840,,9918.92,F,88074,NH,Pediatrics,Earlmouth,Pending,Emergency
e685a22e-8d91-48d3-9f8e-70e5bbcd8397,43a89242-a83e-4029-9149-743128f73f23,99f4209c-dfe9-41a6-8d68-d5302727f4e3,2023-12-17,2025-01-22,2006-01-04,Ga495,cs260,8448.93,F,82111,,General Practice,North Michelle,Pending,Inpatient
f2b07e4c-b513-4401-9551-7c5c63c1c1af,523dfddc-44fa-4849-902f-cca0cb4522bf,cc5404b1-0b6b-4e07-8d0e-5ecee7a1be9d,2023-01-08,2024-07-28,1953-04-23,Xn167,zq429,6408.29,M,87742,AL,Pediatrics,,Pending,Inpatient
79c19f50-0b1c-4e9c-b105-ece263762781,026ffcf6-fbab-4279-87ad-7e692452df6a,4f07ddcd-f350-48ec-8c6e-625379ab8354,2023-05-13,2024-07-09,1972-11-13,pS867,Nt550,7532.62,F,37961,IA,Neurology,West Stacey,Approved,Outpatient
605e0d57-8829-4e60-bf8a-d457fb43bf9d,0a8dcc76-68f9-489a-841a-65fa5cc0b3d8,2d975425-6a97-4d34-979c-a1667fc54770,2023-06-07,2024-04-15,1983-09-06,uI442,xY784,926.29,F,05371,UT,Orthopedics,East Loganchester,Approved,Emergency
1107c2f3-a03d-40a0-aed2-bc317211af34,f357312a-21df-407d-baf8-0ee8699a921f,ff797c6a-680e-4048-b471-1abeb3dcee57,2023-05-21,2024-11-11,1997-07-02,jY325,yi334,9874.63,M,59193,NV,Orthopedics,Sarahfurt,Pending,Inpatient
a099a569-a1c8-4f01-9409-1ba309c8ff1a,645c2507-14b8-492d-a264-db861754d61e,45c65cd0-e2a5-4892-af81-4246b73e3f92,2023-01-19,2025-03-16,2000-04-27,sT145,JB682,4812.9,F,38724,FM,Cardiology,West Benjamin,Approved,Inpatient
60d75034-ae05-4642-a9d9-ecfafa1ae7f4,3ae84367-bb4c-4b9d-a7c5-11270acff394,21efb83c-3025-417b-bf27-185169195e55,2024-07-06,2024-06-02,,yZ586,gm512,1342.31,F,54864,NH,Orthopedics,Alexandermouth,Denied,Routine
08ec79c1-c940-494f-ae5e-0d864b7ce4b8,eaa2c55b-90b8-4e77-801e-9dc853e28780,caf1f6df-b604-432e-94c7-76c3ec5ec429,2022-10-14,2023-12-07,1999-08-01,kr595,mi585,9105.31,F,97051,GA,Orthopedics,Lake Troyland,Denied,Inpatient
69791d5b-c6bc-40f9-a6b9-2c254359d8be,46ab40c7-5e39-4fc5-91e3-480cdf696624,ba39a0db-932c-4733-9da1-b42b009badbc,2022-09-18,2025-07-05,2001-05-23,RC976,Ha948,2806.73,F,55258,AK,Neurology,West Elizabethside,Pending,
,7ee5a02d-8339-47e3-b10b-fdf6dd26e29f,58f60460-28a8-4f4d-a9ea-31262b194a4b,2022-07-14,2025-10-05,1944-11-06,hO387,MR242,544.62,M,07067,AS,Pediatrics,New Annefurt,Pending,Outpatient
246c5805-c50c-4db1-855c-f1998cea937f,e616c1f6-8808-47f8-a4ef-048a82c69605,1da32c72-8029-4855-beba-a01f5cac17d4,2023-02-08,2024-05-15,1966-04-17,Tk262,ug093,6970.09,M,93659,VT,General Practice,Port Craigton,Pending,
fddac1d0-42f4-435d-b61a-845191176048,10c92a9d-5280-4fd3-96d8-21912388fe4f,80a66e94-b69c-420b-84d7-70275e38b7fb,2023-03-12,2025-04-27,1964-11-11,qj738,ej475,3033.45,F,78643,CA,Pediatrics,East Albertmouth,Pending,Inpatient
3df228dc-ef23-445b-bc6b-4a5c898ba701,7abbbb7a-bb48-4b37-b13f-686cb66552fd,59dd5073-a379-4495-92cb-4acfd8e62588,2022-12-28,2024-11-15,2006-02-09,jD975,FO727,2227.91,M,13840,IA,Neurology,South Brittany,Denied,Emergency
fa0b09bc-7f3f-4680-a248-267abb6911d7,f7bfe634-a7d3-451a-9094-3e148fd67e11,a1ed8816-b6c1-4b60-aa4a-b88ac4de4b0a,2023-09-20,2024-07-25,1948-01-28,NB124,hV095,9881.56,F,84769,AL,Cardiology,,Denied,Routine
30f7bfa9-ee44-4792-93ea-eca155f996ed,25557b8e-3c1e-45dc-b167-beaf823c4949,320d1bf1-a00c-417e-ae67-c7178bcc30fd,2022-09-18,2025-02-04,1982-06-09,XA407,aV851,-1939.47,M,53657,LA,General Practice,Matthewstad,Pending,Outpatient
859d1edf-facd-49d3-96a7-38228c8c1987,4c419477-4e83-4a16-9ae0-3497b248007c,2ff645bc-e833-4f38-b869-cc0c941a93ac,2024-01-28,2024-09-01,1966-03-17,fx485,Lt098,5225.35,F,03736,CA,Pediatrics,Jessicaburgh,Denied,
c7e1c6a7-badf-4e2f-8bf8-62691d28236d,61199fbb-c6cf-4e04-807b-06837bfc53e2,927fb344-c3f0-4841-96cf-57f470936617,2024-02-29,2025-09-08,1987-04-14,YK258,tb761,3420.18,F,86503,IL,Neurology,South Nicole,Denied,Routine
01b6c705-a20c-4642-9901-484c4ed8313f,99e7f423-04fa-4d06-953b-90a22be4353d,d10a8c44-06e3-464f-ab67-1acb7c77c4ac,2022-09-04,2024-05-16,2011-04-23,Bg503,AD518,7329.2,F,80124,IN,Cardiology,Jasonburgh,Approved,Inpatient
4f46b0e6-8e0c-453b-b939-2f16d4624e5b,28832add-aa99-408e-baf0-8088714176d9,43a97bed-368d-4f7b-9084-837cf7edfe72,2023-01-11,2024-06-09,2007-03-23,Om978,Mk113,7724.57,M,69372,MP,Cardiology,North Antonioton,Approved,Outpatient
517f1b99-1942-451d-8ac0-e1003f8c6d86,e79c0af0-65aa-4d2e-b81a-8d4851c7bcd9,6ab30f76-ac6b-4646-9466-cfb8219ef446,2022-07-23,2024-09-02,1972-01-15,CS455,TC735,7211.48,F,98112,PW,General Practice,Port Destinychester,Approved,Routine
4d76c7f7-d36a-4139-b451-a9a4ad10d7d5,19cf2638-3ec0-4ed9-9995-d9ba4553813a,a3d0cc80-dffe-40ff-a302-23c8ffeedb36,2024-07-08,2025-06-23,2004-06-06,Ta150,iO013,7820.52,F,80711,IN,Orthopedics,New Alishaview,Pending,Inpatient
9c4931a6-b2ee-4d36-971c-8ca7390f1b8f,3e84f8a1-ad1c-425c-9abb-61e56d67dacc,416a0d46-4663-4310-bb8d-5283eeeeb82a,,2025-04-01,1938-09-29,cc801,tU057,3835.11,F,,FM,Pediatrics,Johnsonmouth,Pending,Outpatient
d6bd5bfa-f593-4c6b-b4e1-069c2474fe9f,d1b889ae-7eee-4cf0-894d-24f73cecb17e,76b66107-0465-40b6-9d84-533eed8bebc0,2024-01-23,2023-12-04,1986-07-18,Iy672,Ug693,4252.54,F,42935,OH,Pediatrics,New Paul,Approved,Inpatient
a14e85aa-5609-4525-80cf-4f10ed63df5a,e9e46917-38df-4312-a0e0-1eaf209dd2c8,b9e19396-d9ab-4597-887a-59994ed13e45,2023-01-10,2025-01-20,2000-02-29,FR901,,2819.57,F,71259,NC,Cardiology,Stevensonborough,Pending,Inpatient
c02750a8-4a8b-4d63-9ce1-e01dcef03a5a,25370608-2afb-43de-addd-8a99cb71a24d,b9ffed0a-dbf9-425d-94a5-de444744b6a4,2023-03-31,2024-03-18,1982-09-12,YR562,Bd159,289.38,F,28415,NE,Cardiology,Mariabury,Denied,Routine
5578e9f0-7fe1-403b-bb11-9e3cb4ce28f2,,6578e7bf-4b0f-46c5-8a85-00000168206e,2023-08-16,2024-05-14,2014-08-20,Sj547,Ui903,5448.96,M,32859,MP,Orthopedics,,Denied,Outpatient
868de680-17bf-4d94-b6d9-0e1234be2776,8c01b114-0fd9-4a87-b063-94096019ad9a,1a5c3a34-fe38-463b-a4fd-18ae8cf4b63c,,2024-02-24,2005-06-26,og396,lf817,664.09,F,31504,TX,General Practice,East Davidmouth,Denied,Emergency
eaa590e1-b86a-4799-ad5f-f23e88130ddb,0393dc3e-4e46-4eff-b95b-b0cdbf79b94a,2a6bda6b-858b-4857-bc0e-847a998cd7eb,2023-04-11,2024-11-15,1992-08-26,,yM386,3611.2,M,86086,GU,General Practice,East Christophermouth,Approved,
4b6b483d-00d3-4f96-a243-6d2145c0b704,8e7fc1e5-1c24-4d86-9e3c-56a166cab31d,0ee0d03a-1f89-4e01-a089-097b94dd49ac,2022-12-31,2025-02-24,1964-12-21,hL663,rw976,,M,20424,AL,Neurology,Scottburgh,Denied,Emergency
7ee16344-f475-4def-bcf8-6e44b139a21f,c61b818d-cf23-4cc2-a3bb-9e96a3079105,2f22ed51-98ce-4564-a4ed-a4906777cdf4,,2024-06-10,2015-09-22,JU963,kP710,7635.1,F,23736,WV,Pediatrics,Albertborough,Denied,Emergency
2008530a-a801-481c-b903-b2e3e36d480f,f2c71c78-1d64-4436-ada9-3097c6c73111,9f00e374-1394-475c-9380-7c2fdbceae7c,2022-12-21,2024-09-19,1967-10-24,,Qu623,3524.76,F,38142,,Pediatrics,Thomaston,Pending,Inpatient
,d09562d4-c724-4762-b14f-18ebcad6ea83,84f26152-b52e-44b0-88e7-69e93f7dc6b7,2022-07-13,2025-07-15,1956-08-27,uX910,mj286,1134.1,F,73846,PA,,New Michelleborough,Denied,Outpatient
683b5803-4cd0-4c85-bdbf-e95af3fca9c2,0cf7d3d1-396a-4f68-aed4-4d45100853cc,96a81cae-23c6-438b-a412-e5d6e2e56829,2023-02-17,2024-11-05,1943-07-09,Sl102,br703,5401.98,F,38024,ID,General Practice,East Katherine,Denied,Routine
eeb2e468-0a54-4e96-a02f-a8227973b508,ede65149-c45b-448d-8491-c2a8cd2e25c9,46078b76-107d-4217-832c-bda75da7eb2d,2022-10-03,2025-07-30,1965-01-06,Kd417,yL489,6022.43,F,18945,RI,Cardiology,Martinside,Approved,Emergency
a1989bd2-ba3c-40fd-bb64-707727bf4eb0,d0e94328-91e7-4276-9106-6b1b82c8758e,3f24f3e7-f89e-4f25-97f4-9448b9b93f44,2023-01-29,2025-10-28,1948-07-27,,,4249.91,F,66491,DE,Neurology,West Brittany,Pending,
8e7e5ffc-793c-4cbc-8ba1-7e49a4789e94,bae972da-e4a4-4de8-a33e-20cdea7b12b3,be203b13-de42-4005-9beb-ea35722f3692,2022-11-12,2024-12-25,,ZH164,xu866,4918.02,F,81993,ND,Pediatrics,Lake Donald,Denied,Outpatient
10944daf-f7d5-4e1d-8216-72ffa609fe41,8552381d-7960-4f64-b190-b20b8ada00a1,4a4cb19c-4863-41cf-84b0-c2b21aace988,2024-06-07,2025-07-07,1948-02-23,yy006,hd662,3807.95,M,31749,DC,Cardiology,Jameshaven,Pending,Routine
af6a68f4-8319-47b1-a28b-77de01572851,9d7c53ee-eb1a-4f07-9e3a-e86cf82e9f0f,de9e193a-f9a1-4d63-9345-aefe75694628,2024-07-08,2025-07-31,2010-07-03,SQ441,Xs264,9519.16,F,25744,OH,Cardiology,Martinstad,Pending,Routine
a0c08149-c79f-442e-92cc-d608881d8bd3,ca4b370e-49ba-45da-8ebb-2f25854ba9e7,d3b7ef7c-d332-485a-9cf0-982023db7195,2023-09-22,2024-08-22,1981-04-09,dq543,Ji747,5281.57,F,49144,DC,Neurology,Tracychester,Approved,Outpatient
06626d7d-bba4-47f3-9fca-ddcd593ab1c1,a0e4d7de-bc5c-4667-84d3-c0a31e0979a1,d2aae97f-0142-46bc-a598-f7cab1506946,2024-03-07,2025-07-14,1988-08-22,fM445,Ov656,5382.67,M,54774,CT,Cardiology,Gilbertberg,Pending,Outpatient
f9b3eccd-a4ff-4780-a47a-22658496f325,cf7ee8c0-cc58-4222-a5b9-9972cac6abf0,d95eab3d-d9eb-4989-ba86-9933e0d69c90,2023-02-18,2024-08-14,2014-09-10,ou515,gr611,5726.26,M,82369,NM,Pediatrics,South Jeffery,Pending,Outpatient
500318ba-19fc-4d95-8988-b262c4747298,63eb5c2e-dc33-4443-baae-7c5cf5eb67dc,3b0a3efb-dabd-4fc6-b15b-8fbf5073aa82,2024-05-10,2024-11-14,1971-09-26,YI356,Xc755,4170.79,M,92848,ID,Orthopedics,West Jessicamouth,Approved,Inpatient
91627b13-a265-48f9-a49f-4438d7def34f,e08b5def-25ac-4bf5-b98b-e3c56533dae6,18b390c5-eac9-47da-92fb-118b6b8871b3,2023-04-26,2025-11-15,1945-05-23,lg748,pe537,,F,89236,PW,Cardiology,Joshuaville,Pending,
469665b2-85ea-45a3-b2ed-9f62f935a3fe,391122ab-70a4-439c-9456-ae4be2cc76b8,3cc4f7e4-dc7f-423a-9725-0d297c3d20f7,2023-03-24,2024-05-24,1949-01-30,JT426,WM533,8797.3,M,59719,NH,Cardiology,Jenkinsland,Pending,Outpatient
b9fe9b90-91df-4e2b-a781-2baaab891dab,0beba7b0-8eec-4992-8bf4-53ec1fedc9a8,5f09aef2-7063-4763-b658-e0e1ce5d0386,2024-04-01,2024-07-17,1944-02-06,zR766,fs438,861.84,M,70855,NY,Neurology,Larryside,Denied,Routine
7f625262-aec9-4211-bf1b-a76731bf1ed0,6e7b35b5-e3d5-4275-b2e5-530a61952eb8,d36d355e-366b-428f-ae8b-e35019524c10,2023-06-24,2025-05-26,1942-08-15,XH714,Yz196,4344.15,M,26320,VI,,New Thomas,Pending,Routine
ee0cfb70-4ae8-443f-b9e1-d6bc10de9069,82f93003-5626-427e-a68f-46508c55470b,503833b2-b1f2-42c0-b818-af09fd7e4c5b,2023-06-19,2025-05-06,1978-12-31,dz384,Hz300,4563.31,F,79444,KS,Neurology,South Alexandra,Approved,Outpatient
7ac2b99b-10af-4f94-b023-cee55c06a2d1,09a67661-1921-404c-9169-3b0458397f0c,94318d1f-dc14-4922-83da-19a1ad0eaf98,2023-01-27,2024-12-21,1969-07-26,NA627,MW164,,M,36953,MI,Pediatrics,Molinabury,Approved,Inpatient
04220e25-c447-4f75-afc9-a7752ca0a6f5,bcc86a94-7a39-4369-be2a-e338a362124e,2e19fb25-c0d2-40dc-8d7b-ab2658979347,2023-04-19,2025-09-25,1999-01-11,Fp196,Ht071,1118.14,F,18961,ID,Orthopedics,West Joshua,Pending,Outpatient
423461d4-6099-4d9a-9509-ec52d59874ce,c3b44162-3abe-479a-90db-3dd65e89becb,838dc0e0-984f-408e-85d7-e79c9867f114,2022-08-02,2024-02-16,2001-06-12,lW273,le126,611.52,F,50681,FL,Neurology,New William,Pending,Outpatient
b0c11f2d-cb48-4880-be6e-65b4515d95e5,295357e5-7e68-4e0c-b3ad-54c5cce568df,02ead7ce-ad91-4897-ae1e-21169b920ba2,2022-11-08,2025-04-19,1991-10-11,LA030,Xo238,337.65,M,37417,ME,Cardiology,South Heatherville,Denied,Emergency
,eac43ac5-2d60-49bb-9285-31022de61c02,635e5ec1-0ec5-4dc3-854f-f5b6bbaa6801,2023-05-21,2024-04-28,1946-10-31,Dy713,jo095,989.78,M,01827,AZ,General Practice,Mcgeeview,Denied,Inpatient
49b17a93-794a-4ed2-8d0f-3fd68008a8c4,05702436-9d51-457b-bb38-cf5a8e717c47,6b387150-becd-4ac2-aa5c-f69c3e13da39,2024-06-21,2024-02-21,2002-05-11,wh132,vt941,6376.66,F,01235,TN,Orthopedics,Diazshire,Approved,Emergency
9c209603-0cf4-415f-ad5a-9c4e6e8489f1,8e66146a-f6f0-4737-8514-a653f6878439,6dbdfd55-8d7d-4622-84a0-0dfc45abcb12,2023-06-26,2024-05-07,1973-04-26,qS879,Na300,7732.03,F,99494,FL,Pediatrics,West Joshuaville,Denied,Routine
9c47c7ee-9816-49da-95cc-78d7c3ac2563,93ffb4fc-dfe5-4644-b1ca-58fb3fe32f00,fb25da16-dee5-4cf5-bbd5-4ff7d2b8cfd6,2022-08-19,2025-08-18,1936-09-01,cI278,vl736,2929.01,M,33265,IL,Cardiology,Joelchester,Pending,Emergency
e71bd6f3-ec6e-453f-9b8b-e86fe352ffb6,8e2f76b7-36b6-466f-9e30-e6dc96b60735,667b2bea-6839-4dfe-8d42-a5561aa7b607,2023-04-05,2025-05-07,1994-11-14,nu958,nH878,7413.36,F,08205,MN,Neurology,New Brittanymouth,Approved,Outpatient
7c771750-339e-4742-9005-dacd70499c0e,559ce425-b81b-48cc-8e99-9e627e3673f2,3251b3b9-712b-4255-b38c-8852be2edf9f,2023-09-26,2024-08-28,1944-12-23,oX247,ax638,6493.64,F,41913,FM,Orthopedics,East Dean,Approved,Outpatient
dc391330-f109-4670-86f1-b224c0ee0918,f1bb5c3b-6112-45f1-bf68-a2f5a790e9a3,69bff5e7-4326-4cb2-9695-361bd15153a5,2024-01-08,2025-10-20,1967-07-14,bP950,rZ653,1018515.79,F,30773,GA,Pediatrics,Walkerfort,Approved,Emergency
d8a99d88-bada-4c84-bb7d-19028483f70b,784fcca4-b87d-4bee-a14c-2292b6dce62c,,2023-01-25,2024-02-16,1985-08-02,pi666,zV920,5610.13,F,46479,AR,General Practice,Petersonton,Denied,Outpatient
3f069c00-8467-466d-a3b9-2e84ad081181,bb29a505-2acb-4fc9-8342-f02471dae256,1e8d58fd-5fcf-4222-b3b7-a7f5a459b2ee,2023-03-01,2024-06-22,1995-01-03,ta895,DH918,5462.18,M,77551,,Neurology,Snowview,Pending,Emergency
f283202b-184a-48a1-9f19-a8373cb95529,d3888d99-4e03-4698-9e17-55826675ac56,d20d72e6-dfa5-4814-90b5-80454f2140c1,2022-11-11,2025-11-20,1978-11-28,Si453,uG949,8693.76,F,40450,MA,Neurology,Joshuashire,Approved,Emergency
aaacc31d-a5f2-4dba-b922-9f3c0996fa6b,3175bc09-6df8-4762-ace1-4e2b990c4604,e34fccb3-1f58-4874-953b-c88841708bcb,2023-01-22,2025-03-07,2005-08-03,KJ224,MW553,9553.17,F,74240,AR,Orthopedics,North Natalie,Pending,Routine
a348d05c-eb00-4849-80d5-e10bef9da240,f9712519-ff40-46ee-9d62-0584d8313f38,98bd1bef-7be8-46af-9fcc-7d2bf21f7100,2023-09-27,2024-11-20,,,mq728,361.03,M,64758,NM,General Practice,New Ashley,Approved,Outpatient
9a6c3567-458b-4eec-9e3a-43c6576e4a02,4da54fe5-f524-4c58-a0d2-212a0bdba0d2,d22cb210-0ccf-4484-964d-e2c3e3110a44,2024-01-18,2024-07-25,1976-10-19,eo798,Ls642,5886.98,,92661,CO,Cardiology,Lake Shannon,Approved,Emergency
0af758a0-5ad0-42f1-ad5f-858b2e5aa3e6,5c0cbbc1-491d-4405-aaa1-c1cf94c83bb9,19a277c1-8162-4328-8df4-4e0741ea06c1,2022-08-09,2024-04-21,1971-12-08,PL990,OJ390,3116.32,F,,NJ,Orthopedics,New Robertberg,,Outpatient
89940cdc-65fe-4f41-a1a7-858bd8c2aca4,86c4f9dd-f3d2-490b-a1ca-259862e4bb2b,a43b0c8f-4b99-4314-b8de-c78878cfd544,,2025-08-01,2006-09-13,rb717,uo631,5755.48,M,42219,IA,Orthopedics,West Joshua,Approved,Inpatient
1d552872-2d77-4d3a-9e23-2eb23e6b99bc,391d8153-aab6-49b3-8259-a06a744e5647,12d96368-3f1d-429d-a7dc-ce44be60aff4,2023-12-25,2023-12-25,1982-10-05,pO657,io314,8951.58,F,93629,,Cardiology,Jenniferburgh,Pending,Emergency
61be4e41-9238-4c23-a7d9-a45edd5106d7,71690cb6-eda8-49a9-8f86-0c135b359715,df1b157c-eb2b-416e-8b59-ef5a610db1fa,2024-01-15,2024-12-08,2012-12-22,Eq491,tx049,1030.42,F,28589,AL,Neurology,New Michael,Approved,Outpatient
98e615ac-65c8-49d4-b659-30d43d7b233a,df8d1d74-b1b6-4a21-bc7b-75911fd00689,5569e7b6-79f1-4d7c-b627-73d17761a40a,2022-10-10,2024-02-23,1969-02-14,je741,,8496.28,M,24460,TN,Neurology,Bautistamouth,Denied,Routine
db3cd749-d06b-492d-a776-5baabe2b1b33,529cd1fb-26c6-4ffc-818c-ed77189be8f4,8e4da706-2ddb-458f-a678-de1d756f9201,2022-09-28,2024-06-16,2014-05-27,cm914,xR427,5076.11,M,68808,SD,General Practice,Stephanieton,Denied,Outpatient
9c23a945-2664-4d17-9a34-e21bd3c0027e,,80b4a35e-6851-4fe3-bb26-6d9de274d28c,2023-12-03,2025-05-30,1946-02-22,hz091,vQ473,9201.98,M,69560,AS,Pediatrics,Raymondton,Pending,Outpatient
36e5a698-274f-4380-86fe-2e0cd29cf11f,,d19f1437-4e74-4d73-a0b8-7c0983db15d5,2023-07-18,2023-08-07,2007-02-19,uJ955,RM206,6201.37,M,11113,WA,,Danielbury,Approved,Outpatient
3ead6e9d-043c-4276-b0b7-a4491d845d8c,75a91722-ac74-4e39-9024-f9f6c811effb,b32dade0-d930-46f7-aa8e-0ba3fc0809a8,2022-10-13,2024-02-10,1998-01-25,IR676,bA489,2792.35,M,03560,WV,Cardiology,New Gregory,Approved,Inpatient
8a3807db-0b10-47fd-a151-470950cf1993,3ce0549c-2390-4819-ab94-fc3d7f32c3cd,ea45ee9d-1d85-4063-8918-ecb0351b17da,2023-02-08,2025-02-23,1939-08-04,qc351,ku756,4637.18,F,09825,,Pediatrics,Lake Victortown,Pending,Inpatient
426067cf-45d9-4244-b70b-b8e7cc94dff1,1ec7cd19-3ddf-4bf7-96e7-3f0aea329dc2,8e33fcc8-0b8d-4ba1-84d3-dd4a5de8fd32,2023-10-31,,1955-12-10,of930,ns295,5556.48,F,17035,AZ,Orthopedics,Patrickshire,Pending,Routine
a5779218-f025-44f3-9464-c29bdf228e2c,700a2da4-5f3f-47a3-ad99-f55a59dcaeb4,94f27c37-03bb-46b2-b0e6-a3f26bbed93b,2024-02-07,2025-03-19,1997-06-14,Ba895,Jv295,9580.05,M,85448,AZ,Pediatrics,South Heather,Denied,Emergency
,18b1fb8b-7302-4e36-9cc3-1d80b5ae24f8,720b340e-ed1f-44fa-8ec1-4d99ba390a88,2024-03-23,2023-12-15,1957-06-05,vM355,eY251,,F,73716,PW,Orthopedics,Hortonton,,Emergency
303aefc2-e006-4a92-b6b4-2328898dbbeb,853f9218-8f39-40d1-b0b0-49bd4e5c5470,90497055-ebb7-406c-a539-322802b89c4b,2022-10-21,2025-09-08,1994-11-08,sm273,rs944,9802.32,M,63066,OK,Neurology,Williamsberg,Pending,Routine
ea2f6760-3162-4d37-8f49-2820cf725d2b,85380e4e-2b93-4646-930a-3325659dcc8a,93fd6bfb-68d9-4d32-8ea1-22be796d1b02,2023-08-12,2025-02-17,1937-11-06,JM390,ZO715,2345.05,F,14554,IN,General Practice,,Denied,Inpatient
a3871273-2436-42b3-a829-d27f62d6bacf,cecd713c-eebf-46a4-95b4-98f64906c935,6cf012fd-4f4a-4b62-9c48-30194c16e599,2024-03-20,2024-04-03,,Ey769,ET841,7946.69,M,55954,MS,General Practice,Ortizchester,Pending,Inpatient
4a2e06fa-ef25-48f0-8576-60e2b819ee54,de408d73-0482-4756-937b-1f48d8ed26b8,1b96ab5c-5257-45f5-b2ee-5351f81442c4,2023-09-26,2024-08-08,1995-01-16,rm256,It809,5457.03,M,,TN,Pediatrics,Keithburgh,Pending,Routine
35eff63a-7794-423c-bb3b-ac7d051d57fd,5e1df2b9-140b-4755-8b0b-baa0f9df5452,4ad24a5e-2b5c-4fa9-832a-05c74921b15d,2023-10-03,2025-03-28,,Kd185,wO350,4396.79,F,48419,IL,Orthopedics,South Donna,Approved,Inpatient
daae2dcd-46e5-4835-9672-eaa44eb15d2d,db0c60e2-9740-4c52-a1e0-3ce45e252688,fb97bf5b-a05f-4721-8db0-8b0592806416,2023-12-26,2024-09-14,1943-07-04,Vh469,bK612,7482.76,M,70865,LA,Orthopedics,South Katherine,Approved,Inpatient
7adc58b7-e5bd-4fc9-a30a-08d16ad995b3,0ee4e0e1-32f9-4094-8c9e-7edfbd000f2e,de2f5f01-acd9-49f2-94d0-1892f53eff12,2023-10-26,2025-08-03,1959-04-24,Oe354,EY948,9298.53,M,61583,AR,General Practice,West Summerfurt,Pending,Inpatient
ed3dd8c6-b619-4a80-a337-cf8a8f17ccd6,6d89b246-9feb-41e8-9fa5-05b856a77cfb,9392f490-0b2c-4642-874c-2c67bfb1fa7b,2022-10-18,2024-08-04,1994-08-10,Lw501,sZ401,7912.8,F,,PW,Cardiology,Austinside,Denied,Routine
48c9ac8e-b9c0-4153-b60a-a6ed4a3a04f4,f61f2926-ab5b-4b1b-b427-fae4b5afe210,e4fab877-f33d-4e0f-a0ba-8f93ddd58da9,2024-02-18,2024-03-28,1976-07-12,EW781,FK827,4104.82,F,06400,IA,General Practice,Tarahaven,Pending,Routine
67f38612-004b-4597-8a3c-c3cdf18f238b,dc54b2b5-9845-490d-8058-6147e08be7b9,90552629-b33a-47e6-8fbe-f039f9ca0ec9,2023-01-14,,1970-12-11,Vo374,Po600,2747.28,M,52168,DC,Cardiology,North Michael,Pending,Inpatient
db1d791c-240d-446e-bc6a-db064c4607f5,e672827f-142a-4eae-b60a-5fb7d8da6d56,d8f6a833-3ce7-43c7-89e9-5e70c386eefa,2023-05-14,2023-12-30,2014-08-07,Iq895,He154,5843.71,F,87899,NM,Orthopedics,Christianfurt,Pending,Inpatient
14ba97a9-e304-4d46-937d-6f647a028eb9,dfaaa8e5-f30f-4f3b-b138-a1bf7689ac83,12735edc-40cd-46ba-844f-6b0d5b23caf8,2023-11-11,2025-10-02,1961-06-16,dd955,Pn473,4270.36,M,45419,WY,Orthopedics,Danaport,Pending,Emergency
ed21a66b-923b-49c2-ae37-055d780130a7,1c787ec3-225c-47a0-a538-32bd8d7d5e4b,53db5674-b953-4737-808a-0763b2543105,2023-09-22,2025-09-16,1989-08-07,Xv257,dt601,8694.61,M,,IL,General Practice,North Thomas,Pending,Routine
7b6a877a-c458-4f9e-8502-d087dc6f9772,d9b98e4c-2742-4fa4-a290-412d13f50c48,ce8f372e-c9a1-430a-99a6-784789716610,2024-01-08,2024-03-28,1974-02-24,MB537,QG116,9156.97,M,45035,PR,Pediatrics,South Rebecca,Pending,Outpatient
0d5f8c6a-14ec-44e9-85dc-96cd8ca5a840,1ea53c8f-0211-4623-86b8-a9c546935517,2a8cad37-58e5-4491-bcc8-6e15f9242e1b,2022-07-20,2025-03-13,1941-05-07,gV588,Ip161,6074.14,F,04013,MN,Cardiology,North Lisastad,Denied,Outpatient
d9540410-6519-4a8b-818f-47a444ea5d6b,dcd65903-b12f-4a85-bd67-142c5e194276,2afb070a-5d50-4258-a43c-941135924371,2024-02-23,,2015-04-25,Yb016,oF492,4155.76,F,84702,MI,Orthopedics,New Chelseybury,Approved,Inpatient
c738e15a-fdb1-488c-a65a-6149ad497df9,4c05135f-5732-4315-af9d-88d9e49b1d9e,18ce44c7-8ba3-4856-bf26-6e9a618d714c,,2024-04-07,1938-10-09,wM013,Ap581,8753.31,M,21409,OR,Pediatrics,Smithstad,Pending,Emergency
2a12caf6-733e-4cef-9ebf-fff0b1cbe9b9,4b1d141a-4dac-4cc8-9cd7-ec1b0510dbee,0b466baa-4a58-4867-ab04-e9e157f8d901,2023-01-10,2024-11-19,1947-03-26,Nx068,Um560,6635.95,M,79593,TX,Neurology,Julietown,Approved,Outpatient
98d6eb49-8578-4dd4-a496-74d228f4197d,358f97f6-2242-4c99-b0b6-07a033ecfb88,4d4c2a76-fe16-4a9d-a2e1-b3df5d61c3a6,2023-06-20,2023-12-24,2024-06-19,aQ925,QC847,5294.88,F,59841,SD,General Practice,Lake Lisa,Approved,Outpatient
cb618ec2-399f-45a1-9385-ae6ee494cf62,c35bcf94-2813-4b58-9c3a-f3c0f5e7985d,35dc38af-a890-46ef-95f9-cded974e5d1c,2024-03-22,2024-10-13,1968-11-30,bJ726,,4153.18,M,37644,HI,Cardiology,Montoyachester,Approved,Outpatient
e2604b5d-3218-461b-ae78-304a6a3adbbd,d8c1414a-3aad-40d8-9396-ba20f7dc135b,e36326eb-eafb-4b19-936a-3b8ddb48931c,2024-05-21,2025-04-11,2001-09-21,VE683,al562,6421.41,,28911,NC,,Burkeland,Denied,Outpatient
937ca382-82bb-4276-9372-f6d9ce54e754,8735cb1a-0443-4f31-9474-2655559ef8c0,47eb5c06-a908-4398-8e32-c05cfee4a54d,2023-08-13,2023-08-20,2006-05-19,Mk941,LU789,5861.52,M,29828,MA,Neurology,East Sherri,Approved,Routine
5f9fefde-ac21-4e69-85c1-d70873176d84,84a3966a-76fc-40fb-8387-174306be677c,f307db09-9696-42c4-8c28-f21b942d4298,2022-08-23,2025-08-26,2007-04-02,tq956,tJ580,3859.88,M,66336,IN,Cardiology,Reynoldshaven,Approved,Routine
6344d164-edb0-442e-b9ca-112e9864b88f,c9103b6f-6057-400a-a229-e5e54bbe0441,728d8038-c89b-4f3c-8382-35bced3ebce1,2022-08-26,2024-12-30,1964-12-09,SI727,Qn133,,M,24831,IA,Cardiology,Jeffreytown,Pending,Emergency
f20fdc9d-a924-470a-99be-84f5e1dccba8,b256a965-9f8b-4562-a44a-e409d5f13ce6,d3621843-3b01-4500-ac01-cb5e62f26d66,2022-11-23,2025-10-10,1970-05-14,BU054,,6453.17,F,07165,VT,,East Craig,Pending,Outpatient
180b2fe3-1d12-472a-a34e-543591c73ceb,64b552c9-0cef-41a3-8bd7-68afe0dc057a,07e100ea-e09c-4baf-bd25-270f5a19c401,2022-10-19,,1965-09-13,Ma983,BB951,2044.55,F,55857,SC,Neurology,,Approved,Inpatient
91b96c8c-1215-4a7d-b800-f21c6abf3d13,70cf9f67-a6e6-4c4f-ae0e-ae749f128764,0887d6ef-1ccd-4629-afe3-8208a9badeae,2024-02-16,,2004-01-04,Qw001,Vm533,8305.95,M,88757,PA,Cardiology,Jessicaport,Denied,Inpatient
4ac3bf33-f419-4c59-88e4-6ff29c7a06f6,29e6a82d-0c22-4bd8-affa-df52a7f37200,41f3e928-8143-491a-9102-fd18afdfa120,2023-07-11,2023-07-28,,pe185,ah044,6997.7,M,55884,CO,Pediatrics,Sullivanstad,Approved,Outpatient
c70f82f7-09a7-4e15-9f4d-d1c6f94ab2ba,3b93364f-c72a-4c2c-87f9-65dc04631b4e,45f6023c-8e42-4af5-9109-d8764ad46861,2024-04-04,2025-08-19,,nJ319,,485.49,M,82949,NC,Pediatrics,New Thomasstad,Pending,Outpatient
db4619bf-0528-43ca-b8c5-a826f4e14979,2eabae50-cf47-4ad8-82e0-45bb477c1069,48d6724f-60e7-4bd0-8455-1e03fb0481f7,2023-06-29,2024-10-02,,gP732,Ca233,1169.64,F,94453,OR,Pediatrics,West Sandraton,Denied,Routine
953e78fc-3a1a-4288-8af2-5ffa9f50543d,,7e8a4b81-6a71-42bd-bdab-65af906f9ad9,2023-02-03,2024-11-05,1977-02-22,Eo896,zo361,6650.51,F,73206,MO,Orthopedics,New Victoria,Approved,Outpatient
d395d5f6-d0c3-471b-b247-4035a2c8f224,2405e63d-7929-4fcc-9da1-90d3e7e24059,f41d8e4e-d653-4142-8f64-9e7b37559177,2022-09-07,2025-09-17,1954-10-11,Cp656,mt610,4693.42,M,21511,WV,Neurology,Charlestown,Pending,Outpatient
a390e062-ccb1-4b13-9055-1c47281ef362,149610d8-ed4b-453b-967e-db5c22087ad0,cdb76573-c823-482a-b3f6-8e8655b457b7,2023-10-11,2024-02-05,1959-07-18,ZQ784,pe378,9643.77,M,46769,KY,,South Joannburgh,Pending,Routine
417ec29a-ee29-4d13-880b-b66f4c69ac98,b35593db-4a96-4717-9d9c-5607fadbc398,e7356509-24dd-4d50-9d1a-449e6aa9e06f,2023-06-18,2024-01-05,1990-05-10,kV295,sW846,6951.53,F,77997,IA,Orthopedics,Lake Jennifer,Denied,Inpatient
d1b5d558-9e9d-4238-baf4-906099831139,1cffc55c-bd15-4059-a299-8460a9d92765,92c26469-4879-469a-8b13-f42a9542db9e,2023-01-19,12/2025/40,1967-04-10,lN837,,6772.8,M,89905,IN,Orthopedics,South Bruceshire,Approved,Emergency
209f039a-180d-4b03-9411-8f63e404a4a8,21787432-3252-4e36-96b6-376a587e37c2,8b116052-b337-4c57-9fd4-92338ad00c18,2024-04-12,2024-07-22,1935-12-15,Ds024,tT811,5175.62,M,68530,CT,Neurology,Leeburgh,Pending,Emergency
99b65de7-8a1d-43b2-bf9e-269ae0fc0359,eeac0f44-4165-4ff6-adac-ba1f1c6a1f82,76ddf150-938d-43f4-bf6e-e6134e4dd0cd,2024-02-18,2024-01-29,1979-02-10,,Ne239,3073560.72,,96209,AS,Orthopedics,Taylorstad,Approved,Routine
,15b43cc0-01d4-48a6-8b76-fe6309b0c5f4,31c50162-ffeb-4943-bf9a-1705292fd5b4,2023-04-11,2025-07-28,2004-09-16,Nd659,nu284,849.43,M,61130,GU,Cardiology,Port Joshuaport,Denied,Inpatient
2a83b30a-7fcc-40e8-a58b-b1d879947433,e7646f27-0f87-4db0-a459-6ce966a7f726,e05e6271-d16a-4422-b091-4f47797bac33,2023-06-24,2024-06-23,1975-04-14,lm464,qa143,8227.71,F,10080,AK,Neurology,West Christinaland,Denied,Routine
768a2d67-6f4a-434e-96c1-d6f1f44a47f8,0605fea7-499f-4a8d-a5da-82852535cdda,0038f9e8-145e-44df-bd43-4e26ff327e58,2023-10-20,2025-09-23,1999-02-10,BI880,gV608,4171.91,F,41207,VA,Cardiology,Valenzuelamouth,Pending,Inpatient
61af31df-f903-47dc-8607-4957f73c28a9,88ab8423-53dd-41cc-8559-4b3cf5cebbd6,1bf7a7a8-b9cc-438d-9f75-c8154db66752,2022-09-25,2025-04-06,1950-12-25,eG524,re043,6477.08,F,47805,MN,Pediatrics,Lake Jasonchester,Approved,Emergency
3835785c-db30-438b-9f1d-8869231b9991,ea58e556-077f-408b-925a-a0070f3d5db9,dea1efde-f7ad-4257-9d61-08f98fdf4e52,2023-11-07,2024-01-21,1967-10-15,zF282,xz414,8790.52,F,,WV,Cardiology,Loweshire,Pending,Outpatient
cfa101d6-39a6-485a-b87e-bf751f6e5381,01387dc7-1876-4d84-bf3d-6e0b051d5dab,f282a050-e679-4a7b-a7a1-a7933584a9e1,2022-09-07,2024-01-06,1978-04-06,zd068,qC654,9141.08,M,55248,MI,Cardiology,,Approved,Outpatient
3b0e8eec-2dc1-45d9-b8b3-5c61d88245ba,1b8fed9d-ecd2-4347-8e5f-04f0a587db57,f7a48b6b-b0f5-4121-aa76-1a538d45d5f7,2023-11-01,,1964-08-03,OP773,MI509,4947.28,F,69941,DC,Orthopedics,,,Outpatient
ae8c5dbc-5760-420f-9ebf-0a1de17526e3,a19e55d6-89d3-4373-882e-15b1802aa2ff,cbdbdd85-d815-4398-bc2c-a27df000da79,2024-03-21,2024-01-03,1962-10-08,Ji810,kD588,9073.73,M,86675,PA,Cardiology,Christophershire,Approved,Outpatient
2252bfe2-d580-4e1e-a923-d55fa0f49e76,d184b1f2-f6a0-4232-86a8-2821c7d0e2d7,,2023-09-05,2024-10-24,2008-10-01,Dh443,fG817,4247.36,M,15991,SD,Pediatrics,East Derekchester,Approved,Emergency
8a159861-99dc-4695-9d10-9f3b26659da9,3716fb01-8852-4b39-8477-6da9fa9b91c5,fcabb4cf-54e7-4cfb-9c59-40844e8fb71d,2023-09-10,2024-04-23,2004-01-12,qf836,vO722,8813.55,F,46411,TN,Neurology,East Lauriemouth,Denied,Inpatient
6c3ad03e-c81d-4765-b753-8f9b78841118,cc2fd5ac-5185-4c13-8d9b-ae892c0dfe6b,d5012f17-a5a4-4a38-b2db-4ec983f235c6,2023-12-06,2025-01-28,2007-05-27,mD637,Cq971,8853.64,F,73215,NJ,Cardiology,Cookside,Denied,Emergency
93dab674-326f-4bd2-952f-c6cbcd95d431,8edf3eaf-833e-47d3-a093-657a62d88f4d,13da4325-445c-4f2f-a996-246b2aaed4ee,2023-08-21,2024-03-04,1954-02-10,jt365,ZN000,7255.1,F,30258,MD,Neurology,Lake Roberthaven,Approved,Inpatient
4de987e8-fe34-41c1-acf1-66f1993f79d9,7ebb391e-5afa-40b9-a79a-0c1159b5acee,ebb2af98-11c2-4856-904a-ac3af16ce2f3,2023-06-17,2023-12-10,,RN924,WP410,614.69,F,00571,VA,Cardiology,Bankston,Pending,Emergency
882d6dd4-a4d4-4538-8fff-43e01a5686b4,6481a9b0-ef68-4ff9-aa7b-de2235506bb2,d00c6ddd-8521-4a7e-8ae7-f568f37f5738,2023-02-24,2024-02-04,1962-05-30,oy067,Yg971,8250.4,M,19764,NM,General Practice,Brownland,Pending,Outpatient
52d87ebc-a9f9-4d36-a785-cbec18ee046a,4258cda9-37a9-426d-8169-4f4fb3d40da6,9684e0ed-cf39-4588-8e33-4ae18b82c9d3,2023-09-26,2025-01-28,1986-02-20,nI670,Vo471,8552.47,M,15207,WY,Orthopedics,Johnsberg,Approved,Outpatient
69155fbf-2199-4bf8-8a9b-9f6f60d5d0dc,1cc84e0a-8d38-4ed2-90cd-1f33068b5e1a,fb94e856-caf2-45a4-8b23-bb2eb7884572,2022-08-28,2024-12-10,,EO640,SW142,786.68,F,97918,CT,Orthopedics,West Lindseyburgh,Pending,Emergency
,cd7fd9b7-d7e6-463f-84df-4451caba8c8d,2e644513-0953-4735-9e04-9e714237cdd6,2023-08-20,2025-07-25,1985-06-03,Le789,sp179,3720.24,F,10630,PR,Orthopedics,Johnborough,Approved,Emergency
d59d30ef-c68b-4354-80b9-0e0068c1fc4d,41b9add3-739f-4c64-bca0-12aba3f83b3a,80587913-1a77-4579-a7b2-0bf37a6f3036,2023-02-13,2024-10-20,2001-03-26,Qc914,XX800,6670.34,M,19778,TX,Cardiology,Charlesbury,Approved,Emergency
794a09aa-f68b-4245-96e3-f0b8e143558d,990aa91e-fa5c-47c2-94b3-3661053dc6e7,599f6d9f-abc8-4931-9062-e0954320abb4,,2024-12-13,2003-04-13,if223,DM233,9118.18,F,75653,IN,Pediatrics,South Jessicahaven,Approved,Inpatient
0e24dd8b-eb98-48c3-ac07-901470adba7b,2544eee3-bf28-4fcc-a509-65eefbe36d52,4633eb26-0c38-4ccf-bd61-14138bbb32b7,,2024-12-26,1992-07-02,ym142,vO455,1221.7,,22710,PW,Pediatrics,West Alicia,Approved,
5eb82bd4-8b22-430a-86d1-6a604ca2a02e,d743e551-1c34-4f79-9afc-cb70d78a9c3b,72923c6a-9cf9-4130-a4d4-0c676c9e4124,2023-05-21,2023-12-12,1997-02-26,jJ386,bb581,1416.8,M,59497,IL,Cardiology,,Approved,Outpatient
54f8e529-d31d-4cf3-a6c4-6a43d905014a,45bbb96c-f30c-4539-ab3d-bbd4bd8e1913,,2024-03-05,2024-10-18,,pK878,zE358,,M,66161,VI,Orthopedics,Brianfort,Pending,Outpatient
3cccfbd9-2a7b-4eca-acab-0e8acc21d68d,9d0a5f07-1570-4fc4-8f2c-4e75531b16c4,566c56cd-a2e3-4932-81ff-eae4741d890a,2024-02-20,2024-12-16,1970-03-24,WN412,jE809,1603.84,,12234,FL,Orthopedics,Garciaborough,Denied,Outpatient
,67ae4f73-d553-48e0-a9a3-9fe52c612c6b,a4e44f16-f67c-4c3d-be81-8d02b951518d,2024-03-19,2024-08-25,1969-12-23,YX394,wU711,6833.39,F,37716,MT,Neurology,Christopherhaven,Approved,Emergency
97f1bff6-0182-4206-94bc-3ff1a3634d86,9e4f4e10-d112-42c8-a74b-17cfa21a9568,3d3c83ae-e8c9-47cb-b07f-aff6ed9daf8a,2022-10-22,2025-10-08,2002-12-08,zU745,vY616,3187.61,F,92656,KS,Orthopedics,Larsonmouth,Approved,Emergency
b08cc584-4594-41d1-963f-465479a9387f,12b101b9-9ab3-4f99-9b89-e6124ef3fcda,,2022-10-30,2024-11-27,1991-12-21,Bl264,TN978,3752.25,F,41643,OH,Cardiology,Andrewberg,Pending,Inpatient
f75025f4-898e-48b6-92c4-2f1c4b5a73cb,3906f375-0722-4ac0-b6a9-9533309ec627,335282a7-d611-4877-bbd5-50d518cdb32b,2024-02-14,2024-10-13,1939-11-18,ZH167,OM562,5172.4,F,13839,MI,Cardiology,Bushberg,Approved,Outpatient
72c6b34f-c1b2-4118-b00b-f8b77fac2f6e,,9ad16c3c-ea1e-432f-8128-6aaf0e1ad6c2,2022-10-08,2025-11-12,1979-01-18,sa294,qL454,2042.83,F,72582,WY,General Practice,Stewartburgh,Denied,Inpatient
e102edbf-dc84-419b-b1b0-5a8e738cadb3,3b564816-012d-437d-ba17-d64f92b7c35a,7315c0c7-cef2-49e7-a873-d1cf0a083975,2023-12-01,2024-09-26,1954-02-07,dU114,UQ341,4637.4,M,78469,,Orthopedics,South Josephshire,Pending,Outpatient
ba5e2fde-0639-4cd5-aea2-17b698e75fe3,941ffb12-fa8b-4e2f-ae89-96548af63808,e6828e58-7dd9-476a-992a-e70fc60a5156,2023-06-14,2024-07-08,1995-10-02,as150,RH507,7499.96,M,30967,MS,Orthopedics,Christopherport,Pending,Routine
46fa83f9-5ad8-4b04-b2e0-1fc305befb51,b60d4d3a-f6fb-4433-8e8a-3b34ac9eaaf1,1379b45b-ef95-44be-b2ee-78a71a66359b,2023-07-12,2024-04-24,1955-05-26,gu711,BG251,7335.59,F,32667,KS,Neurology,East David,Denied,Routine
01e0b7da-f794-40e7-858f-6a37c4bf24ab,25750313-5f19-4710-81e8-51591a592ae9,e85b69b0-d308-4b35-afb7-3f32b6b7033c,2023-03-18,2025-10-08,1995-07-02,Xe288,,3801.82,M,77704,MA,Orthopedics,Kevinland,Denied,Outpatient
,bf2e349d-003b-4b1d-b504-18ed1d9ece86,ee7ec680-21a9-4bc1-a4a8-3922a220eab6,2023-05-19,2025-09-26,2004-05-18,ic945,QM600,9956.75,M,45441,HI,Pediatrics,New April,Denied,Outpatient
78a6110c-012e-44dc-a31e-205f9a30a01c,39e9b671-730a-443d-9806-5eea18022ae4,956b84d7-db85-4d22-9fe1-4122af2f2845,2023-04-06,2024-02-02,1971-02-27,A.123,hf923,3619.38,M,17630,CA,Cardiology,Hogantown,Approved,Routine
0ceef40a-ffda-42c5-987f-738f3da45044,5755c75b-25a4-46dd-91a8-8b906e51fd60,b68b3484-e7de-49e5-aacf-d577f840394d,2024-01-30,2025-06-15,2005-07-10,,BN487,1710.73,M,89156,GA,Cardiology,Kaylaberg,Pending,Emergency
00b53ca8-6f35-4332-a062-b7f8fc3d7bf0,c9b8d2eb-f91b-4d63-a957-6a76e6f922aa,9cf0838f-b4ee-46c2-8502-5319ddfc6d2f,2023-10-09,2023-12-29,1983-05-28,lf139,JP257,1691.52,M,86444,NC,Orthopedics,West Mark,Denied,Inpatient
3b9f3a16-42e3-4241-832d-4d3e9d61fa81,93c92aa7-063a-4b4e-a905-5819a116f2d1,767060be-715f-446f-a6ff-562f3fb74490,2023-04-16,2024-10-12,1963-05-25,,BE342,7884.82,F,58122,MO,Neurology,Gonzalezport,Pending,Emergency
cd4e9f0a-3e82-45df-8512-147845e4df73,b342e867-ff1d-427c-9b30-48827b3274c7,5bac4711-87da-45a1-a511-3b212c60929b,2023-08-26,2025-04-09,1942-12-16,sJ641,Ga281,5358.58,M,19732,HI,Neurology,South Mitchell,Approved,Emergency
1ff3fc68-2994-47e4-a230-d695ec14e78f,a18e7125-c228-4189-b788-3f3481595936,360d6fd3-71de-403f-8021-9f0b7e1b0a4e,2023-08-05,2025-06-27,1973-01-22,xC274,OF590,4850.77,F,99733,PW,Pediatrics,Matthewbury,Approved,Outpatient
67c9d7f9-ee7d-4b20-8e7a-d2340d7eb9c1,ee7c198b-c9e4-443e-af05-bd2dea0afacc,2d7dda3d-449a-4a4d-8ebe-3966bf4506e2,,2024-09-16,,na010,Ku182,8417.07,M,16415,PA,General Practice,Fernandezburgh,Approved,Inpatient
c183c37d-991f-46d8-8ac0-6b8d6c0137e2,cee7e975-ab25-44a1-bf95-948c7b8c57ca,48e4deeb-7390-4b37-8713-b020bfcb5c01,2022-09-13,2025-08-21,1990-04-11,sV633,TZ438,5049.59,M,82994,TN,Cardiology,Brooksside,Pending,Outpatient
3bbbf9b9-9b63-420a-b924-c06f3137a105,cb087be5-e563-455a-b52b-990fbff2c009,,2023-05-23,2024-08-26,1999-04-04,Zl527,Ez858,3248.23,,90121,NY,Pediatrics,South Kimberly,Pending,Inpatient
deb7eefc-3243-4794-8caa-953368dff9e5,ff8bc884-734d-4a04-be39-b54de5db568e,3c9ce947-7ae9-4fbb-93db-5f07940087a9,2023-06-04,2024-11-06,1979-01-31,QJ064,MF660,1980.37,M,36153,IL,Orthopedics,Arthurport,Denied,Routine
cd1209da-e805-4c15-9c09-3ce288baefe0,e7c337bd-ec67-4086-a1ef-247a7368da66,11b0a509-566b-4ab0-bec9-5e2c4a0a688c,2023-11-21,2024-08-10,1952-01-12,,hv819,511.57,M,92578,KS,Cardiology,Port Patricialand,Approved,Outpatient
40db257c-8287-4819-9263-ac8a616580fd,cdb56e4f-97ff-4d51-a9e0-fb2a649fd970,53e7de38-0b65-4460-86a4-6bdbfc4a7b88,2023-06-15,2024-05-09,1954-02-24,Gj317,KX428,4496.63,M,12068,IA,Orthopedics,North Adrianburgh,Pending,
,a0a09bd3-9f4e-42aa-8d8f-2329ac104f2e,c31e44a7-e05b-408b-b8d5-2cdec7135179,2024-01-18,2025-04-05,1945-04-28,iK546,rc617,6534.64,M,50631,MA,Neurology,Port Crystalhaven,Approved,Outpatient
443042d3-e775-4485-915f-ff47860afb92,44ddc151-faf0-48b2-89b7-d8228b42b5a4,,2023-09-28,2025-02-24,1987-01-13,eK904,wF973,6586.9,F,86715,TX,Neurology,Lake Amy,Pending,Routine
c9704b66-aaa8-4184-81b6-81803f38639a,540251b1-6730-45d6-af25-e9abf613df2c,2b562b7a-92a8-420b-81cc-67f8cb7ed84c,,2025-03-06,1955-04-10,Qu938,A1@@#,-1790.71,F,06177,SD,Pediatrics,Scotthaven,,Emergency
74e725c3-f43a-4dfb-b5b8-c43b9d412374,cd063077-f09d-48c5-b327-2517e19fe3c5,a91a8e3c-dceb-4179-878c-edd1bc7fc9db,2024-03-01,2024-08-10,1953-11-29,FP935,zU268,6290.77,M,36188,ND,Neurology,West Seanton,Approved,Inpatient
2fd5a14b-3c8b-41dd-a3b1-ad0e89624444,604ab311-e32b-4fda-9d22-cc13df35efec,f8fd6676-6633-47a4-b692-3386ac819203,2023-03-17,2024-04-10,1963-08-29,fG522,Fy455,3002.79,M,94966,PR,General Practice,Michelleland,Pending,Outpatient
ad21cc94-2291-4941-a383-7b3adec15690,bedc7e01-be47-48c2-8473-0b6988ec138c,87d932d1-a263-437f-9d83-c1e28ebc95ae,2023-11-13,2024-07-12,1971-08-17,qx081,zr420,8243.75,F,27711,NV,Cardiology,Johnsonville,Pending,Inpatient
,73c57b27-48e2-424f-a12d-b1df0545570d,b9d0db75-8910-4fde-84e9-70c5351c7c36,2023-10-28,2024-03-22,1953-11-24,,sn163,8155.86,M,90068,CT,Orthopedics,East Charles,Denied,Routine
f4ff92ef-3d80-4d8c-bee8-268ffba97b35,d9dd028c-083d-4775-841f-32281b28c571,7562c91d-3f75-40d0-85f9-798e6eb87c97,2022-11-11,2025-05-12,1950-03-09,ee323,Mi236,8159.84,F,10257,VA,Neurology,Lake Bobbyhaven,Denied,Emergency
43e7fe37-e465-424c-a5c2-1ff0c22e15f6,282dccb6-4332-4e1d-b395-b60b646e72d8,84dd0d64-b673-4c49-b8bb-1f4be2658bfd,,2025-06-25,1951-03-10,DV862,SN048,3100.97,F,44770,MP,,West Brittany,Approved,Emergency
c0532951-93bc-4496-b263-427f2ee8d649,403fbd65-85a8-452f-b2e5-750d0fc58330,19182517-ae8d-46a7-b2f1-7f3c0eb5bd4a,2023-05-06,2024-06-27,1965-08-14,Mb720,xV809,,F,11489,TN,Pediatrics,New Vanessastad,Approved,Routine
d6006258-8ecd-48ce-bf4a-92569443a3c8,d7d28424-c9ec-439b-9da8-c6a5dccf0302,34ace86f-d142-466f-8d45-057f58ca5af0,2023-08-26,2024-04-12,2011-03-16,kq374,Ak556,3297.27,M,05934,,,West Craigland,Pending,Inpatient
62cb650a-cffb-4a76-ab97-d4b90d2dd35a,16df45ad-96b6-4afc-865e-5a33b8aa3fb8,,2023-02-20,2024-01-30,2024-02-20,qL430,VP126,7817.22,F,37976,MP,General Practice,West Amy,Approved,Outpatient
d5f8f83e-bde9-4b23-b899-81fab7b635da,b4ab51a7-cca0-42c3-a75a-2aeccd3cafb3,cea8ae4c-88e5-4a8d-9545-d0890567ad45,2024-01-17,2025-07-05,1953-08-21,rp345,eB466,6755.28,M,72503,NE,Orthopedics,South Williamtown,Approved,Routine
65e03d27-6205-40d8-9638-7453f02881a9,c2453944-f7f5-4932-93f9-e50b02c6e76b,7c324a71-1b67-45a2-b6f9-5f10c3e9f068,2022-08-10,2025-08-08,1983-03-07,hM040,jU209,6915.21,M,09910,DE,Cardiology,,Pending,Outpatient
a8ac0594-f87b-45d6-bc5a-143390058def,630b8da3-e422-4b3f-9863-d4d2a4a8a03a,4b33892d-e54c-4aa9-8f4b-55cc86462ccd,2023-02-03,2024-02-18,2005-05-07,OX313,Ef491,6551.23,M,44520,WA,Pediatrics,,Denied,Inpatient
099f3b29-0934-43db-8d16-4720f388e0f4,1edee67b-4b92-4a9f-8ee5-78ecdf20738d,2e0e080e-51de-4e19-ba24-cd3f05a30ed8,2023-03-03,,1945-01-14,HD514,uQ365,6146.72,F,35198,KS,Cardiology,Lake Jamesville,Approved,Outpatient
acd7a783-7a2f-4c27-bf02-6678aa66b838,57de4101-5a2b-4007-80ed-a2020d8c9f1c,d73794cd-fce2-44c4-8cc0-789d310d48b6,2023-08-07,2025-10-15,1955-09-20,,Ml799,4181.57,M,50062,OR,General Practice,East Hunterstad,Denied,Inpatient
,,23cd7e9d-9cb5-4275-9850-0e37767aaab9,2023-01-24,2024-06-05,1987-08-28,QM489,ca333,7960.85,F,15289,MD,Neurology,,Denied,Routine
c360d9d5-fb66-4608-a45e-ffb057227236,b6704a26-58cb-42c9-bffe-cd1d4f7b5c88,00698dd9-fb4c-4365-a82b-8cf0c67482e9,2022-09-24,2025-06-17,1967-10-19,fH510,Bo619,1852.4,M,56731,NE,Pediatrics,Brookestad,,Inpatient
684ad819-6004-4bf8-9247-701692aadf50,ca32239c-ffe1-4297-b299-b62c58fe7917,83926f16-f929-4dbf-b843-e3a906b3e810,2022-09-14,2025-01-27,,eu291,ey133,4432.85,F,18097,FL,Neurology,New Robertport,Denied,Emergency
ad93985b-30b1-4daf-bd6a-3e2328de9b44,f3ec7416-e8bf-4e25-bb96-b9ae9d16b41e,da4cd91f-08ca-42cb-bb4d-942fb84392e8,2023-03-23,2025-05-31,1954-03-11,Xw412,vw839,2167.94,F,51573,HI,Neurology,Owensborough,Approved,Outpatient
cbc6169b-753f-4965-a5b7-52faf81647d1,8f4f92a6-97ee-4bfb-938f-becb7f272d36,66562bfb-8318-4ba6-909d-791c0dc341b2,2023-05-02,,2004-06-15,lc819,ge831,8554.22,M,16780,HI,Orthopedics,Bellchester,,Routine
b8138474-0cdb-4938-9076-a7c1fb3a443e,04dc3283-f4ff-42ec-b8b3-ac38fde3ebfd,79037f79-41d6-48ee-a33c-320ff28054fd,2022-10-15,2025-08-10,1954-11-14,,,1430.91,M,23314,UT,General Practice,Justinmouth,Approved,Inpatient
41e4d74c-8fda-4a64-9ad1-fe558fcaa84c,214136ef-b4fa-441c-b714-17cfecdae6c6,d148ca9b-fd73-4f49-b3de-620e508fe40d,2023-05-09,2025-07-14,1963-08-31,nD225,yp326,9414.71,M,71126,DE,Cardiology,Jamesbury,,Routine
c28f91b5-cb0d-43fb-9131-cdd911fa24cc,cf83ed04-7705-4de2-baac-3736a4bfa706,a412ff57-3238-4dff-b4be-36312bd8b499,2024-02-23,2025-05-04,1969-05-02,ZM910,qa147,4695.96,F,31587,WV,Pediatrics,Stephaniehaven,Denied,Outpatient
61832a29-ff99-407d-9922-d7d06d289965,0064f362-27f9-406e-bddf-1b2a534b3bd8,e6ef7542-7d5c-45ee-9f3f-91eea04d323d,2023-12-02,2024-04-30,2013-04-14,Tp564,oz014,,F,,MP,General Practice,Johnsonstad,Pending,Emergency
2a9a91b2-34e4-46e0-86f7-0548ac4fb7ad,41a3949b-c894-4d25-853a-419b3095f26d,c6ef55e4-8ae2-4db9-8564-d3777de14a37,2023-04-03,2024-12-07,1983-09-09,Vz979,,6807.56,M,24014,WA,Orthopedics,Scottton,Approved,Routine
24fa55d6-3303-431e-93bc-c42d96bfb60e,6a94f047-bb8c-42f8-a3b5-9c0556e0d079,,2022-11-20,2024-08-09,1984-07-04,WU213,UH293,2914.31,M,52056,GA,Orthopedics,Port Kevin,Approved,Emergency
9e232e64-2bc5-4914-bbf5-ae0501c4e6d1,f09e675c-d21f-4b62-bbeb-1a2c4ff65d27,fb750543-02b2-4a11-b94c-d9927f8500d9,2023-08-14,2025-11-20,2024-08-13,PF876,iy431,408.71,F,78528,HI,Cardiology,Dustintown,Pending,Routine
207a8fbe-a348-4ce9-a060-b27b04bc9186,41f1ae47-930f-4216-8a94-9b4471300aee,a0f78855-8d08-44de-9d62-c64a86b3e5c6,2023-09-03,2024-08-19,1985-12-23,yV235,iC655,7262.13,M,83978,MO,Orthopedics,West Valeriefurt,Approved,Inpatient
895228b1-67f9-4362-8ed1-1d064860f509,d6f6c697-33d4-46c7-93c4-a7f504de8bb8,55fa9ef4-b934-43f8-8858-8438604a55ff,2022-09-16,2025-02-27,1969-05-26,si796,zd663,820.35,F,,MA,Cardiology,New Thomas,Denied,Routine
b8c62117-29e2-47d9-9317-39a2f7b797db,200fce7d-067f-406b-8aec-bc4c41354727,a669e93e-4dc3-4c55-b783-cebf17053c4d,2023-11-07,2024-02-05,1965-08-04,tC743,UP735,8365.98,M,48373,MH,Cardiology,Contrerashaven,Approved,Emergency
afd0fd9c-e44e-478f-96ad-02bc33be97f0,897a2ab3-9164-410f-bd41-c8c005c052ca,547f6c59-15dc-48ad-92c6-e6cd67ecd617,2022-09-14,2024-08-03,1947-03-24,cp603,BD822,2599.13,F,55498,MH,Neurology,North Michelle,Approved,Inpatient
ea0b7e6d-775d-4bff-bf6c-bf50e5adfd5d,fa44abeb-3695-414d-ae64-3cfc5389dc83,d1368b4e-17fa-4d6a-b7c4-83250caec9b9,2023-06-01,2025-06-02,2015-11-28,ke413,hx403,6071.21,F,26988,FL,Pediatrics,East Lindaport,Denied,Emergency
65dd0391-6ade-4e65-a695-e6833ad7ca94,c9ed48d8-a16c-4b80-ae16-30f060326dfd,a942988a-f208-4dd2-8d3b-68fd6f3c617d,2023-06-11,2025-10-09,1991-05-28,lT817,Mx742,4560.39,M,03396,NC,General Practice,Michellestad,Denied,Routine
e28ecb31-6da7-4017-bd82-1952849f137b,951ceb7d-2917-4630-bd51-cc9b4692da6d,d761dedc-8a9a-4c3e-888f-0e5b9da067cd,2022-08-18,2025-07-25,1960-02-04,Vv548,LB642,,F,05679,DC,General Practice,Kimberlyside,Approved,Routine
28e1996e-3534-4ee2-bb47-ae4160908aa0,f935f98c-a696-476f-911a-e256f592e887,00798418-a57a-4e65-83bd-eeab0fd3a971,2024-02-17,2024-08-28,1952-07-13,VY947,NT824,,M,83889,,General Practice,Stewartfurt,Pending,Inpatient
54c89308-689e-4f09-bdbf-957e57315f12,e63f99ee-0de9-4af0-8ea3-c3327b845fdb,6403b1cc-8bef-45a2-8687-ba7f2ec73d9e,2022-09-24,2025-08-25,1935-09-28,yf609,br713,552.85,M,74323,GA,Pediatrics,Josephview,Denied,Emergency
3dccf5bc-07cb-4d9f-be55-fc70955ea230,990db378-be6a-48d0-aa91-b0219963bb17,a2fc2e51-d500-4e26-8b9e-57f87b09d8fc,2023-12-25,2024-04-30,1936-04-06,gF003,bL173,7008.54,,77056,CA,Orthopedics,Deborahton,Denied,Emergency
959cc9ab-52e9-4292-bb54-64da1f9c3a95,3cba92be-8544-43a4-8ff3-dc8c5244fffd,3d7a090c-d44f-4705-93af-0a07aa4d1fca,,2025-08-06,1968-07-01,eo150,Wc232,2687.2,M,06496,CA,Neurology,Port Jessica,Denied,Emergency
92a6b7df-9f06-4ff2-9455-bb67409e9b0f,681b1fe3-9bf0-4f7c-99ea-1f1c6056e39b,274ce6ee-f6db-4884-af1c-fe363ccef65b,2024-01-15,2025-06-03,1969-03-30,ln340,hm248,5924.69,M,42144,ND,Cardiology,,Approved,Emergency
5d1e401e-de8c-4409-bd21-e386419cb3af,60501e81-74a3-4acb-8358-41b377169d86,0ef3970d-0f1e-471e-b9be-85a30db39145,2024-06-16,2024-08-26,2007-07-21,Ru651,cM762,3217.69,F,28797,NC,Orthopedics,South Kimberly,Denied,Outpatient
6a67d586-4760-49fa-8a10-c412f1fa64b0,bf5094c0-c28e-4ef0-af26-eedb7c68dea1,fac9a172-7cef-4e4f-929e-44670bb871a4,2024-02-05,2024-02-12,1945-12-21,Ds284,Lm855,1059.96,F,14716,KY,General Practice,New Joseph,Denied,Inpatient
68742347-2b27-4aa8-b7e4-19928b9de846,64727fd8-bac9-46a0-b701-7c941b676d28,769fa2b9-1618-4ce1-b549-b8b059bf8391,2022-12-07,2024-07-20,1944-06-30,kO114,vY611,6107.78,F,33955,ME,Cardiology,Powellville,Approved,Outpatient
5029bee0-d91b-4348-9748-008f9b66deb2,bdb59fb9-3e4b-4f6c-99e8-da14f322970c,bd0498ed-2632-413a-bab6-4b2c66c9d120,2023-12-09,2024-09-05,2006-04-16,Gj554,NX743,2298.55,M,19438,TX,General Practice,South Connorland,Approved,Inpatient
05d09cd0-eab3-453a-bf07-86c30690db4c,fd943d95-7881-429f-a85d-d5426efb74f6,84471161-66bd-4498-bfeb-a0198438f3f5,2024-05-10,2024-02-16,1953-07-30,DZ146,Tr446,2726.73,F,,IA,Neurology,North Michael,Approved,Inpatient
fd06d1ea-52b1-4954-aa7a-73b88b02f2b9,03f327d8-050a-4ce3-b304-41a7a07b2da8,665a435d-ad27-4299-bbd4-6b868bda4032,2023-09-05,2025-03-29,1995-07-11,xC424,Wa034,8003.97,F,48594,PW,Cardiology,North Jenniferstad,Pending,Emergency
a693c471-2d15-46a5-9ab8-da2cfcea4f82,c9452c3e-df80-403b-869f-e2b4259c0023,0b9a7927-855e-43fd-a364-fe4fc362aee7,2022-08-09,2024-11-06,2000-09-22,iE950,cv118,597.41,F,88224,,Orthopedics,East Christophermouth,Pending,Emergency
801fab10-737b-4fe9-ba47-f45c99faf196,220e375b-4c07-4ed9-9371-ac5fe9fe2f0d,,2023-08-26,2025-05-19,1947-03-24,SZ012,eS103,9510.27,F,,UT,Orthopedics,Rebeccatown,Denied,Emergency
45b2cca4-0504-4fd6-acfe-091335427f42,7d346c83-6532-4742-8c88-771e162941f0,ce8907e8-44a2-49e0-b020-c4f9d4f3a96e,2023-11-28,,1971-07-08,BK381,sv544,4089.5,F,61822,,Neurology,Stephaniefurt,Approved,Emergency
67d392b2-c002-4d0b-848b-6317956cd38b,363cf997-8c86-4a20-88d8-0166a274b16a,1253f8a2-7a49-48e9-a379-ac6fd338f768,2022-08-01,2024-09-15,1990-06-25,cf383,zk118,401.95,M,13267,AK,Neurology,,Pending,Routine
519920a5-51f4-439b-a36b-f5332c2c5d0b,62522681-b9e9-4672-b324-bbd001cf861f,,,2024-07-06,1951-01-23,bL037,nK505,5118.51,M,88761,NC,Cardiology,Richardsonland,Pending,Emergency
90420d79-6757-48e8-9f60-0ff67d9568e2,2a0d4fe7-a5f6-488d-a5c9-cefe37d0b5ba,5829a8bf-3d3a-4181-8743-da7a889d8b46,2023-12-23,2025-04-20,,gG397,dA854,8007.95,M,38635,NJ,Orthopedics,Lake Stephanie,Pending,Emergency
c8b76e59-9615-4ec7-a5e7-10a364969e64,a662e716-7fa0-434a-b7f7-5d49431a3e97,ba8057bd-98bd-4940-99ed-dba6ac891404,2024-04-30,2024-02-22,1941-12-10,,CS841,2381.12,M,69118,NC,Cardiology,West Elizabethborough,Pending,Routine
,9bf5f782-ef73-44d4-b1d2-7a72cc99649e,577b507f-1b03-4a1e-99dc-e7971aa4f782,2023-03-11,2024-05-10,1989-04-07,Ff002,do269,5743.61,M,99136,OH,Orthopedics,West Erin,Pending,Inpatient
eb51423b-443f-4e1e-8b34-af2608109823,,b2c9fc2b-e138-4b50-9fa8-8462c1d05631,2023-09-22,2025-01-07,2011-10-14,aR357,yM788,1835.5,F,71493,GU,Neurology,,Pending,Inpatient
5f60628e-109e-465e-bf6f-e4038894a0a9,2a741d8c-9fda-482b-9273-ea8196ec764b,5c17e9b3-6551-47b5-9d33-f43e3855e5a4,2022-08-05,2025-01-02,1998-03-16,hg608,vX406,,F,65441,WV,General Practice,Josephchester,Approved,Routine
f0e2e242-c969-4709-b0b3-0b6d7be1301c,daf61078-5bd9-4a9d-bbef-4899d3d46d98,,2023-02-25,2025-10-02,1935-04-15,Ue742,FJ417,5372.64,M,98607,OR,Cardiology,Allisonhaven,Denied,Inpatient
f3967959-a31d-4654-8c77-6ccf1d8d0769,fca6fc10-940f-4f58-82bb-1817b6e60975,,2024-02-18,2025-08-09,1955-08-03,qu691,xG887,2729.27,,61358,GU,Cardiology,New John,Pending,Emergency
df9ce40e-8228-420d-901a-97107bc4fade,33311f29-1a45-416c-b97e-d17f8c63c592,f2491fd0-4e61-4eef-a947-5e72fa444f55,2023-07-28,2025-06-02,1986-10-31,DU065,OA885,,M,34829,SC,Orthopedics,North Raymondside,Pending,Emergency
f3980adb-81fe-4096-92d7-a4a678f01f64,88038120-e1db-4a43-86e2-09d672528cac,bec5ad9c-5e42-4efb-86c2-52f3ce1d6c36,2024-05-29,2025-06-26,,Vr942,Mi788,5553.49,M,01306,CO,Neurology,Salazarmouth,Pending,Outpatient
4d113fb5-942c-4bcd-9d06-07d2bf0aa0bb,336a72ad-4f3c-4388-931b-c7919b07caaf,b227e0d1-c51c-4db5-ba47-e9efca300247,2023-05-22,2025-01-01,1970-05-17,yy122,br037,2143.57,M,43024,NJ,General Practice,Jermaineville,Approved,
72443cb1-fb9d-4d6f-8a1b-faf6a33b9baa,00b18a80-c237-46f5-a574-fbae2f9ef451,dba68d3e-00ff-481a-ab77-a1b20c446963,2022-12-16,2024-06-17,2013-12-24,wI435,mO492,9572.32,M,82723,AK,Orthopedics,New April,Denied,Emergency
064b4335-8ec6-4107-a51c-f805d2f8689c,89cd7070-6efe-4e88-a4b5-165c33fcafa2,fd4d263f-2495-441e-88ba-448bd969c4dc,2023-05-20,2024-10-17,1996-08-30,wq225,pc891,8601.77,F,49637,NJ,Neurology,South Victor,Approved,Outpatient
574e783c-7af7-4196-b854-3980fda33386,95a6c119-1e5c-4471-a6c9-d0ba8384b8f8,731dc96e-3c08-45ed-a90e-8a2a87dc90d9,2023-09-21,2025-08-10,2009-04-13,wq532,LO095,9299.36,M,46526,OR,Pediatrics,,Pending,Routine
a7173e9c-0693-413f-8f57-c04f0e365d66,99fa02b5-9897-4afb-9e66-d53ee261370a,bd660e4c-9dc3-4575-add3-61215dc659e7,2023-07-05,2024-09-24,1968-02-24,Jw803,Nq712,9637.6,M,94132,MN,Orthopedics,New Jessicaside,Pending,Emergency
5f60628e-109e-465e-bf6f-e4038894a0a9,2a741d8c-9fda-482b-9273-ea8196ec764b,5c17e9b3-6551-47b5-9d33-f43e3855e5a4,2022-08-05,2025-01-02,1998-03-16,hg608,vX406,9396.78,F,65441,WV,General Practice,Josephchester,Approved,Routine
261445c7-fcc3-4677-8a96-5164f635acb6,4181b8de-8e5d-4beb-8689-608d538cc5a9,62e581f6-ce66-416c-8eec-61488ea6dae5,2022-12-15,2024-12-26,1969-06-24,Gs262,jr907,7968.61,M,24730,NE,General Practice,West Amber,Denied,Outpatient
737f5191-89bf-40dd-9f91-a019efd36801,75a1727f-3025-456a-bdfa-ab0e5a23479a,59e38d69-3048-4a73-861e-3a4d6a9d74d4,2022-09-22,2025-07-03,1956-03-19,,Rk709,3116215.29,M,90546,TX,General Practice,New Geraldview,Approved,Emergency
3199731b-c78c-446e-b8b5-be328b1d72b4,,eefa3fd9-73f2-4650-a895-0c84577ccd39,2023-09-28,2025-08-10,2000-03-21,eZ468,mU130,9052.01,M,67309,SD,Pediatrics,Jesusshire,Pending,Emergency
76a9a4ce-b59c-4a71-a292-b8943f3839e7,bc518b09-e793-465f-8487-de8a43663471,f30676e8-a4ea-44dd-b957-a826516e784a,2022-07-25,2024-12-01,1979-12-25,Zg822,Jl368,5110.8,M,38270,LA,Cardiology,West Mark,Denied,Outpatient
210405c4-9213-4a23-bae6-ee6b9f7f42c8,9256b4f6-e4e0-4179-a840-d4b1661c748f,dd3baeb5-475a-4196-921e-68e9b462e133,2022-12-12,2024-03-22,1965-07-27,Yj497,Ax951,1752.84,,73075,SC,Cardiology,North Ryanport,Denied,Routine
c3dce3dd-eecc-4425-9b05-807f720e0f93,76ce58ff-5a6f-4c6b-b5e3-82e39e73c600,cae4a732-580f-482e-8382-87517214fc90,2024-02-26,2024-02-29,1995-02-22,XX651,nJ360,8835.92,M,35319,MI,General Practice,South Jerrychester,Approved,Routine
,03fb598b-d04c-4ad1-8648-cb1a86a4da4d,a2bc3771-879d-4cea-b13b-a94c51bd50c9,2022-12-24,2024-12-20,1999-04-11,lB171,zE948,2936.76,F,23807,OH,Neurology,Christopherbury,Pending,Inpatient
808c70fc-c7e3-4ac3-92d5-2c064a0b0513,a1c793b6-3e67-43b6-8378-1c13fa9d06d0,1d1aac62-baab-4b92-af5b-315e282e02c7,2024-06-24,2025-04-05,2004-02-02,Id575,DD726,5606.29,M,87159,NV,Orthopedics,Johnsonmouth,Denied,Outpatient
3aad857f-d1be-44f7-b795-c74543171578,9e909a9a-4f52-4407-859d-6409d5eba357,909f0c97-c20d-4dd3-987f-c339c4bd5146,2023-03-31,2024-01-24,,VD177,pb247,8674.35,F,57044,TN,Orthopedics,New Edwardport,Approved,Routine
d071b433-ddeb-4d00-8857-609f657238d1,5aa28b2b-3609-468e-815f-20b57bb8c3b3,fb05065f-4b9c-40dd-8958-f2bcf52f90c1,2022-12-05,2024-02-01,1997-08-20,gy247,tL056,720.63,M,,WV,Neurology,Simsberg,Approved,Routine
68f4ffeb-e327-42b5-a85b-fca944ebb7df,ec7c6a14-9b12-4cd8-9c96-1b790cff7e9a,f43205a7-e95a-4e06-8234-ad28590d81dc,2023-08-21,2024-07-25,1968-05-23,wt381,Yx786,3212.12,F,43070,ND,,Port Sarahview,Pending,Routine
94db3857-bffc-4340-a70d-3785cfcc4cfb,bf3d634d-c20f-44d5-bda8-864a5c0e8c69,c2a8a49f-77cb-46d5-9bbf-a81c1f17bc59,2022-10-11,2024-02-15,1996-12-30,an832,tT404,7036.05,F,40648,A1,Orthopedics,Jessicaburgh,Denied,Outpatient
c57ca76e-6b67-4b71-88f9-205448efff9d,7cb08c74-4287-44a0-8f8c-237e5195b38d,673f598d-19d9-498c-883b-314793f5c3c7,2022-11-15,2024-07-15,1957-10-31,IY504,LR733,2858.6,M,79885,NE,Pediatrics,Hoganstad,Denied,Inpatient
cc871afd-e162-4184-aa2d-fd4009e65fa5,62ea3b64-d2b8-446c-815d-3977ca4d5a85,813b73da-1b20-4c7e-ba8a-430b9db73bc4,,2024-09-28,1952-11-10,gK918,jb598,431.97,M,14858,OK,Cardiology,Lake Ryan,Pending,Outpatient
9d09d696-f19a-4090-baa6-03a276e145d4,1d470ecc-d2ee-4eb8-98df-5998ab293120,72f9e9e0-0b99-4ccd-a2f5-a74683dd6732,2023-11-07,2025-11-18,1980-03-11,TR431,oR875,7444.77,M,07188,AS,Cardiology,Edwardville,Denied,Routine
8f9334d8-3f53-4518-ac78-23752c8d0489,4e9999af-4df6-404f-aaf2-db96d6c477f2,d0bcd646-b74d-4b6b-b184-22f037963bd9,2024-01-01,2025-04-02,,dG611,bt843,3109.07,F,36822,ME,Neurology,Alyssaton,Pending,Inpatient
66f69d32-d79c-4f5e-bbc3-0f0aa8347ba4,b2194fe6-e9cb-4881-9a82-c1ae0db8fc79,135d6885-805f-4ec7-833d-ab9aa092c691,2024-04-10,2025-01-01,1947-08-24,ue626,dK181,6233.93,M,87608,MD,General Practice,Stevensmouth,Denied,
6ec85ff2-311b-40c6-b174-643690fd3665,,6a2f5a22-6f5f-4eb5-b953-cec44d1c87a6,2022-08-26,2025-08-27,1962-04-20,Pn840,QK779,4240.61,F,98900,IN,Orthopedics,Port Mariahfurt,Denied,Emergency
1a015744-372d-4561-8205-78ae7e0a6fbc,c99bb158-f4ed-494c-b2b2-cc49411bd2a2,5452e525-701b-466e-86bc-0230cf0a3505,2022-12-06,2024-11-28,1973-12-05,LY069,HV357,9451.68,F,03011,NH,Cardiology,New Danielchester,Denied,Emergency
4abaca86-16e3-4a3e-9e8a-82f8aeee6bdf,9e907f38-578b-4fe6-a30b-58d180879c7e,c84cf31a-b64a-436c-80d2-f43548f450d1,2024-06-16,2024-09-03,1957-11-17,mC957,qa968,3456.39,F,10488,UT,General Practice,East Nicoleland,Pending,Inpatient
d646ae3a-5c74-4ced-99b1-46d114c67899,,552bea53-b1d8-4092-a314-52077f909e07,2022-12-09,2025-06-06,2009-06-17,wy464,TB842,1713.89,M,65516,AL,Neurology,Kimville,Denied,Routine
5a4985f5-93a3-4425-b1d8-231ba58fad10,47a69fba-ce33-4f10-b8f8-66397bcd4c2e,a0d5ce07-c4e1-4b43-aea1-0b770836c805,2023-12-20,2025-11-01,1983-05-14,Vi652,sX541,7667.29,M,55662,IN,Cardiology,New Susanhaven,Denied,Routine
437293a9-3346-4bd9-b9d6-07a94be356b0,66f0b48d-3db2-46b3-bfa7-b92fc2d194d8,14e651a4-9c54-4f7e-921a-61b7a08b26df,2024-06-09,2024-12-16,1969-05-19,Su351,nR501,4447.44,F,58190,SD,Cardiology,West Christopherland,Pending,Inpatient
e6db6250-7399-4180-b8a6-f1d181df5422,39af75be-b979-444e-b9fb-d594fd020d74,6b09e530-b502-46ba-800d-820ed1bda00f,2023-05-31,2025-10-02,1941-09-29,Ku903,Fu863,7277.56,F,45706,AZ,,Antoniohaven,Denied,Emergency
4b627c7f-3210-4df3-a30c-24ba14a30525,77e19d1e-bba1-424c-91de-157682a6d8c5,07c69471-16a5-4bca-9b6e-069a40cfc051,2023-03-16,2024-07-31,2013-02-15,OC742,mM276,5707.41,F,63402,AR,Neurology,New Justin,Approved,Inpatient
320b7a3b-e1c8-470f-bc78-df7f7143afc7,9229e157-fc90-46f4-a8a5-eb95dba6a89b,ec792f03-9b5f-4eeb-9c54-0aea349d3c54,2023-03-14,2024-07-25,1995-03-04,Sy114,zC846,7873.24,M,35122,KS,Orthopedics,South Taylor,Pending,Outpatient
ecac37c6-4852-4c5a-8984-b6f291aef8ad,9c5ed74a-28ab-4c90-8bd8-302c8e35063f,7a659069-9490-4f10-9c37-ee84bb3c08d3,2024-03-17,2025-05-02,1967-06-04,ZJ516,,5865.98,M,45115,AL,Orthopedics,West Melanie,Pending,Outpatient
4fdead32-9f6a-48c6-9588-c23d07ca8247,886ee438-c44a-417f-aa63-17f9fad4bb25,07db60da-1f61-444e-8b65-633f461c1795,2024-05-09,2024-12-02,1974-04-12,An136,nS880,8995.75,F,,VA,Cardiology,Lake Brian,Pending,Inpatient
,8463859e-6cbf-4002-9981-3da4761e69c8,d7ad6a44-5d5a-4d4c-ac3f-27e774a08c6b,2023-08-27,2025-07-15,1987-02-25,KJ476,Ei366,2775.45,F,12721,DC,Cardiology,South Jimmy,Denied,Inpatient
,4f37a989-0ed1-4867-9220-4da085e91f80,8eecbf16-0533-48cf-9caa-f48443c8c77f,2022-10-20,2024-10-02,1969-12-16,nI539,ZK300,2892.14,F,26594,PW,Orthopedics,Welchview,Denied,Emergency
8aa19784-1dfc-456b-8479-3048b0397746,9a99042b-233a-41a6-8df3-70858d5d30ce,e00ad6b4-5560-4ff2-a6aa-ec430de6a33a,2024-06-24,2024-10-05,2000-12-01,Sx530,En017,4155.33,F,14289,NE,Pediatrics,New Russell,Denied,Outpatient
ecff24b5-5d85-4da0-b4fa-e0c34927b4ce,a0679ed4-ddf2-4921-a153-184eeecf0f1a,10265277-46ea-43a9-bebb-74d6aa867a8c,2023-04-08,2024-09-12,1991-12-01,vK822,va306,7671.62,F,16272,FL,Neurology,Jamesland,Approved,Routine
7ee26fe7-f777-4ebc-985a-50fccd88f232,2863e994-5335-4dd7-9fc8-0c51962a26c0,95228059-a391-408c-81cb-6324dd021f12,2024-04-11,2023-12-27,2011-05-17,Cz064,JU524,1101.11,F,76484,WV,Orthopedics,Holdentown,Pending,Inpatient
0110ab4a-436f-4793-ad0d-e5b406f53e99,c848f94c-0c56-4b4d-8c35-bd3ad73b3de8,b228fba3-0519-4489-8368-55eee19ff416,2023-10-22,2025-04-24,2009-09-27,Go556,qc673,3939.48,F,72972,IN,General Practice,West Danielshire,,Inpatient
3a52ebcc-d384-4d7a-9fed-d833829724f1,a62e2386-5a28-4aa5-be15-1ff19f35400b,6f9651ab-aaa2-4b71-86be-e55bfca8459e,2023-05-30,2025-06-25,1966-03-06,NO207,Th232,3098.87,F,23277,AR,Orthopedics,,Pending,Emergency
0cc0b1a8-c163-4fbc-b3d5-32ccfec8775d,172fc0ff-1a41-474a-83eb-99ae7425cf0d,6c6289ec-0b19-42e7-ada7-54efa8564dcd,2023-11-27,2025-07-19,1944-04-09,au372,iz305,7762.51,M,35572,VA,Neurology,Lake Todd,Pending,Emergency
f977bf9c-e979-4833-b9c0-ef68afbaf946,,7e10f3b5-a4c2-4328-8feb-25983c73d721,2024-04-02,2024-12-27,2010-11-29,Gs930,jP726,4587.56,M,79660,NC,Pediatrics,Rodriguezfurt,Denied,Routine
70fbc389-116b-4178-88bc-1eb44a8ec55c,24cf57c5-8555-4ef4-b39e-e05106bff41d,5bf1664b-42f5-432a-a1b2-3ec30a616afa,2023-01-29,2025-03-12,1963-04-14,eM608,We633,7995.39,M,89589,NY,General Practice,Port Christopher,Denied,Outpatient
,f5018f3b-ba79-489a-8a96-a926c454f049,4a22585f-6c6a-43ef-b029-37ed656ab0b3,2023-09-01,2025-08-09,1970-09-17,WH475,XQ233,777.74,M,60035,ME,Cardiology,North Adamburgh,Denied,Outpatient
874a8207-48f0-4ecc-b99c-7b20bd82a9b1,755139e9-e74a-4af4-9bb9-35301f4b6ce0,61ef8e11-992c-49eb-bc49-e5e7af32e8b2,2022-11-12,2023-12-07,1985-08-30,WL621,rh697,8763.82,F,59622,TN,Pediatrics,New Natasha,Approved,Emergency
9b61f3f8-6e84-4ac8-ae82-082d67d75b16,5e09a6bc-f7c6-49df-b29d-48f27a21f193,0b02f50a-efdf-4f51-ab98-58e9eda5d286,2024-05-21,2025-05-12,1936-01-20,In001,Qv016,4153.18,M,87266,HI,Pediatrics,Michaelstad,Approved,Inpatient
2638ca1f-e244-44c9-9de7-e1b2899f8a47,c6ecbb89-daef-4919-8a34-068021d6f901,,2023-04-05,2025-01-25,1987-05-04,XW305,IA056,6955.12,F,32971,PR,Cardiology,,,Inpatient
20485065-25cb-4970-a0b2-9207f06a9945,3280c709-0173-432a-ad7b-ee67e398c83f,b5ec1f79-9970-4866-8cae-3206c2c497b9,2023-02-05,2025-04-15,1950-10-19,eh317,GL417,4176.48,F,20134,DE,Orthopedics,,Pending,
6cb7624e-cd12-4f29-b81f-3d3d4b5d177b,7c8e5541-0b33-4a68-b64a-1482ec8abffd,b095ee46-a0d1-40b4-afba-63e40f946503,2023-02-03,2024-05-14,1954-11-23,An811,bb379,1452.35,M,91888,AS,Pediatrics,Craneberg,Denied,Inpatient
965819fb-7530-4cf1-8e2c-cf3febf2e28b,f4480cec-d3f3-40de-9077-c563a7fcf58a,bcca53e4-3684-4a88-bb3d-0ea82872856e,2023-07-15,2025-11-03,1984-01-10,HB948,iw175,279.43,F,05118,MO,Cardiology,Delgadoville,Approved,Outpatient
8dd895da-f7c3-4824-8d0f-8cd4781c0411,414f4244-5a42-4697-8a6b-d1d8c39d71e4,f53cee02-6a5e-479d-bc00-e0891b1981d1,2024-06-13,2024-04-27,1988-05-17,sj118,Fc370,7412.11,F,33582,MT,Neurology,Jenniferside,Pending,Inpatient
35c68b7a-e1de-4b21-99a2-ffc85ba9fe97,bdeef1a8-9360-43ae-9ba6-6476d99593a2,f013dded-5d2b-4e70-be4b-7172aa2fb325,2023-05-10,2024-06-18,2009-06-19,CR846,BQ189,8173.07,F,10943,IN,Orthopedics,Jacobton,Denied,Routine
f60e685d-8223-4f1c-9433-e809a6fb570a,d8c2ce85-7a1e-4117-87f0-35f58f9c1f1b,840e4976-2e7a-4e67-a03f-2d517536dd03,2023-04-21,2025-03-29,1988-04-30,hw258,vJ094,8657.89,F,83121,WY,Pediatrics,Mooremouth,Pending,Routine
498c45a2-84d8-4762-a3fa-aadb135a3bed,3891e8fc-91da-40c1-bcfd-38bdfbef0e68,0dc1fb30-eb67-4d39-bf89-36f4d9c04720,2022-08-21,2024-10-13,1949-04-05,pa475,vP608,,F,16270,IN,Cardiology,Horneside,Denied,Outpatient
fa171949-30de-437e-a8e7-afa8de117474,7c39c289-edd1-41a2-b510-0104d10db6a5,7df73882-c5e2-40ee-9e3d-d7bb956d1694,2023-12-14,2025-01-01,1974-12-06,Ae033,Wb550,1853.11,M,,NV,Pediatrics,Nicholefort,Denied,Outpatient
725db9ff-5b68-4785-9af5-358ad534fb1d,ec44a568-fd93-461c-8b93-334409ca234c,a099246e-0d1f-472f-bfd7-650bed3adb98,2023-12-08,2024-04-20,1994-10-28,Eg167,rS978,2586.58,M,70323,ME,General Practice,South Robertton,Approved,Outpatient
3a10b74b-8c71-43f0-9d97-7ac6400e1e6d,cb8b97a9-6ed7-4451-9153-fcac2bec0399,65d55614-d2c5-4768-9de4-69a21118c446,2024-05-14,2025-03-14,1998-04-16,ZA872,,4572.5,M,64086,OR,Pediatrics,Stevensonburgh,Approved,Emergency
cf87f914-3229-4949-b600-634b98549a76,96e6e5e5-ee10-4f1a-856c-88bb6cb405d9,411aa164-78ad-44e5-bbdf-27d661dfe153,2023-01-01,2025-06-07,2004-02-16,ya676,Si551,6033.66,,33940,AK,Pediatrics,Lake Stephanie,Denied,Routine
,6a40f006-22b3-4534-ab19-36e49e041703,4bf7f35f-842d-41b5-b56d-9a20a9f49100,2022-09-07,2024-02-19,1996-08-01,kJ981,Nj094,7973.15,M,27933,IN,Neurology,New Kevin,Approved,Routine
90635f3a-5c53-4f4f-9807-a43fb9c9363d,,6c18add1-be23-432f-aa38-86a886ede874,2022-08-07,2024-08-26,1940-02-01,ib275,Eh823,6326.53,M,77302,LA,Orthopedics,East Robert,Approved,Outpatient
ade6b1ae-5674-490c-a89b-9794a45b0710,3021802f-a0db-4569-9e25-94661f51e6b6,118e2e3b-b549-4f0a-939f-6849283b6471,2024-03-27,2024-11-19,1963-10-02,,sM660,8464.27,F,23342,MO,Orthopedics,South Ann,Pending,Emergency
bbbda4f2-27be-4a04-8951-542044aa588e,a36c2281-d4f6-42fa-85b4-070009f6dd78,1274ddd0-5f68-4372-9982-7deb145739c3,2022-09-13,2024-05-13,1996-05-05,rF121,UU645,1236.21,F,32690,SD,Pediatrics,North Dawnton,Denied,Inpatient
cb5c9a0c-9236-4a73-8f12-2b2f78e69c52,33e1c252-b4b2-47e4-8f31-35b9712f4eb9,cd2029dd-4269-41e4-9dd8-54c5720ae7df,2024-04-18,2024-05-18,1945-04-24,Gc648,js264,,M,07143,MT,,Ashleyfort,Approved,Routine
79e1cc1f-05c7-4f38-bde9-d8b669cdd8d0,38cee2ce-e1a3-4307-9d55-2f35cb5440c7,5a6b7b5e-81c4-4e27-88bc-21b8ae737c9e,2024-06-20,2024-10-08,2001-06-22,BO855,So760,5134.85,M,47188,FL,Pediatrics,Lake Kelly,Approved,Routine
675e60e0-7823-490e-b8ac-32bf428c69f5,c06d2824-628f-4f3e-a8c9-e74c02b931ee,ab2788a9-9f7d-47dd-a9ab-8d5d2caaaa85,2022-11-05,2025-06-19,1945-05-05,yE992,YP515,3570.82,F,77842,ID,Orthopedics,Michaeltown,Approved,Emergency
32246197-80b3-4156-ac6d-4613590a59f7,c6726335-6aa8-4444-9a2e-678711bce070,bfa4e789-ce25-4ca0-a386-100b859acc7b,2023-09-02,2025-04-22,1956-01-26,gP353,tV450,276.95,F,34167,OH,Neurology,Dianechester,Approved,Routine
1fec3478-64d7-4129-8e1d-10c8ee0ee9a7,c861fb5f-faf9-4cf4-9b3c-f2c9646973f0,84e32dc9-950b-48fb-a13c-c93676461fe0,2023-09-03,2025-11-27,1988-12-29,VQ184,rb170,3642.33,M,,RI,Cardiology,East Matthewberg,Pending,Emergency
dca2e8e6-fcc1-4f70-be58-52a5a6cdf5e3,c7dc2e29-a3de-4d5b-8670-f7dce3cd88ec,f1a795c5-7e7f-4d4f-a505-cf653ec08ddb,2023-04-02,,1959-04-09,Jb341,,2825.35,F,39287,PW,Cardiology,Tonyland,Pending,Routine
7750e8e7-d4cc-4a0c-98f5-5440b8b4b3f7,85356ac0-ce9e-4e95-be40-4221e8d71ae4,4e0304d3-a784-4235-83a1-6c4382cbdea2,2024-03-24,2024-11-28,1971-05-20,hz532,aO639,6239.31,M,85285,CA,Neurology,Lake Teresaville,Denied,Routine
db385629-0db6-4337-b1b1-53a89a239594,fd2267e2-70c9-4cc8-a08d-eb9e6a1a5004,be293022-5493-4625-a65d-d3e46c8c728c,2023-07-16,2025-05-29,1963-01-06,,Mw387,3382.49,F,83656,KS,Neurology,Jameston,Approved,Routine
9aa03706-bcfd-4b26-91cd-f5263b7f33ad,16e3242d-b584-4f1c-b700-fc63d37f02d2,a1f367a9-3b5a-49ba-839a-993ac48db61a,2022-09-02,2024-10-10,2010-01-07,bt636,KP016,3478.35,M,98877,SD,Orthopedics,Elainefurt,Pending,Routine
5c9f0ad7-7a7f-43e5-9573-aedeea489b3d,cffb37c3-2419-4550-b584-777b7e4b0bae,a2a3e26f-6fed-46db-99aa-4245fbe39a62,2022-07-13,2025-10-22,1996-01-27,NL778,ML644,,F,27614,WV,Cardiology,Martinchester,Denied,
6647589e-8a6b-48ec-86ea-300ee88ef88e,5c5fd919-b1a3-4453-b876-053a01a00111,35762a66-f87d-40b5-9c07-32cdf25b1eae,2023-10-31,2024-05-26,1955-09-13,au429,Qb338,2390.67,F,18045,GA,Cardiology,Kimberlyville,Approved,Emergency
17e0168f-6845-47eb-ac8e-5f6a02386c94,f40e3de3-e4fe-4b2e-91c6-3132a3cb89f2,03bf694a-0d17-4a78-838d-8b75e77fca3d,2024-02-17,2025-03-11,1964-01-07,pJ156,oh441,9472.66,M,82314,CO,Pediatrics,Sophiafort,Pending,Emergency
cc50483d-1bcc-453a-91ab-7e8a295b49e4,c94b4556-202b-43e8-9ecb-cb385bb0afd1,b5c5deb2-cbd9-4296-9c1c-70b534e888e3,2023-01-09,2025-04-02,1964-12-05,XN199,BU491,3772.32,M,87014,OR,Neurology,New Kristin,Pending,Routine
b2bb8860-5d40-4629-9aa1-65581d87d038,,b4c86b81-b623-48b4-8598-2a4f46478bde,2022-07-22,2025-10-30,1956-01-08,rl279,Nm911,5336.48,F,01669,GU,Neurology,Gentrychester,Approved,Inpatient
8459b3ed-4771-47d2-a878-16d227740d56,790b15c0-d05a-49e9-a981-cf857c9439bf,3c5d3607-423d-4743-a6e1-e364b709a71e,2023-02-04,2025-07-17,1992-09-17,sZ774,En151,9848.23,F,72825,IN,General Practice,Grantborough,Pending,Outpatient
1210e088-9af5-4323-aa65-1d5820075bfa,76569865-e866-4471-9c9e-a6367b63f245,930afc59-71a1-44e2-81c2-25563a0d3714,2023-01-15,2024-09-02,1941-06-18,gd127,Wr717,1777.98,M,18504,UT,Cardiology,East Cameronmouth,Pending,Routine
18b1adb3-4d6b-4675-be2f-6c4c86e5d99c,490168b5-4682-4711-846a-d088bbadae01,79189832-c6d4-4ea6-b6dd-d49845512f1c,2024-05-14,2024-09-03,2003-02-25,JE915,qg183,8734.03,M,45848,SD,General Practice,Sandratown,Pending,Routine
d73738e1-299e-4e81-9715-a5be8febec8e,73b7b55b-d93a-4507-9580-20e77ef29ef7,da4969a1-9a90-4181-a5da-76016e13e33b,2024-01-28,2024-03-26,1986-05-13,bO594,bT896,2301.38,F,94196,AL,Neurology,Yvetteburgh,Approved,Outpatient
95b5b999-8c02-41e3-ad0b-ec409e3fdc41,46b6aeb4-8206-4bc0-baef-1bb6987571ff,72c68b3b-b256-448c-8454-8020e94bb5f8,2024-05-30,2024-05-18,1995-08-16,Rw439,MC564,4975.93,M,28291,OK,General Practice,Julieshire,Approved,Outpatient
e8cf645d-43e2-4ee4-9075-46c0d77d2d5c,6197aefb-4c33-471e-a537-61e791cd26ef,48f7db86-ebe0-47b3-82c9-03552c27bc29,2023-09-26,2025-02-23,1981-09-07,GS806,bv298,8084.96,F,03599,NC,Pediatrics,Jimenezbury,Approved,Outpatient
9aaa54ee-3e24-4c31-8204-01978d744cf0,13bd779a-101e-4850-9cb2-71ce1dbb9797,7c484d50-eb0c-478d-977f-866efced7bb0,2023-06-11,2024-10-25,2014-01-09,Sm379,VM717,414.26,M,64794,DC,Cardiology,Christopherville,Denied,Outpatient
e1464b6a-4ea4-4fa1-952d-e16ebdd032c5,72f46521-1f31-4707-bbd9-4760af6d9d5c,e84f0876-375d-40f4-a112-46c24ac59627,2022-07-10,2024-01-27,1976-12-17,JM943,jS486,9203.36,F,62611,PR,General Practice,North Cynthia,Denied,Outpatient
12841d23-dec6-419d-b6e5-b7062fba0e34,1fcd0777-07ef-4414-acf4-b362de3c645d,3295110d-d0c4-47b3-aa42-6eb60f498d8a,2024-06-01,2024-10-15,1984-07-07,TE780,ny219,9401.73,F,28314,WI,Neurology,Jacksonberg,Pending,Outpatient
bad8c173-d36c-4595-b4d5-705753a84e06,e994e2dc-dd1f-489d-ba80-2b08dd53af48,,2023-01-12,,2014-10-12,St246,,9350.23,F,00892,,Pediatrics,Calvinville,Pending,Emergency
7265d1fc-644d-499e-9fcd-b9b9fdbfbf41,4b919530-4f30-4597-80f7-f240717f5e51,3c72d0a5-78ba-4d5e-bb10-23e90d232849,2022-11-15,2025-11-05,2012-03-19,cZ908,mi381,3645.58,M,40632,PA,Pediatrics,South Melissamouth,Pending,Routine
d85aa904-3b83-4d62-bde7-9d007fbd0e5e,6e968cd3-dc01-42d6-8fd7-79f42e571e37,19a3997b-b185-4ed0-95c4-bd04f09ed8af,2022-10-28,2025-09-10,1949-07-10,IU082,sl439,4923.93,F,69695,OK,Orthopedics,Tonyview,Approved,Outpatient
a0e1085d-79ac-4fe3-a542-88c6379b758f,8c06dc86-f64e-437a-8c74-ea5c6f381052,2663c3ba-ea86-4f9d-a7dc-6be9a024b362,2023-11-23,2025-05-20,1935-08-13,gf111,Ev367,4692.93,M,63105,MA,Pediatrics,North Aaron,Denied,Routine
,9f580ad0-1ec9-4326-9257-6fe016396f2e,fb7a57ce-155d-48fb-a37f-fc8e7ef36e12,2022-07-19,2025-04-20,1948-06-22,QV989,Jo716,750.38,F,01663,FL,Orthopedics,Figueroaton,Pending,Inpatient
e8b8165b-1233-4e52-930c-6fc9709949e2,3c6ce7d3-1f06-491e-9797-d038eaa00f0d,cbb935a8-cf18-4cbb-b29d-90a5a3c0f021,2022-07-16,2024-12-05,1938-06-18,eG068,GZ774,,M,78565,ID,,Nicholasfort,Pending,Outpatient
99540959-6ff4-49bc-bc14-47dbc47ec6b3,b7479653-c10b-46ef-822d-7e428893bcc3,ffb424fd-5e3a-49f8-8c46-fea0d80688ee,2024-05-12,2025-05-22,1987-10-26,DN079,Vx872,264.27,,29504,FL,Cardiology,Justinport,Pending,Routine
f0318543-62ce-4a40-9bee-864d108e09c1,144a722b-aa8e-4347-8471-ae79f76132ff,3ebfb37a-b657-4f05-b456-30fc1ebf63dd,2023-07-23,2025-11-16,1948-01-10,ff862,rg719,4094.48,F,27235,NH,Pediatrics,Jacobsland,Denied,Routine
ed0acb31-e91a-43e2-a48b-2737d7ccfe17,ea0c0765-ac3b-4662-a6f3-00183e5d83fc,,2024-06-03,2025-07-08,1935-09-30,TO373,Os969,,M,69483,KS,Pediatrics,Banksside,Denied,Outpatient
4aa9ee16-ffd5-461b-9ca5-d976d73d8b00,08b27fa1-f9e6-4b2f-89bb-5b1fb0d201f8,88b37355-970a-4a02-bf44-336748f651c9,2024-03-04,2025-05-16,1998-07-23,py344,Yp616,5472.97,F,,NY,Cardiology,Clarkmouth,Approved,Outpatient
7a6ad17b-4494-4352-85bb-aa1097f628f6,d5dd2373-495a-43e1-8de4-1aac7da38b94,5c88fa90-b837-49bd-9f6b-2b57ee650b63,2022-12-12,2025-08-31,1985-04-14,fy756,Nl171,5720.5,M,64765,NJ,Pediatrics,Ochoaville,Approved,Inpatient
28716420-de01-4633-91d8-95f543e5da6d,5443f1a4-8f44-4738-9524-3942ad0359b6,dbd19287-96f7-472f-9f4b-6445c6b03794,2022-10-12,2024-12-15,1980-11-08,dp234,hx576,5872.11,M,50532,MS,Cardiology,New James,,Outpatient
60bab648-d33f-4885-9a2a-b05f92f5196f,4513605a-3c23-49b9-abea-479a72169ca8,,2024-07-02,2024-09-24,1951-01-10,fq674,SY139,1130.69,M,01461,AK,Orthopedics,North Kyle,Pending,Emergency
6fda898c-94f5-4752-8db7-a02123205c23,e4eae242-5dad-4139-972a-b6b0dcde1382,57d223c3-a2eb-47d7-b5c0-8ead72fb3d41,2022-12-31,,1971-12-20,,Fz882,7646.8,M,85277,OR,General Practice,Mooremouth,Approved,Routine
f177c1c9-23ed-4051-a8b2-8989a5047779,3068131d-e8a0-4271-b6a2-f95d420bdadd,0ef753ef-6658-4413-97e0-99cc2b9db8ba,2022-09-27,2024-08-09,2005-05-23,rj682,Ad322,4038.58,M,98235,AK,Pediatrics,Lake Jamie,Approved,Inpatient
1db259d2-0dab-4af2-8cdd-9e508bab6a9b,d11e9387-aa0c-47cf-9d4d-353dd9506c77,059b1982-5b3a-43b9-8e98-913b86ad0dc5,2024-05-19,2025-01-18,1988-06-09,TO936,kS826,1027.38,F,,NE,Cardiology,Bowenberg,Approved,Emergency
49f9d47e-a37d-48e4-bfb0-a7adc408549a,f19fa3d7-d18b-4735-8c69-c2aaf8fbf76a,d8174c6f-d197-4a18-9335-1a859e23a438,2023-05-23,2025-03-01,2011-12-24,eb826,HG060,-1188.9,M,95331,MT,Neurology,Raymondburgh,Approved,Emergency
9e1eb230-5a4c-4a98-b115-9b4da2603fbe,66495c0a-fb7e-4e29-a5a4-26d611b1e98a,4d9b993e-894e-4c1c-bf2b-39169c2e9768,2023-03-08,2023-12-30,,nZ386,gq384,6188.63,M,74672,AR,General Practice,New Nicholas,Approved,Outpatient
55989179-0c47-48a9-bdbc-00c5c81ef8ea,c4b8d167-085e-47fb-bd15-ec7e45cca6f5,87d092be-2d21-480d-965a-c50e02c87af9,2024-03-14,2025-08-07,1968-10-16,Hk629,gY011,,F,69506,,Neurology,West Isaac,Denied,Inpatient
bb45fe0a-f72a-4b00-b2b0-143fcd10a721,e4b1583b-aeaa-4de0-88fd-6a942ff7dc81,2b3966c6-3745-43e3-a431-a7c678d2ab35,2023-06-30,2025-03-05,1977-09-06,fH847,JN356,,F,35263,MI,Neurology,North Benjamin,Denied,Outpatient
dd216a4c-ce95-4a05-a3fb-a6c2f6ddaf16,29762f4f-4f2a-4c6e-8e86-4a176aa80687,ab4ee215-29d6-4311-8357-844acfa80a16,2022-10-24,2024-10-21,1973-06-07,Vc180,sD252,6709.17,F,76347,MD,Orthopedics,North Hunterville,Approved,Emergency
0885fdbf-88b6-4baa-a9fc-280e6cb97532,5e59c58c-33d0-4a72-8197-bab4476172ac,0275d731-beb8-4414-9d0c-a79c8ea71e1e,2024-06-07,2025-04-04,1984-07-03,IN854,kM682,8003.1,M,25561,ID,General Practice,Hudsonmouth,Denied,Outpatient
85f403a8-a176-48a2-993b-eed52222dfcc,17fc11a9-162a-4b85-9087-1182deef4156,,2023-02-03,2024-01-06,1942-02-20,FI445,Ba982,,M,54732,,,Henryshire,Pending,Outpatient
defff496-6e3f-4702-b1f3-f286647309c5,42619045-1f9a-4720-a296-333d8159c5de,4c927518-63dc-42d1-91c0-9f00816dffd3,2024-05-21,2025-06-30,1957-04-13,HU411,jR861,-1931.61,M,,UT,General Practice,Garciachester,Approved,
0eaa5fd7-cb4d-4ad2-a65d-98137cdad70f,e58ebcef-3387-4685-ac17-34f5a9799f78,d58fc57f-8634-4024-a0ce-28c61645d9d6,2023-10-20,,1987-03-10,uq640,bC477,7695.16,M,24074,NY,,Richardberg,Denied,Inpatient
1de3b0fe-fce6-4d03-8f6e-92d9fcafdc12,a7f79f9e-ceab-45cb-abdd-fa5a99234f06,3c27aff7-11b5-44b2-b3bd-a59515180f5c,2023-01-01,2025-02-20,1985-10-24,EZ415,jM885,8902.37,F,94836,WI,Pediatrics,Luisfurt,Denied,Inpatient
a881f296-a7f7-4c30-9655-47c8954083fd,25f780dc-6d1a-458d-a70b-1203ec7ec5f6,c1c81c94-7aec-4329-99ec-8334d8aaaaca,2023-04-30,2024-02-21,1984-05-16,ei404,lU507,9389.57,F,61834,AR,Cardiology,Kellyberg,Approved,Emergency
e0817ca9-188f-47b6-bdf7-225c2be228e9,,b566d14b-128a-4bb3-aa0b-6daac3fee09b,2022-11-28,,1945-09-24,SP567,FD158,2805.27,M,11911,KY,Cardiology,Shawbury,Approved,Emergency
fd5fa933-a1cd-4659-add8-98c47964c217,6d5fd3ad-5159-4695-a730-6aa8fc5a2fce,,2024-04-07,2024-09-16,1989-02-06,Pw853,sF126,4019.78,F,72945,GU,Pediatrics,Anthonyberg,Denied,Inpatient
46253700-6169-4e73-a39b-69b4a40d2049,70301632-7664-44f3-9309-6aa3c414dac3,ecdb617d-a776-4d94-97bb-d93bef3f2edb,2023-12-09,2024-12-17,2001-03-04,Dm945,GV986,1342.95,F,06308,VT,Neurology,Courtneyburgh,Approved,Outpatient
c8dee90e-c3e9-4d8b-867d-a974a936ceb0,ec13fed4-f7ff-46c2-8e93-30dfecb11d25,c9dc4633-0822-4d40-973a-4aa889365df0,2023-11-12,2024-06-05,1967-04-26,ZH690,Lm326,8267.99,M,50205,MI,Orthopedics,Erikashire,Denied,Routine
edb5de56-8cb8-409b-8b76-e743decb3e3a,2d4a46a9-27b7-401f-bb3a-a31bcd2c881d,7b017e8c-f46b-4d30-9350-2ffee85f29ec,2023-11-11,2025-09-20,1951-08-23,Kc151,Iq073,8778.87,M,46702,,Neurology,Petersenville,Pending,Outpatient
a14223e2-b166-4606-866b-526b37ae2db7,2da36b97-aa76-4111-a67b-805e38201bf0,c6561791-3bd6-4e4c-a5e4-53cf03388753,2023-11-10,2025-02-22,,pL346,hR383,6771.01,F,31223,AZ,Neurology,Sarahton,Pending,Emergency
9d5014ac-a952-4015-a083-4f94293e05a9,f6fe29e8-6ec7-48d8-a921-cd3e0c0ab79e,,,2024-01-02,1965-11-07,Mg153,hh112,1990.17,F,59437,OH,Cardiology,Janicetown,,Emergency
b71835d7-2f8d-48c5-9c0c-f5a99c62cea5,b1057ef1-0c2f-4059-bd8b-7c72062face1,3c63c0d0-c019-46ee-b256-cd7e325947f0,2023-01-13,2024-10-26,1950-06-12,Dw045,SR897,4276.1,M,85496,NJ,Neurology,,Denied,Inpatient
5f5ddcb7-3ca2-47e6-871c-7e9faf92d63d,08385597-fb42-4776-8595-89045a901299,935f8dd5-c3f6-4c05-93ee-f9298338cc67,,2024-04-12,1970-04-27,us378,wA627,5211.37,M,20194,WV,Orthopedics,North Samanthatown,Pending,Emergency
d9b0b926-fa50-4ab7-b854-98bf9923a015,1145da7a-1956-4035-9cb1-4d7fb1fc8cfe,b91360a7-1c94-44ca-8454-ee460989bcfa,2023-06-03,2025-09-16,1941-12-07,gj493,,8712.69,M,71590,TN,Pediatrics,New Jeffreyside,Pending,
,55e9ab00-0ef0-45ef-9e49-9dd1bbf2ab02,4fb10e15-59ac-4915-b872-051ba105c887,2023-06-02,2025-09-09,2008-06-30,Rw488,UE362,2474.75,F,55438,,Neurology,Garciabury,Approved,Outpatient
ce1c08bc-a99d-4162-a832-f1ad30c5c555,7f88f663-ef18-4235-8a54-6d48f9b1545f,f606254a-ebc6-48d3-94ea-d1cc99a08b6d,2024-05-21,2025-11-26,2014-11-03,nD127,nj355,7162.16,M,54298,RI,Pediatrics,Smithburgh,Denied,
a08e7dc4-ade2-417d-9327-95cd9f9c174a,7fca7c19-f2c7-4fb9-8395-fd30c52defb3,cd7aae72-44ab-4bfe-85c6-5961710cad39,2022-07-26,,1990-09-13,Qs241,ye883,7618.04,M,88373,MP,Neurology,Lake William,Denied,Emergency
274fb61a-70d4-44df-901f-99b45ae9759d,82607a6a-d292-4d3a-8a6f-1616a552a017,c38421fe-33ec-4605-9836-84d3ddf823f4,2022-08-02,2025-06-11,,vx391,NM639,1209.19,M,59177,AS,Pediatrics,Jenniferside,Denied,Routine
da774db5-31f7-4d50-8540-72424d6f38f0,19d6c227-f10e-40a2-933b-4d19e634a304,2469b4f8-6198-4ad5-b34e-5c008a79b81c,2023-03-05,2025-05-16,1939-05-18,lz321,Ul112,291.34,M,15618,AR,Orthopedics,Port Andrea,Denied,Inpatient
5e689a1c-a6f1-46e4-833b-4f9901e00b0e,dec21ce4-ed13-4d51-a258-a5dbadef093e,0b21eeac-fb64-4780-ba93-c83b3a555096,2023-01-26,2024-07-01,2009-08-02,cz521,Yk759,9913.43,M,85724,OR,Cardiology,Dillonfort,Approved,Outpatient
c34b2222-5952-4863-80f4-348a6b2398a0,b08e709a-3cd0-4ff0-b8f3-6abc7dcac7c7,,2022-08-20,2025-03-06,1952-08-25,Ue097,PK681,1002.94,M,14708,OK,Pediatrics,Robertston,Approved,Inpatient
4e2838d1-2819-441f-a435-97c22b9f4e8b,d708e793-c837-40e4-8d4c-852a94b4e87f,3fc3e1bd-a685-4a9e-8014-1d81a6eaffe5,2022-07-10,2025-02-26,1951-09-15,tl190,,8290.29,M,68095,PW,Orthopedics,Garcialand,Denied,Inpatient
01526dd9-cceb-40fd-807d-af0ddb0a10c9,26d3710b-3552-474b-b352-eeaed09fbbc5,957e5949-087a-41e7-905c-c1a9fb479efd,2023-03-05,2025-04-03,2011-11-26,jN333,NG943,6566.31,M,08002,ID,Pediatrics,North Tanyaville,,Routine
db178bca-bcae-475e-8f98-2f12440930cc,79c9a2dc-eff2-4313-a7a8-5e8389ee194e,190ac27a-8716-45ae-82c2-25638d07a82b,2023-01-16,,2005-05-10,YM285,sK765,8253.17,M,04178,IL,Cardiology,Lake David,Approved,Emergency
,f37e310c-f262-48a5-8ab2-aceec0ba6663,c9809f1b-2890-4784-8251-59ea4fb62161,2022-09-11,2025-10-01,1968-10-08,,or655,5278.35,F,21265,NJ,Neurology,New Denise,,Inpatient
caffabd1-ee2e-4921-b48a-8df945ba0235,42622ed4-af7a-4320-b424-c5720c5474b2,f4cde075-6ed6-4232-9943-421bd08ff2ca,2022-08-01,2025-11-05,1975-10-11,eD064,fR532,1720.19,F,08235,NH,General Practice,Taylormouth,Pending,Inpatient
dc9af09f-1a65-4b93-87c9-d1533ee05d79,54f3a6b4-0f21-46d6-8e82-afe097ed6668,de71d61b-f4b6-47c9-a6f5-d2c1c66cf0a3,2022-10-17,2025-01-13,,,kU269,7275.19,,33193,NJ,,Theresafort,Denied,Routine
34438e18-a027-4587-b853-83b8b4613096,6fad64ca-a9e7-4959-bac7-36fa2f30d3b8,ddc6c8ae-ee8b-4989-afd3-b5784356b095,2022-08-11,2024-06-21,2014-09-11,,tD856,9452.85,M,69206,WV,Cardiology,South Timothyshire,Pending,Outpatient
7ac638ac-0850-4c03-88a3-e04e7411aa28,37f2e4e5-1d0b-4754-bc17-a4763816fd08,276cd625-093c-43c5-8445-ce521a3dea60,2022-11-01,2025-08-26,1974-07-15,bu044,Qy153,3625.36,M,76192,AK,Orthopedics,Lake Billyside,Denied,Routine
a0de35c3-3c67-49c9-9c76-e6788492e41e,7639dc7f-56f9-4841-b941-3347958d7084,96cfff61-49c0-4b3f-a8e7-cc7892525876,2023-06-29,2025-08-03,1980-05-30,eO840,,2786.36,M,09743,GA,General Practice,West Theresa,Pending,Inpatient
763b1bd5-251c-44b8-914f-70ec28ce6e38,a8ddd11f-ad6c-4229-aae3-05c338a64bfc,a9f3a7c4-a1d5-4664-add0-4f1bcebad4fd,2023-05-13,,1952-08-01,Aa122,JK323,5895.01,F,78816,WY,Neurology,South Billbury,Denied,Outpatient
a43eeefb-3295-4842-8563-a7d9e2cc4fdd,f7419697-8477-47bc-9206-7d5e818d6982,2da1866b-ef54-439e-890d-5046c087f648,2024-07-04,2025-02-17,1947-02-25,,pl479,6769.09,F,69498,WV,,Powellside,Approved,Emergency
,17ab58a8-b23a-47b3-9bc6-46653337986a,d3067b2a-ace4-440d-a306-f242e1dbd2ad,,2025-03-15,2003-08-29,oV365,SN096,618.31,M,16398,VT,Neurology,Burkeport,Approved,Routine
,724802ee-c89d-48a9-9746-0965b6c9e325,44d3e78f-510a-4e5c-a005-0d404fa2a19a,2023-09-16,2024-05-28,2002-10-18,lP749,lI070,6144.41,F,18270,WV,Cardiology,Stuartton,Approved,Inpatient
bc5a329d-ed4e-4be7-93bf-1ba2b4016577,5edceb9b-d8de-473b-bfa9-44f66a9dd250,073bddd1-1c9f-4165-8f5f-40d1afbba078,2024-05-06,2025-01-06,2015-01-11,FO697,CM257,2260.71,F,75073,WA,,Samanthaville,Pending,Emergency
04d49c17-5a61-4bbe-8278-ddcf1f40b0b2,7973470a-44ae-4652-8651-4210f2abf03c,77fd32d4-e91a-4525-a7b8-4f6e86f720e4,2023-09-02,2025-02-17,1992-06-26,db836,hm253,5614.7,F,63701,MD,Pediatrics,Andersonborough,Approved,Inpatient
9d602c0d-8072-418b-b1e9-a12f7c1416a4,9eeb913d-5e06-4bee-a3b8-2c6287937c14,1e1a6144-ada9-441a-aeab-853c0a8d82eb,2024-01-15,2025-01-21,2010-06-23,fn698,Zk567,8982.44,M,03683,OR,Orthopedics,Port Carolside,Pending,Emergency
7c170502-55bd-4e7e-b815-31a4a459114c,7b2df157-1989-4d82-8f26-693c5ca8cb16,5221f9c8-a19e-4fc5-8a9d-55de08d38422,2023-07-27,2024-04-09,1979-02-02,IJ484,VK917,5640.44,F,66369,AS,General Practice,Baxterberg,Approved,Routine
662f66e0-0325-401c-bb77-839bd3728029,9209ff75-62cf-45b5-978f-efc3170d308b,860ff2e2-ea35-4d54-a859-cedd1d251697,2024-06-07,2024-12-09,1970-01-14,nr405,lq409,6220.36,M,95084,MN,General Practice,Reginamouth,Pending,Routine
37845be1-5b54-41f5-9c3e-0701f0497c5e,f6f20862-0195-48a9-a53e-20da5d8b7f05,ab0eb2b2-de91-4eb2-b3c9-28fffe3c486f,2024-06-24,2024-02-08,2004-05-12,YH640,ws705,3727.97,F,32548,MI,Cardiology,Hugheshaven,Denied,Emergency
379d7c46-3096-4741-9d42-26f540347070,09a26428-831a-4d5f-bd9f-ee790468aae5,4d2bab66-8b53-40b4-9724-c8c77522e8c3,2022-07-10,2024-07-05,1942-01-15,UG835,GC147,8615.21,F,58678,OR,Cardiology,West Laura,Approved,Routine
3c83f357-15ac-4dd2-9126-45ed248e9286,2dad103a-5468-4d03-88bf-9149b0a1bf4c,d33c8a57-dd94-4ab0-8b83-4ced00313962,2024-06-25,2024-11-13,1971-02-09,Fl992,Cx863,7722.94,F,21579,WA,Orthopedics,Lake Marc,,Routine
d02e9709-1bc7-4baf-a357-7987be35b1f5,a4750b79-43f8-44b2-b615-5030462a235c,4682c995-f8d9-4346-9c6b-6af613fb39f3,2022-07-26,2023-12-21,1955-08-22,LD549,LO294,3694.51,M,44610,SD,Neurology,Robinsonstad,,Inpatient
fbf7d154-d764-4624-b8e6-c736c82fc18d,46d6ea8f-ef07-4019-89fc-12ad1f6da93f,1e04f295-f501-46b3-9a9d-5bfdb13b3cf9,2022-07-30,2025-05-28,1963-02-14,vZ581,kE353,4102.76,M,36037,MH,Cardiology,Mollyfort,Pending,Emergency
108c8e18-a9b0-4a3f-be62-09441a81074d,9c1da429-2788-4f9e-bc1e-af39ac11e860,fcc6ba88-6aa3-4e17-aa20-fcd4dd559c97,2024-07-01,2024-09-30,2001-02-26,gY651,LQ131,7778.56,M,20316,AZ,Cardiology,Lake Amandabury,Approved,Outpatient
,4df89fd8-1460-45c7-9e5a-9367211dab1d,57fd660e-a93e-43ef-8209-2c5048384e35,2023-10-20,2025-06-20,1980-10-02,cW854,Vj536,1573.08,F,68847,KS,General Practice,Traceyview,Pending,Emergency
5dc0ef0e-b0bb-4fca-a5ea-8a4a0df51690,12c0b5ca-3cc6-4446-a2a6-93ed18513d37,84071242-c8a1-4ef8-b9b6-823b9f935bdf,2023-07-05,2024-01-13,1938-05-24,SP967,lX178,7154.95,M,39930,FL,Orthopedics,Ayersshire,Approved,Inpatient
20377200-0037-4e96-a0b6-9dc31b865409,dab94f6f-2c48-4af7-b67c-57ba7ab97b9e,,2023-12-05,2024-01-03,1945-02-24,Lb996,ox227,9482.11,F,37685,MH,Orthopedics,North Oliviaport,Denied,Inpatient
02471b9e-18fc-4f9f-8ac6-8f781554479c,8eed6999-c399-4cf2-8ca1-5b5c26fef4d1,ed863efd-8e0d-4279-b1d8-f283f8a2aa63,2023-10-10,2025-07-20,1952-06-25,pT466,ui311,8376.2,M,34944,AL,General Practice,New Susan,Denied,Emergency
f1b135a4-2005-42d1-9cb0-208dc8c2a764,f5e09d19-e37c-4d6f-b4ac-a4073285d982,790d19fd-902b-42e5-8838-fa6cf5bc6408,2023-05-30,2024-05-17,1984-12-08,zl293,Yx368,9089.38,F,41741,WY,General Practice,Port Margaret,Pending,Outpatient
4a242888-ddf0-4c00-8b84-d588a120bdcf,cda49d6d-35fa-46ed-9355-7bf4acb9afea,2cf59471-b640-4fed-85ff-3bfcfb635cfd,2023-02-11,2024-10-08,1952-04-12,Cr609,WD045,1493.95,M,11395,NM,General Practice,,Approved,Routine
9e17d74c-4df7-419c-9cec-5080dbb746ef,dcdb9506-dd52-493d-9516-22778102ec0b,2c3526a7-4d8a-45d0-abb8-e353492451c1,2024-01-01,2025-02-25,1946-05-15,KG226,vF226,4669.42,F,75489,KY,Cardiology,West Melissaborough,Approved,Inpatient
ffef1759-a8c6-4aa5-8e8b-3e16a33a4f69,1eef127c-7ba4-49f4-9a86-2d713ae54c53,6aa20395-1f4a-4d4a-ba78-34209b972b49,2024-04-25,2024-11-06,1974-08-23,IR497,jh990,8156.57,F,62870,IN,Pediatrics,East Kimberlymouth,Denied,Routine
7e27853d-57ef-4a61-b9a5-f88e40bfaede,5f1a319c-fea1-46d2-9a47-e9f1a8578215,0856d05f-f8bd-4c4c-80ec-3905a25039d5,2022-10-28,2024-07-07,2014-06-09,Np804,pT187,8594.43,,31479,CO,Orthopedics,New Parkershire,Denied,Inpatient
b01a3906-eb50-4503-8b43-8581e014f208,1e4dba75-f2e8-4d0d-8c2f-c87576967992,6dc25ca9-6c36-4d8e-b36f-f3c742ca70c5,2023-10-17,2024-02-17,2015-03-31,,zu813,209.21,M,06480,NM,Neurology,Beckbury,Approved,Emergency
33bf59c8-1af2-4f04-bb1a-d541a1e49027,53a039a0-26d0-4bf4-88ba-0986c875f9a7,0a9240fb-fb19-4f29-ac98-e55e47a9c70c,2023-03-24,2024-09-22,2011-09-13,rl484,WO758,8247.54,F,59602,GA,,Perezberg,Approved,Routine
,e7d4d47f-8177-4e95-a4ed-bef27f9da73b,14e3f216-1f18-4b75-a3b3-50e2dd6a3581,2023-05-03,2025-11-17,1982-07-29,TW853,SC326,5062.63,F,02325,TN,Cardiology,Lake Anna,Denied,Inpatient
,21031be5-1590-4710-a44f-f2b2b504a5ea,7a8ed0ee-8e93-4293-9e83-af5250b5e9c8,2023-06-11,2024-06-04,1997-06-16,Rh150,AT992,6885.89,M,19217,NM,General Practice,West Jonathan,Denied,Routine
c550df92-6b20-47c2-94f9-7bced3c227e6,4f50aaa0-d43f-44aa-acea-105a63538364,b83e7b06-1eae-4705-8f66-425ea197f3fa,2023-07-15,2024-05-05,1938-08-03,mG262,bT717,8748.43,F,,TN,Neurology,South Carrie,,Routine
20695933-7f90-4ce5-bcab-138df8c51a2b,ce242ea6-1f54-4a80-957a-ba12b53b98a8,f6a941de-c47a-4386-9c86-9348e764cd51,2024-04-23,2025-10-05,2014-05-18,pl663,FT711,6823.11,F,18317,GU,General Practice,Robertburgh,,Inpatient
0fd12685-17e6-4dcd-9b77-c671aa080bc5,460c118b-3767-4167-9bf1-d54fb7def75c,7356a8d0-5c2c-46f7-8a56-20451d0c699b,2023-06-10,2024-01-09,1952-05-27,BP809,BZ139,7527.63,F,95619,AS,,Odomview,Approved,Routine
,421ac83d-5902-4f44-8bb0-d76ae89ea071,f4ea5903-343b-450a-bf0e-1b946e1df6e9,2022-08-10,2025-09-25,1938-09-26,eL241,By217,1605.28,M,81309,AS,Neurology,Williamsonfort,Approved,Routine
737f3322-4901-4e8f-9e56-e6374b0ea8f0,6596e73f-1b90-4de5-bb19-c7bdd6a1a69a,109128ff-6176-4b34-bea5-997c4cbc8b83,2022-12-11,2024-07-29,2006-04-07,AJ577,tM238,4703.59,M,89970,LA,Cardiology,Terryfort,Pending,
0d8bf046-2d73-4293-893f-bdc15d594615,7b6e3188-74c2-4c3a-ba15-862488b61019,f31aca7b-54df-4127-b3c9-f21a75f3a6ff,2022-09-30,2023-12-31,,HB084,,,M,14390,CA,Pediatrics,North Sabrina,Pending,Inpatient
b8c0849e-4943-4967-bb10-94fd790ce7aa,c359fe0b-26d4-4f9f-b7e8-a9ba993cddf8,41fcb58a-386f-44a8-93cb-2319f56c2341,2022-07-27,2024-02-26,1937-01-08,ws345,hE030,3642.36,F,69480,HI,Pediatrics,West James,Pending,Emergency
35316b8d-80b5-4b9a-9fbb-a8bcbd0b2af9,e50741ba-85b0-4e7f-984b-3a7af60d2831,4fb7b163-027a-462f-a79e-02156613f0f3,2023-10-13,2024-09-16,2006-10-19,AF219,Dm285,5420.22,F,32709,RI,Neurology,Jameschester,Approved,Emergency
36c2cd25-2c24-4f23-9845-103aff6ce1eb,a497a751-e931-491b-aa4b-4e84ba9f72de,bf4a5e2e-e812-4459-bef4-0f5629d6c5b1,2023-08-14,2024-10-01,1997-02-08,Pj837,aI612,-1819.55,F,02381,NH,General Practice,New Elizabeth,Pending,Emergency
5142e1ff-f017-4b38-821e-1f154e0fcf54,d5a972e7-640c-4520-b5af-02aabc53f626,ae2873e9-2a9c-4cda-b36e-0ec0d9309c1b,2024-01-16,2025-08-16,1974-01-25,Yl726,nR763,4029.54,F,39987,MD,Cardiology,Catherineville,Approved,Inpatient
0b5ad39d-47dd-474f-a9af-f9a280bb3fe3,afa0c487-dcc3-4ab3-a98c-970fee7b53b6,c091f978-9cbd-4c3a-b30f-9a0d1a7d44af,,2025-10-24,1945-10-28,OM017,gy361,1753.64,F,73883,CA,Pediatrics,East Shawnview,Approved,Inpatient
2f6259df-1f60-489b-976d-cce1a64de1ad,14622d4c-46bc-4d2d-b712-a79b6ca269dd,,2024-05-20,2024-11-02,,,xY497,3320.77,M,04748,MA,Orthopedics,Lake Kirk,Approved,Outpatient
1608388b-228f-496f-8638-44cc2ebc440d,18c1ede7-6748-4da6-9792-7bfead74a6ae,19166ce4-874e-4954-9663-a54d418f3b7a,2022-10-26,2024-08-03,2011-08-28,hT842,eo284,8882.16,F,16773,,Neurology,Schmidtfort,Approved,Outpatient
606dd9bf-8494-470d-8184-c49f7232e5e8,644e2362-89c1-4df5-81d4-cc40c23e0612,582bd9b3-f76f-48b0-b7fc-ce9bf515a251,2023-01-02,2025-10-06,1958-02-11,aF669,Ft322,192.38,M,,ND,Cardiology,Andrewside,Denied,
8d29338e-908f-4c86-b9c4-10fafc069f0a,7bad4735-4d92-4307-8276-c327d3d52b9f,e6a00fac-1fec-4214-b9ff-df04de038617,2023-05-31,2024-12-14,,Gb883,Nf273,1831.33,F,66642,WY,Cardiology,Lake Michaelberg,Approved,Inpatient
ffee980d-81d8-4859-b3ce-17fe567a2979,66b9dc51-47b2-4b55-8f67-4b832abd9b71,bcc9b1b9-d520-411f-98d9-28a93aee5a70,2022-09-24,2024-06-06,1984-03-24,lq648,ku265,2770.52,M,14320,NM,Orthopedics,Jenniferborough,Approved,Emergency
866d240e-8e37-48e0-b66c-96669277d940,fcefcaaa-89b0-4587-9779-63487b31eed9,a57874a1-1081-4eae-be97-94ec5b8e10f4,2023-06-28,2025-08-13,1999-12-12,pO326,AH696,1168.13,F,66647,OR,Neurology,South Lindsayberg,Pending,Inpatient
38041892-2abe-4147-8dc8-bbc01060e3e3,771cdda4-e506-4b05-ac15-de722c1d6ec1,,,2024-02-20,1935-10-01,UX638,CH753,175.87,F,94262,VA,Neurology,New Karen,Denied,Routine
6d61749d-f93f-4327-afa8-9f8e00489ddc,,c2231a0a-dce9-4cbd-b44f-04728258ceb0,,2024-08-20,1960-02-11,xO810,Zu358,5198.56,M,27625,MP,General Practice,,Approved,Routine
2a98e26c-615c-4e99-99c1-621a38eeca2e,2f825925-d39a-4d67-95e1-87ca76013fb4,e15671e2-9129-4283-9a37-ae1e38333132,2023-05-07,2025-01-22,2011-06-18,eT034,IV019,5231.46,M,64818,FM,Pediatrics,,Approved,Inpatient
,aadfa410-d80e-42ec-a3fb-7c71a1e7c1eb,42f8ac56-e722-4541-865e-79ed1568cdda,2023-11-14,2024-10-31,1962-03-01,Fv977,Qt176,,M,15025,IL,General Practice,South Angela,Pending,Emergency
015421d6-3a16-4ee2-96bd-3b76d18859c7,70c76b7f-ba5f-4776-8842-d0c9643dc574,8ab45bae-b2b4-44a2-9baf-e03e556a0dfd,2023-10-23,2024-03-26,1944-08-18,Nv079,sD170,7370.22,F,51161,TX,Pediatrics,Lake Tamaraville,Denied,Emergency
a818926e-c85e-451e-b03b-c074f24cc5ea,af96eab7-c19a-40ce-a46a-79e37cefe409,b72fa774-9066-4bb3-8323-423beb96b714,2023-09-10,2025-03-10,1964-04-11,gR219,Hu807,3319.59,M,57214,MI,Neurology,South Tiffanyville,Denied,Emergency
b3953368-6624-4668-99e8-3f2bd048f320,7bbedfec-ecf9-41dd-ab30-f42c4df43644,54337ea8-e574-4aec-b89c-61436bf0dd23,2023-08-24,2024-10-31,1948-11-10,hR586,BG182,3948.39,F,06556,AZ,Orthopedics,North Margaretburgh,Denied,Emergency
0622d06c-aafa-4097-b3e2-c9f78f2e8f77,d54a16cc-4df2-439c-9973-6b4c00beeee1,07e8eb1a-bc54-432d-90ff-6e9a60117243,2023-04-21,2024-10-31,2007-03-26,KJ522,Eq797,777.66,M,07532,MS,Cardiology,West Coryberg,Pending,Routine
ae867d84-aeae-4981-9a86-b4898b4ca034,41d566d8-a049-46eb-bb84-e57e9a81dcfb,8820e506-9006-4d44-98de-34253413f932,2024-02-26,2024-04-05,1970-04-15,jp226,ai394,7817.89,F,65673,OK,Neurology,East Nathan,Approved,Outpatient
b97f8ecf-2ae5-4fcf-b948-b471b2d6cac5,dd484b8e-a223-4404-8f35-dd8cf5324c72,6a239fc3-863a-4017-9f9e-922919afd61e,2023-05-06,2024-03-08,1944-06-02,hx539,Hh007,8076.13,M,34145,HI,General Practice,Taylorland,Denied,Inpatient
2c25c49c-8497-4810-ac3d-c7ebceec4694,8e1b78c2-e79a-4050-bef8-f4af2330a695,,2023-07-23,2025-11-20,1938-03-11,,Yy418,9033.79,F,71378,VI,Pediatrics,North Barryfort,Pending,Outpatient
8f895361-ffc3-4345-8ac8-f3ae7a01ac65,aa4fbc67-640d-4f65-9885-4a967c287baf,,2024-03-02,2024-11-10,1998-04-09,DD226,tr575,8537.41,M,42862,PR,Orthopedics,Stephenhaven,Approved,Inpatient
f82e2d6d-2f8a-47e0-80a2-bff66ec39c5d,3a48c127-e586-4eec-b17e-120021012575,,2023-04-10,2024-11-27,1955-02-21,pl957,oU597,1044.45,M,52064,MH,Neurology,Joannehaven,Denied,Routine
f87da9f8-fe52-464c-ba39-690a78f234ef,49faf924-10a8-44d3-8a4b-2277861a8d5c,58d62fec-e8ed-4b9d-bf16-ad07306f07a8,2023-09-04,2025-06-13,1970-11-04,me892,JT945,9263.13,F,68532,DC,Cardiology,East Douglaston,Pending,Outpatient
94736c5f-3ee5-4121-bcf3-a119b454f15a,e28a157c-20ac-4946-917a-8026b3b79a64,469be141-8536-4e10-9fe5-59cf0a3b47ab,2023-01-02,2024-02-08,1949-02-14,Rb095,Bj637,341.57,F,45817,ND,Pediatrics,Brewerview,Denied,Outpatient
503caf27-872d-41f6-82b7-0b0ca29a78bd,2b49a8c8-e765-43db-8768-a21dc2a75e50,1d122ab9-d899-4cdf-964d-62f00424bdbe,2023-02-25,2025-09-24,1972-04-26,JH225,DX643,1294.3,M,81921,AK,,South Jacob,Denied,Routine
c93933c4-fa1e-40f9-b4b9-6bf0ad0fdb73,efdcf762-a6a5-47f8-9a37-8c820288e534,1dc7c2b8-c3dd-4adb-932f-a23acdd18ae8,2023-04-25,2025-02-19,1948-09-13,Ch140,hq451,8176.75,F,09464,MI,Orthopedics,North Paul,Denied,Inpatient
5445dad0-329e-4174-babc-82155d7a732b,,f453edc4-11df-44eb-aeca-3a4ed5d76de2,2022-11-26,2025-02-24,1961-08-06,zE536,pr575,960.51,M,29126,,,Andersonchester,Approved,Emergency
906c4d34-0398-4c20-883b-a7e491421027,74161add-7720-4a22-a58b-4b285f29674e,3af083cc-906d-4a56-8eea-168a394f2a19,2023-06-03,2025-02-02,2014-02-25,nl179,uc887,4347.04,M,21185,CO,Pediatrics,Hollyberg,Denied,Routine
78ce0730-8d6c-4bbc-aa97-e4872c95b343,5991ca33-9967-46ea-99a8-12d906b6b9f0,5426e189-c487-41bd-acef-d30b2a9b9c3f,2024-06-20,2025-11-16,1998-08-17,zE910,LD034,163.15,M,06720,GA,Orthopedics,Danielchester,Pending,Inpatient
14eabfad-af45-4a01-9fe5-e5608bb3b4ac,7dd5e43c-be4b-43ae-b6ba-229283c21091,2911b73f-ba27-4331-bed2-7c58a915500a,2023-07-03,2024-11-16,2007-10-17,OY719,iq066,6754.14,M,13465,MH,Pediatrics,Victorton,Approved,Routine
348933a1-4549-4454-9f03-4b8b6d34968c,9acbbf7b-de54-41eb-8ee2-d2e0fd400a38,f5cf9e5a-7160-4935-8895-855a9a20bb8d,2023-12-09,2024-01-28,1998-03-05,zW069,NQ703,8166.77,M,91745,DC,,Leside,Pending,Outpatient
892cf348-c766-4aa6-99be-7e045aafcac7,12b6f6ad-4eb3-48b9-9d07-b7d2e278ef54,a0956e85-a88b-4320-b642-f25b3f6cd935,2022-11-10,2024-05-29,1971-04-06,bN349,zV506,9656.5,M,22729,NM,General Practice,Sweeneyshire,Denied,Routine
2701dfde-bd1d-438b-886b-85be38146c93,83592bdd-6134-45b4-85cc-c3d6620d0e44,28f09ad2-53ec-4e18-a8e1-61cfac47dcfe,2023-11-20,,1967-01-27,bh412,,7370.99,M,97514,NV,Cardiology,Brownside,Approved,Outpatient
4c4e4abc-e65d-485e-9882-c44485e63917,f3697794-b8d7-4c0d-a18c-72e5cab95d95,,2022-07-09,2025-11-06,1954-09-07,Ux531,,1189.51,F,73797,MI,Pediatrics,Herreraborough,Denied,Routine
3817b96e-113f-4128-a88f-747468b07555,405f818b-2a36-4bd3-b0e1-dec2886dbeee,db69b564-7ad8-49d4-98d1-105a02eb3b21,2022-12-05,,1967-10-29,Di379,lF178,6293.94,M,05397,NJ,Cardiology,Lake Elizabeth,Approved,Emergency
6c1a67c9-a94b-4bc8-aef2-dbcf730863a2,c6a597a8-a663-455d-b3f3-6b47f2568e7e,70d133b1-c8b7-4ad4-a0df-f93c9980e80e,2024-04-13,2024-01-28,1965-08-02,Yg285,yF818,1482.55,F,74850,MD,Neurology,Port Michaelfort,Approved,Emergency
24a1e9b5-28c2-44e9-903b-2cb0d21ddfa8,84e25d83-1406-45ca-ad1b-d942d05af75e,835bf53e-04f6-429c-bf8d-e34af7d0e1b1,2024-05-02,2024-03-23,1975-04-19,RU995,pa041,3788.08,M,28776,,Neurology,South Kathleenburgh,,Emergency
125fb413-d461-4623-9fa5-a5592e9b26d5,52b8c9c3-51e4-405d-a0e3-ff42de8c9edf,837434c9-ebb4-4801-bebf-a8e31983b2ad,2023-05-07,2024-02-07,1949-07-19,pL476,oS371,6531.37,F,13600,PA,Cardiology,South Daniel,Approved,Outpatient
1dedc98b-3b7f-4782-ba5e-893e119f104e,cba364fb-561f-419c-821e-667cec6d7ede,ffd5ad9b-42f8-45ae-a8eb-18ffc9bf34bf,2024-03-11,2024-07-22,1949-08-27,fz724,BU609,1270.36,M,97360,NV,Orthopedics,North Ann,Approved,Outpatient
9d236832-e4d7-45e3-9974-860cc5032e5d,6640e807-1608-4f15-8b42-1c91e29915b2,af3777d9-8d97-4904-bb7e-fa04578b913d,2024-04-19,,2010-08-28,TM614,kF517,9750.45,M,10534,KY,Cardiology,,Denied,Outpatient
6defee9e-28bb-42f8-85e5-8d5d59a8e531,a85f4532-4381-4652-8fee-2bc8eb2b2fbb,40dc2337-8b93-4993-82f6-44a9c2d95cf8,2024-02-29,2024-06-01,1949-01-31,rj489,Cg674,6099.37,M,61309,CA,General Practice,New Ryanton,Approved,Inpatient
f6d919b0-e4ce-4e6d-8d0a-ce8a5d2a4af0,c9bc57c6-4260-4789-b56c-bffb9e180d4e,de651eba-1dde-4e4c-9408-bd4092aa5847,2022-08-06,2024-05-17,2007-03-05,iS993,Ou170,1020.61,M,96211,TX,Cardiology,Annmouth,Denied,Inpatient
d49ba91a-9b19-4306-b6da-55d835e8764f,d6f13bcb-f66f-4f0b-b449-c4da6793610a,d24a4786-4ef5-40bb-863d-befadb6e57c4,2022-07-18,2024-02-01,1975-11-16,Ge884,Ht760,4679.09,F,74117,CA,Orthopedics,North Donaldbury,Approved,Outpatient
229a7071-59d5-4a5a-a487-816627d25b71,58c4ad4e-d018-486b-ba39-3adb1e0855d2,e73df708-2439-4927-8636-e6a1534e4bf0,2023-09-26,2024-03-23,1947-02-12,xf172,cJ175,,F,39828,MH,Pediatrics,Mooneytown,Approved,Outpatient
ed956841-1b6b-4954-98b4-e2f528d69b4e,105d3cec-2176-4778-9f9b-75095476452c,225e3088-f206-46ba-aa9a-75830458351d,,2024-08-20,1980-10-26,sp885,iQ881,3302.95,F,64860,MT,Neurology,Port Nicoleville,Pending,Inpatient
,8f9547a1-88c3-4718-bdad-aa8a48a8295a,5113e79a-1f13-43d8-bbee-0a7cd4701c5f,2023-04-28,2024-06-11,,zY122,iy331,1080341.65,F,,KY,Orthopedics,Port Eric,Denied,Routine
9080aa0f-9ca7-4df1-830d-42785460c991,794d85e3-e277-4670-8d9d-f8606f5aa829,8d780db8-51c4-47b7-b837-b1af0688491e,,2024-12-23,1979-11-24,Oy858,A1@@#,307.36,M,03463,AK,Neurology,Lake Veronica,Pending,Outpatient
6f795a62-0499-4587-80d0-2f4ea285c946,da04979f-8887-415e-a9bd-95a5678260ce,,2024-07-03,2025-07-22,1975-10-26,zp790,kY698,7430.71,M,28574,NH,Orthopedics,Molinahaven,Approved,Outpatient
de04962f-5b90-4b91-b6fb-6047442dea88,02996dae-302b-405a-9e50-babb4977724b,3d4033d7-cbeb-4fd7-a260-d003e74323ea,2023-02-10,2025-09-24,,sd136,Uk427,5509.66,F,54662,SD,Neurology,Macdonaldborough,Denied,
90e1abef-dad7-466d-8110-3f7b271cb59b,8d09478b-d0bf-4841-9ceb-3d31240c826b,e4c544cb-d882-49d0-aa11-3a215e6d8474,,2025-07-16,1938-03-19,FF516,jA860,6286.25,M,41612,ID,Cardiology,Hernandezchester,Denied,Emergency
ae1787be-003c-44df-9484-99ec3681b425,dbc92d54-61bc-44c2-bac3-593384e97d6e,dc4931ff-0b0e-4ba0-a3f5-f89d4acdac8c,2023-08-06,2024-06-29,1985-03-09,Vu372,Dm485,1047.57,M,25933,MT,Pediatrics,Lake Ricky,Pending,Inpatient
16c9d28b-0813-45ad-8f35-e9a93c69c4ab,5bd23b08-8e4c-4149-952c-059c97071352,584c4006-acbc-43d3-963f-0588e0ce0aff,2024-01-16,2025-01-27,1939-07-27,la005,gB775,1339.34,M,71273,NV,General Practice,New Ashleyshire,Approved,Emergency
af7abbe6-be48-4aea-90cf-4f33b3deea01,5d6454ef-c6c0-4514-95aa-68cb961653b5,07951bb4-89c5-4feb-803f-99c6b0a8bcf3,2023-08-16,2025-05-05,1960-11-05,CE910,qZ877,5405.76,M,40508,FM,Orthopedics,East Michael,Denied,Emergency
cece8111-a6de-4695-9693-231d741a545b,8b586ed3-0993-40fe-873d-11c0422a0e33,97bf5882-884c-44b8-ac7e-d6bfededb7ef,2022-08-16,2025-09-09,1988-01-01,QL951,tz672,6400.66,F,50215,PA,Pediatrics,Millerville,Approved,Inpatient
0438f9b6-fab2-4ce3-8ad3-49d9e1db9066,07abcfd4-b5e9-4baa-90e5-47278fa9fc48,21de7ee2-ecab-47b4-884a-02a2f2947652,2023-10-19,2024-10-22,1959-07-30,cw594,rn224,1233.43,F,42135,NJ,Cardiology,North Amyville,Denied,Routine
b0944982-0de7-4d27-80c1-a00413524246,793af375-1f98-4666-b9f4-a6d5e3c1e678,029d173f-4ca2-4f7a-be39-479f0b95cc0e,2023-09-17,2025-05-09,2008-01-15,yW996,CW709,9877.91,M,35182,MA,Neurology,North Thomas,Denied,Outpatient
0d705b6f-fa2b-4f2b-892a-2bb86fd64825,671d0d8a-6d4e-4ebc-9c54-4277a3317bd4,3130eb31-b904-43bf-88a3-92b6b8f615a1,2023-02-15,2025-09-29,1997-05-05,Wf606,wx236,5705.19,M,13284,HI,,Serranohaven,Denied,Inpatient
baa076cb-2475-4ef5-aabd-0bbaf9ba12b9,354bf0d6-1a13-4f0a-a947-9506c075d433,dc17805b-7bfb-43f4-b6a3-784964167560,2023-11-25,2025-06-23,1987-12-20,FV159,fG063,5835.21,M,02210,FM,Neurology,Port Joseph,Pending,Outpatient
,a6924b25-1bf8-439b-8c59-d522b00065cc,fad80dc6-df1f-455f-9a5e-b7dcfd517192,2022-08-19,2024-06-01,1950-12-14,gB664,oJ468,1878.86,M,44821,KY,Neurology,East Valeriehaven,Pending,Outpatient
af64e2aa-d5b8-4b80-b7f0-2d51ccfc4463,70fbceb1-3f13-43bf-a971-1095fc335863,688f8030-c4be-4e90-8292-855fa4b45f58,2024-05-09,2024-05-26,,,FS719,-407.35,M,,,Neurology,Piercechester,Pending,Emergency
4031123c-f556-4a63-b32b-89e3d81d7cdc,,c9b21416-04e9-4203-b104-cc693e65d6b3,2023-12-14,2024-01-25,1993-01-16,xl354,Sk534,219.82,M,58551,PR,General Practice,Derekport,Denied,Outpatient
0a7e9347-ebd6-4ee5-9a70-2ae15ae51f63,bb9b8459-77b8-4f64-ae4e-20edebbaed80,e1e6b522-8fdf-4448-b731-b093b336fa70,2023-06-20,2025-10-22,1935-12-09,RH173,lq191,2792.27,M,34949,PA,Cardiology,Bradleyburgh,Approved,Emergency
e42577b5-7eeb-49a7-83e4-fe8cf2ad7abf,7ae2f3a8-d1bf-47b2-b02a-f3f2e238fc95,,2023-08-19,,2013-01-02,jA065,MU573,4242.06,F,68703,WY,Neurology,,Pending,Outpatient
f6193238-36c3-4e2b-b1c8-c8a110854ae2,9c458f74-b828-400b-916c-4b054bfc18ee,89f10586-f7f0-4aa2-a951-a76f46b6ccdb,2023-10-10,2025-10-31,1972-02-29,JN149,YK858,4493.13,M,42724,NJ,,South Kathryn,Approved,Emergency
0ea5a4ec-84a5-4081-a32e-f2ca74fb6eb4,c2fa755f-4c51-4616-b47b-d2b74e280a8d,4e992a90-91ca-4ff7-a4a5-515ac95ef51f,2022-12-21,2024-05-08,2008-02-07,NW123,xI691,7047.21,M,01066,DC,Orthopedics,Lake Bettyland,Pending,Inpatient
ea482820-a6af-45c3-855b-030a2ddfdc0b,6ca43b5b-fa41-4e74-93f6-701ec9cfdc88,1cf3003b-679a-41bb-9b12-dd1307710456,2022-08-31,2025-07-21,1989-05-03,oE657,eV121,8526.39,F,,NY,Pediatrics,Karenview,Approved,Inpatient
6801dfe1-264c-4a46-ad2b-dd3e85a7af7d,ce1919d2-7bb5-40cf-a527-ad5541b42024,ec6556e1-ce33-4753-b2fc-2e08d67542f3,2023-06-13,2025-09-04,1935-08-05,KL570,sx645,5295.09,M,60507,FL,Cardiology,West Teresabury,Pending,
a74dee46-4962-440d-927b-d214e48cb2ab,3f2ea498-9a20-40ab-a1c1-dc51366ab06f,6e31e100-6930-4141-8a04-f5bbeec09495,2024-04-04,2025-01-31,1998-01-26,WF240,hY326,1836.18,F,12A45,MO,Pediatrics,,Approved,Routine
2a6dc709-c89e-4517-9382-38e60229a85c,06e76a70-62b5-41c6-a637-682f6044c2fd,aaf78a9c-4f70-4965-8765-777dd80ba484,2022-09-15,2025-12-03,1984-08-28,Jc920,RM464,4867.07,F,46659,KY,Neurology,Sandramouth,Pending,Outpatient
f91a0ce1-a971-4fb8-9605-1acef409fe96,,25597f01-a9c8-4629-8865-3788509aac2a,2022-11-08,2024-12-28,1998-11-24,wh755,xR877,3470.07,F,83559,WA,Orthopedics,New Mary,Approved,Outpatient
8019b82c-f5a8-45d1-8884-83f93bae7963,a1c46058-65d4-401a-afda-7dad74751a26,e9b59606-7dc1-4b5c-bf06-acd9be601f0c,2024-01-31,2025-08-12,1942-06-30,pS158,km322,2819.84,F,84217,WI,,Salinashaven,Denied,Emergency
804b6feb-5d6f-485c-84a9-9408bf685c91,6ed3ad64-6587-450b-89bf-bfd63a0beb56,471a41bb-75b8-49e7-b0e4-a4c5d6de757e,2024-05-16,2024-04-04,1955-03-18,YX757,Hv344,4152.41,F,27653,AZ,General Practice,Gonzalezmouth,Denied,Emergency
5fd52435-2f88-48ce-8edb-389d1b20adba,e84b3e98-2639-4de2-bd7e-f8717efea846,6e31bcc9-ecfc-4277-91ce-c06f768b14ca,2023-09-10,2024-08-19,1945-02-03,DO071,ko040,4861.63,F,37761,AZ,Cardiology,Gillhaven,Approved,Routine
6e8747af-016b-4404-bd29-321007acc0e3,5830e92f-3246-4ea5-9859-6fb781a5355b,04899c29-fce3-4943-83ea-9523511161ad,2023-06-26,2024-11-30,2009-04-30,ku786,pP725,1131.83,F,22451,MN,Orthopedics,New Alvinstad,Approved,Outpatient
83ba2666-f93d-4bb8-9ff3-94d3f606a0cb,30c4fe6a-0032-4886-b35f-4ddac3740250,8e54c4fe-99b1-4d78-a575-3f0f33a06e5e,2023-04-16,2025-01-19,1992-11-09,Eh025,lH000,2106.06,M,,A1,General Practice,West Joshua,Pending,Outpatient
a4e5aef6-0223-4d24-ae36-d2bdb875ba9a,1bf70e7f-2708-4a8b-a92a-7c6db422ef5a,c1a8fb22-5626-457c-960c-e8d8d594ecb9,2024-01-03,2025-03-18,2005-10-06,Pw666,Mg016,7004.97,M,,CO,Neurology,North Lauraport,Approved,Emergency
8ea25e81-d6ad-4a4d-8407-f6898810e651,e963553a-0279-4e53-a215-5b769dbfad00,022942b3-ebe1-437b-bce8-21820ed0c0c7,2023-11-21,2025-05-16,1961-06-28,iG716,nv805,5275.06,M,75553,KY,General Practice,Dawsonside,Approved,Outpatient
a7790f13-3396-4e47-93e0-a5d1bdabc8b4,0612238c-d83d-4b8e-b5ae-c80fca4c0f42,0ca23eac-1e7e-4805-b85d-849d572afa1b,2024-01-12,2025-06-28,1979-08-04,Up752,jG470,,F,84673,ME,Orthopedics,Deanchester,Approved,Inpatient
e6a83461-d77b-4e56-b688-34da051d5f37,,,2023-03-13,2025-09-12,2002-03-07,GG161,mX509,7948.31,M,58071,PA,Neurology,West Julieton,Pending,Emergency
ad3474f0-0a22-4882-af7d-9ea9393ebf5a,91898d04-2781-46e3-84e0-21458e6b5a73,,2022-11-13,2024-02-11,1966-07-31,rB502,UF815,3439.72,M,64665,HI,Orthopedics,Nicholsberg,Denied,Routine
6baca94e-844e-42f7-b5de-44ab4a2957df,f0501c53-f700-4b4e-861c-6986eaf36e8f,a9263224-8fda-44a5-9ac5-6b77b1367543,2023-09-06,2024-10-11,2010-02-21,aX543,tq275,7640.03,M,87321,DE,General Practice,Ramseymouth,Approved,Outpatient
b364fcb6-5f29-439e-acae-9fefc21eff84,13e8dd65-4e94-423d-b6b0-918cb636f2d8,b9e334f5-547b-48e4-ae2e-603acfd3e1bd,2023-01-18,2025-07-24,1956-05-12,rJ492,XT692,,M,11368,AK,Cardiology,Collinsburgh,Approved,Emergency
d10e5547-abae-45ae-a684-15429df40f62,120dcdd8-f2c7-4905-a9e2-a9a74635dbe8,c2f7d88c-0998-4c4a-a36a-0201590e6ef5,,2025-10-28,1950-08-23,tj621,Jf800,9775.07,M,51217,MO,Pediatrics,West Thomas,Pending,Emergency
f2f06310-f12e-4f48-94a3-6d566e2905d6,711a1117-40bd-4ae7-b35c-69840c0044b0,efdcd9ab-293e-4fad-b2b7-c49c189650e6,2023-05-09,2024-05-15,1970-10-23,SW747,EX142,3136893.89,F,67911,NH,Pediatrics,Brownbury,Approved,Inpatient
5242148d-54be-4f1e-8ced-7f9a38b1236a,a82500be-c6a0-4ec3-ae67-613f7a880fb7,71641901-ba03-4116-950c-e273e4f66687,2024-05-23,,,kZ646,SQ040,2786.95,F,22431,VA,General Practice,Lake Patricia,Denied,Outpatient
,129b8057-55b4-40a6-87f0-605fed4458f4,8a2007c0-5e92-41d1-b748-8f1d7ad8e48f,2023-10-06,2025-05-30,2002-03-16,Bo072,Uq180,12a3,M,,,Neurology,West Joshua,Approved,Inpatient
4a19bd49-8d8a-4d30-a4e2-d71353db7588,8564b7cd-5385-4223-a108-1b59d954f06c,356e6322-4a3e-4d13-89e7-dcce99a33051,2024-03-04,2025-06-24,1967-06-15,hF629,,6106.48,F,27937,NH,Pediatrics,Theresamouth,Approved,Emergency
d9b2fb63-46bd-49bb-9649-767a311240a1,43d50f06-0ff7-45de-aa53-21ebf824a49a,e5d61110-c543-4814-901c-c5046581853a,2023-02-09,2025-05-15,1983-07-09,eW543,mY233,6008.83,F,31959,DE,Cardiology,Bishopside,Denied,Outpatient
dd990ce9-74f3-4875-9556-1bf294b21162,78e8ea50-4003-486e-8ce2-9e57b9b2049a,e0d3c16c-9e6c-4a0c-bacc-7c91e1ec77e9,2023-06-14,2023-07-12,1977-02-28,Tq786,SU176,3726.98,F,45466,NY,Orthopedics,Rossborough,Pending,Outpatient
005d7e2a-ff14-4c8f-a4b9-877d92543aae,71bb9c11-1979-46d2-8eca-c1dd5685d5fa,d8b49dc7-a8be-4794-8584-a46179b501f7,2024-03-02,2024-02-13,1987-05-22,rC737,jT224,735.67,M,84580,IN,Cardiology,North Edwardshire,Denied,Emergency
e72c5276-21dc-414d-b60e-06f475e625db,7974faef-4d62-4e06-87ae-a69e1c589c50,d756ea83-869d-40dc-86c4-cb005e6a6906,2023-02-16,2025-08-25,1987-11-05,aW989,GT788,9733.46,F,07657,CT,General Practice,Weissfurt,Denied,Emergency
cf4609c0-013e-437f-93cb-d5bc1498d3a1,ed5d68ac-1c47-416f-915c-ee1eba9fe8dc,24483386-7491-4ba1-8907-b226576e13b2,2023-08-12,2025-08-11,1968-05-14,qk104,cG779,5081.01,M,07332,PA,General Practice,Juarezberg,Approved,Inpatient
59a74bc3-9dfe-462e-8ef0-cbbce4a4574c,f36aa261-52fd-4325-9c11-0e9b93a86d5b,1d54743f-cf54-4b08-95f1-82e067a9a670,2022-12-13,2025-11-28,2013-05-05,nG960,IK970,7611.28,F,17626,CO,Neurology,Davismouth,Denied,Routine
6c85c4f1-bc4b-46fb-a573-3fea7853cb38,05ec1ef6-bef2-43af-befa-c00eb68af7a9,67cd32ac-9518-417a-aa8e-bc46911951e4,2022-07-10,2024-09-19,1948-12-11,aW066,su896,1662146.09,M,94682,MA,General Practice,Lake Edwardmouth,Pending,Routine
,c6d5ff34-f322-43ba-82d6-ec99b9f33ab6,a40cf7d7-13bb-4c78-9270-8c0b99cd890c,,2025-02-07,1949-01-24,Nt826,mw663,3523.48,,69974,IL,Orthopedics,Edwardsstad,Approved,Inpatient
57e76c5c-e014-4f2d-8027-2eb309ad3f64,1e29655b-82e2-41a4-9fab-9bc01f699b8d,3f6860b6-98bf-44a5-9209-86661724ebb9,2024-06-05,2023-12-31,1995-03-01,DQ991,GO892,3811.22,F,23148,LA,General Practice,Garciaport,Approved,Outpatient
253d371d-33fd-4d3a-bf86-61abbb4f3ec6,10d5322a-cf4a-469d-bf2c-de485e61b44c,276c7181-50bf-4282-bc53-b8b2b4908a7c,2023-07-17,2025-05-10,2009-09-14,Ck039,Eb020,1062.05,M,55051,,Pediatrics,West Pamelaland,Approved,Emergency
9880a555-7389-4179-a20c-c3f8f5a3ca17,9e93253e-d23c-4e2f-9ba9-11f3fcfc305b,,2022-08-08,2025-04-05,1999-08-29,KB755,Jf473,4986.11,M,81295,ND,Neurology,Lake Matthewfort,Denied,Emergency
cad8c994-bc4e-4eef-aef4-ed18b6972b81,3ecd3035-e84a-4ff8-8821-1fff227a0157,f4471663-0f96-4636-8944-496270c6c7cc,2023-01-31,2025-01-31,2005-01-31,tG075,JF759,1923.83,M,64564,GA,General Practice,Lowefurt,Denied,Emergency
,1a5806a7-d3d1-4ab9-a4af-22ee141149b0,93e493e6-44f1-4376-bea6-bbfdfe9ca4c8,2023-10-18,2023-12-10,2001-08-02,MS486,FA176,5943.92,M,27212,RI,Orthopedics,Wilkersonfurt,Approved,Routine
b457aed2-e67c-403d-bc15-08d38b0411fb,f33de7d5-f136-4cb5-b3ef-e95a4efcb3f3,f042b761-fabd-4068-a32f-0adc3b428438,2023-01-10,2025-03-04,1945-06-05,ta022,tH588,2603.3,M,66638,UT,Pediatrics,Tanyatown,Denied,Routine
78524520-d01a-42a5-831a-5cc0636a1e16,8d4a55e1-f80f-4c35-b3ca-8700ca036e74,4cc116a8-a91a-4c1b-91a3-9034f10f5c7f,2024-01-31,2024-10-26,1939-04-29,No125,nA864,519.98,M,20300,AS,Pediatrics,North Jenniferview,Denied,Emergency
89e7c102-42c9-4152-a61e-fb35a14b0fb3,182fa738-c38f-4568-8785-9224848b1ecf,6a8af21f-3676-4258-9f5a-bdab81b7370c,2024-01-06,2025-10-10,1989-03-15,Kr743,nM630,4457.51,M,27224,OH,General Practice,West Nicholaston,Denied,Inpatient
b88c364d-fb49-4c13-b5cc-ff87e85b333c,ae9ee777-63a5-404e-beaf-69115dc3dcd3,b346e737-ad42-4cf7-ad66-921b938b1573,2022-12-02,2025-08-13,1957-01-17,fs885,PR161,5897.32,F,25166,ME,General Practice,Johnsonton,Denied,Inpatient
8c76c2b9-9423-4022-9b58-ec6bf186de42,b446b329-ef91-4431-92a8-683562cdf397,794533c0-1a4c-4d3d-b5c7-1cfe778e3ccb,2022-07-12,2023-12-10,1965-08-11,ER912,Fj503,9389.22,F,40427,ND,General Practice,West Tammychester,,Inpatient
23844a35-e904-4764-b9ae-a474e69c8cd8,ca24b4c8-5c72-43d9-8989-3a1d366d684c,ae18cd25-ab1a-4b70-af34-a4ed70cfb258,2023-06-20,2025-05-23,1991-10-31,Lo560,Pb567,7091.84,M,83467,WV,Cardiology,Riveramouth,Denied,Inpatient
ec4b02e5-e371-4856-b654-f2810a4b4d9a,2bdfd61a-fc46-416c-8aed-1369253e3ece,,2024-05-23,2024-09-25,1965-06-25,bv026,Gi139,5777.04,M,71641,AK,General Practice,Scottfort,Denied,Emergency
1022d5b0-5626-44f7-bd5b-6592489d2c63,058a8bc5-42f9-4344-863a-ff6ed7512c29,232c1024-29a0-4fa2-8c97-78cd325009ec,2023-11-18,2024-05-22,1992-01-15,Pe146,Et687,4346.55,F,63195,HI,Neurology,Thompsontown,Pending,Routine
54b26a1b-f1ca-48a4-8c59-559f69f07fc6,0e233621-daab-4865-beed-3bb158a9f80d,988e1221-d58d-4dc4-b887-65e742c819d3,2023-11-06,,1987-08-22,AD070,Vv747,3713570.92,M,80339,PW,Orthopedics,South Curtis,Approved,Emergency
3e09784b-31ec-4669-8bd6-73a1162edb81,1ae04854-d636-40cf-b77b-0852abd103e7,0519e0e7-a873-4845-8153-deca8b151ece,2023-11-30,2024-05-18,2001-12-28,ot269,Ci385,7442.25,M,27617,DE,Orthopedics,South Ashley,Denied,Emergency
147529ee-9f18-4b58-80f6-b59fa26da72c,b161ff04-0f1b-429e-9796-ee2d45a73882,562a8b9e-df7d-443a-81e7-200c7076684b,2024-01-31,2025-07-27,2005-07-09,eS783,BK947,1514.47,F,77096,SD,General Practice,Catherinehaven,Pending,Outpatient
8e786eef-17c9-46de-8d5e-bde5a96fc388,e0213727-dee2-4123-9e01-558802d7fcd2,6c8bb25a-5399-43f2-8e93-8450115aface,2022-12-08,2025-02-21,2010-05-26,bM128,Lc084,4361.23,M,29893,ND,Neurology,Newtonview,Pending,Inpatient
28d38bf5-8ffb-425b-a5d8-4bb426660678,1d8a0c52-f7cd-4517-86cd-f38b6513fb92,6c469674-5352-44dd-b2e2-87ca08f22775,2024-04-29,2024-07-05,1976-05-12,Nx459,Bx378,1945.74,M,33357,WA,Neurology,Lake Lisa,Approved,Routine
eeac9355-e3e7-4b1d-aaae-15bd62d859aa,639676cb-6e1c-45af-89cb-30df599b46c8,c4961b18-27e0-4d03-a23e-bad75d3b15d6,2024-02-24,2024-04-07,2012-08-13,Aa570,IV066,4360.03,M,32699,GU,Cardiology,Maryland,Denied,Outpatient
55e293c3-42c3-49d1-9dc9-aea497f3f40d,67ef8680-0fd9-4a07-9d8c-befe4568e8ab,e53f0458-3395-44cd-8a9b-f6a2a768b4ef,2024-01-10,2024-01-07,1944-02-22,AN663,Zc278,8311.01,F,80902,PR,,South Devin,Approved,Routine
25a58208-82bf-4e50-ae00-fe1a34bc6318,23580932-bafd-4b26-8854-028817cc25bc,dfc2d075-8ca7-4311-be2c-254f575ea1a1,2023-10-25,2024-08-27,1973-01-31,,Bc319,2858.04,F,38576,ME,Pediatrics,West Douglas,Approved,Routine
a4ee032f-4e7a-4d02-bfce-f54bdcdbb5d1,06f4c0c8-98e8-4cd0-b648-3137e6a623ea,5b6da0d7-6e63-445e-a8a1-be18330cf0f8,,,1992-01-23,tE436,qw061,8414.63,,91792,ME,Orthopedics,East Joshuaberg,Pending,Emergency
79343122-c4dd-4e9a-bad5-51db3854818a,550d0a4e-9d77-4a77-bdb9-25832fd70067,10ba159a-5e7f-4254-bc7e-6016aa50b7bc,2023-12-04,2024-01-31,1999-11-02,DG205,ch988,6925.7,F,63844,AK,General Practice,West Rhondafort,Approved,
606e9a91-af2b-4ee1-b2f0-74deea2e40ea,baaedf36-1e8d-464e-904a-e5b2b6b120a3,58c8174d-c7b9-4588-bb35-e3c24e23ba08,2024-06-13,2025-09-26,1952-06-18,vF223,uJ527,9615.79,F,71319,NH,General Practice,,Pending,Routine
97a4db9a-5ae7-4a09-9c6e-f35b1de14e7b,74eeb6cd-74dd-445a-9322-e69e7000131a,ed6be198-be07-4071-857c-ee73528bed38,,2024-07-10,1940-05-14,fv864,qV509,5472.69,F,89899,PA,Pediatrics,Jeremymouth,Pending,Outpatient
5f5f862c-be06-4515-9372-c61224129fbb,757ba0cf-67a8-4fcf-ba98-3bc800e97697,70b03933-90a7-487d-bbb2-50988bf97205,2023-06-28,2024-06-08,1957-08-03,np604,FD411,8301.85,M,88784,NC,Orthopedics,West Kimberly,Denied,Emergency
,2c3fde4b-fbc4-4ede-b873-056acfaf2eb8,ac2f5b08-4ab1-44c0-bc8a-d6943c2acbe2,2024-06-24,2025-03-03,1953-02-28,zD469,jR582,4170.86,F,17036,AK,Neurology,Stevenmouth,Approved,Inpatient
9b45a360-b627-4b58-91c6-0e15aa5c7d2e,f6a04ad3-9feb-4fb5-b8e2-7112f4689b9b,,2023-10-23,2025-02-24,2004-06-30,tY232,uP786,4872.21,F,16715,WI,,Smithborough,Denied,Outpatient
ea87aa4f-1f27-438b-8dc7-807ca0a1bdb8,2faa5e16-fb4f-4ce6-852f-9d988292bc57,13b8f000-ebb3-4ac9-b48c-7947fb164af6,,2023-12-31,1991-09-22,,Ur948,5738.44,M,91258,WY,Pediatrics,Porterport,Approved,Emergency
3d422246-2bb2-468f-bc26-c3c426fea235,ca7b5748-2807-4773-a96f-c2c243831760,dd03df4a-e591-4e96-9d9e-537adb785aa6,2023-01-10,2025-09-29,2002-02-11,,Oh240,977.19,M,19189,NJ,Neurology,Laurabury,Pending,Outpatient
3576b57a-7253-444d-8b4a-42361aa56ed0,69fa09a6-196d-4c78-93b6-0c07c996fe7b,cffb1882-c2e8-41a9-81ff-26282150926d,2023-09-15,2024-01-17,2007-04-23,GZ175,vc608,803.25,F,37761,VI,General Practice,Dylanstad,Denied,Routine
88ffda8d-8c21-493d-beb1-9815f41e249a,c5ecc234-18c2-415a-9469-383bfcbe8c39,eb63271f-c510-42f6-9631-682bf6a232b0,2023-01-31,2024-10-04,1983-10-18,zz569,bD419,5586.36,M,44932,NH,Orthopedics,Adamsmouth,Approved,Inpatient
b492030c-f0da-45cb-964f-db44048bef6c,583a65e8-83c5-4a24-88a6-5a0d3ddc6dcc,052d9789-71b0-464a-9403-a49428bb26ed,2023-06-11,2023-12-08,1993-12-06,jY037,ne798,5928.44,F,82949,NE,Pediatrics,New Richardhaven,Pending,Routine
fcf2a220-e086-4826-9e6b-02b0e3b26811,9c00e6fc-268f-4097-8045-7b7a7a0ac230,,2023-03-20,2024-12-27,1944-11-05,vA243,Hl734,1387.85,M,83064,FM,General Practice,South Kevintown,Pending,Emergency
49bc0bed-0c8c-460c-a338-df2ae07898b4,3f3efc1f-8044-42cc-86c1-bc383793dec8,e3bd214c-38a7-4183-a630-07f41b791050,2023-10-12,2024-09-09,2006-08-23,JX754,qW692,8023.53,,06793,PW,Pediatrics,Lisabury,Approved,Emergency
f03d86a0-5fec-4086-ac95-a317aa793b89,057f99ab-32fe-44cb-a88c-6d4cf6f5e6fe,3c4e4a8a-76d6-449c-a9a1-9918ca0e66c3,2024-05-18,2024-01-24,1972-07-24,jt981,tX463,1875.62,F,28378,CT,Pediatrics,Alisonshire,,Routine
5b31f53d-a494-42d7-8d0a-813bd268cf44,d8009ad6-9a54-4ad3-a740-1b6645651f69,62e9f791-8969-40ce-abf7-4341a13f2635,2023-12-03,2024-01-23,1969-10-14,VI566,ED795,2075.47,F,12068,PW,Cardiology,Morenochester,,Outpatient
e3713a06-b378-4605-8a0f-a264c00a4e09,ca898d2c-f73c-4a72-9168-784641779366,46e18f69-f665-484e-b10f-f49d96c904c1,2023-07-24,2024-07-29,1961-02-07,ZA309,wp133,8277.18,M,89517,IL,Cardiology,Randallport,Approved,Emergency
09c7b986-fdff-41b9-8c8b-72b5ac1a112f,6b0e96bf-9bbf-4df3-aaa6-09ee1baa7f46,35de06f9-0925-497a-9ed8-749e9652a3b6,2023-11-18,2024-06-16,1941-02-04,zO316,Gh911,3137.09,M,05088,CA,Orthopedics,New Paul,Approved,Inpatient
e1241d7a-5665-46cc-8d11-7e775a45fcec,cd70bcef-9bfa-427e-aedd-cd739d0d6500,0761a45d-af86-4e6a-825c-b00e7d741ff1,2024-06-27,2024-06-27,1966-01-31,Br449,xv162,7457.61,F,22636,CO,General Practice,Port Renee,Pending,Routine
24272284-5596-41f5-985f-a1fde784c62b,2ed6d9ec-e6ac-4178-b495-f63d880d77de,68272671-37d5-4e38-84d4-7f65c595ff7f,2024-02-22,,1992-12-08,WM353,,2114.38,M,29938,KS,Neurology,Wilcoxmouth,Approved,Emergency
8e68c1dd-0d5e-484b-a3f5-891421dc81e8,d4ac87ec-c6b3-4fb6-9f7a-25a3c54d1509,3e21fcb2-b3af-4f0e-bc90-656e0563383f,2024-04-23,2025-07-25,1978-05-13,NC112,KA527,,M,46117,VA,Pediatrics,Davenportside,Denied,Emergency
4d9eec84-284a-4b70-abea-a72a8e8ac162,50d3c413-895f-461f-b603-66e7807f38cb,2b54281d-fdc3-47c8-b5cc-2ac7fb734952,,2025-03-03,,wA197,Ek750,-102.44,M,51427,HI,,South Edward,Pending,Emergency
c5830687-f19f-472e-bc2e-fb919aac007b,9d30e03f-9c30-4075-bfa7-8db22bb05928,4e1b8eb9-f49e-467b-902a-58b7c173a083,2023-05-16,2024-12-08,1994-12-23,Wp385,iy437,6395.95,M,02226,NY,Cardiology,Port Alyssamouth,Denied,Inpatient
3a54eb27-fb00-44cc-9539-0b1f5fab97d0,0d6c2bb2-0961-4a6f-b7da-fd4756800bc5,3153360a-3f00-40a7-814a-f59ba73ae772,2024-05-24,2025-10-01,1979-08-10,Mh321,Hb995,4032.12,F,21990,KY,General Practice,North Donald,,Outpatient
b00f8de7-3c17-4539-bd48-7b4b84ddde25,a76c357e-e9b9-470e-a289-33073c49ae00,7b380422-858a-4b14-bb4c-15cfa0c2a93e,2022-08-21,2024-01-08,1957-11-12,,ur123,6970.1,M,58795,RI,Pediatrics,New Christopher,Approved,Routine
aa0596d7-4992-4afd-90a0-744f1a1cd055,db648694-8dcf-423d-a8d8-4c5aba20798c,39eb1000-75c0-488f-b780-afe34cdb06cd,2024-05-28,2025-03-18,1942-06-20,Jh723,mJ671,2061.17,F,35571,OH,Orthopedics,New Nina,Denied,Inpatient
ee5f691a-267b-40d2-955f-9e85dcc467a2,2dbbc44b-9d7e-4cb9-9184-a4bc44a5c4be,623176d0-c784-4891-b772-1a25fe39e9b2,2024-03-30,2025-08-19,2012-03-21,MP332,FJ420,6955.68,F,87107,MT,Orthopedics,Hallside,Denied,
72c11496-7405-4810-9fe7-4cf4e78b88cb,daf8c7c3-72da-44c1-8a8a-017382aed1d4,3d08f40c-e30d-4405-8d35-3ae1152bfc11,2023-12-27,2025-04-13,1969-06-16,kw049,Aj050,798.63,F,44144,ND,General Practice,Mackenzieburgh,Denied,Outpatient
3bbcb872-b0dd-4cc0-9edb-5ceb9ba6fa27,e288221d-e1f7-4bfa-9e09-2656ce3606b5,bb664079-15f1-4933-9814-fd9644474df0,2023-07-08,2025-11-13,1955-04-05,WI188,mm933,1293.61,M,123456,FL,Neurology,Brittanyborough,Approved,Inpatient
55c55671-c3ca-4ef3-9ae1-790f207d551c,651b164b-b727-400e-a3a6-2991402ca661,65a072e5-b8f9-4975-99ac-ea0daf311f3f,2024-06-13,2023-12-09,1963-12-07,Xo017,mH462,3566.24,F,91985,,Neurology,Harrellton,Denied,Routine
f481808d-8df0-439f-8c59-30071c180b14,b3e80f33-25d8-46f1-9937-113f307a2f86,d4b151e0-e77c-4946-8821-f5b4d0891980,2023-04-19,2024-03-19,1967-08-15,,to467,1418.78,M,28945,PW,Orthopedics,Danielchester,Denied,
4ada05c4-835f-4bfc-bdc3-692121d5bcd0,ee5cd136-a191-455f-bca1-2743a68affa7,a919ab57-d842-461f-94ea-92e59a7ae285,2023-10-11,2024-07-16,1997-10-12,Sf013,,4624996.33,F,05501,TX,General Practice,Schneiderport,Approved,Inpatient
b4088471-afe3-4fe8-850c-df3ea148a0f0,c20e3df9-7e40-4a9d-b059-f1d059df64cd,fddee1b7-a2ae-436a-bb90-e2d091caf2ab,2024-01-04,2025-02-26,1989-01-30,uJ298,Fj105,498.55,M,ABCDE,ND,General Practice,Harveyview,Denied,Outpatient
13132f11-028e-4f01-96cf-f6bbd7ca4d17,89ed4a27-0da4-4acb-ab26-257298886a40,9ba34277-9649-41bd-8808-f33a1e25b916,,2025-06-09,1997-06-25,nt322,GK035,2236.63,F,89489,NY,Neurology,East Nicolemouth,Denied,Inpatient
b37ff967-6fb8-4b8e-967b-327adc277b5f,7d09fe42-0a7a-4a6e-99ba-fc25af5f0304,0d4fc4b5-5ce9-4390-b6a5-b115f5ff3319,2023-03-03,2024-04-27,1975-01-29,uH404,IV205,3125.48,F,89268,AK,Cardiology,Griffinside,,
a9227216-942c-4739-b9ae-04214bf640d5,053b3fb9-0d1e-40f3-956e-987e2eaa71d4,cce842af-3478-4953-9c4d-e99553cc8040,2024-07-05,2024-07-18,1946-08-11,Vc771,qF285,,M,48906,WV,Orthopedics,Jenniferburgh,Approved,Routine
70946881-265b-46c4-a3d8-635bf1bc5aad,6316d010-b2b9-4d60-b6f1-f850e74091ae,2a244dc6-b87e-4c88-bdff-3a32565a682b,,2025-11-22,1982-03-29,bo251,Hw668,8292.63,F,02284,NC,Pediatrics,South Sherrifort,Denied,Emergency
9b1d1278-6ea4-4398-87af-1e84ed6ab456,9c8f8f4e-2ea6-4e6c-a7bd-2977dfb7074a,09a02640-2e81-4cc6-8c07-274d37e45c4a,2023-09-06,2025-09-15,1957-10-09,YT021,Tf814,8713.98,F,03787,MP,Orthopedics,Jonathanburgh,Denied,Outpatient
db7294a5-d9d7-4cfd-b531-ef2eef74206b,1b2bc173-1848-403b-808e-f6b2cd247b89,ce3b34dc-4ac1-41ef-b8db-567596942ea8,2023-10-01,,1976-10-17,jb599,rK172,6491.16,F,09313,,Cardiology,Tuckerfort,Pending,Routine
9c1b8fb6-e7f1-40e6-bfb0-ab2cdc67b494,445aa329-0f36-4701-97ec-99229cbaf66d,679d88b9-eb13-4c70-8a4f-758fdccefa11,2023-09-03,,1948-02-25,Af723,DZ421,9014.14,F,00704,MN,Neurology,South Brandonberg,Approved,Routine
787e6385-285e-42a4-bc07-f222e2fb5c9b,d46d41df-3157-4d56-8a2b-5967561e60e2,64a02b11-635f-4f7a-b3ff-80facfa7f9b2,2024-03-15,2025-07-04,1958-02-26,IH931,oq009,6621.07,F,,IN,Neurology,Michaelmouth,Pending,Emergency
89940cdc-65fe-4f41-a1a7-858bd8c2aca4,86c4f9dd-f3d2-490b-a1ca-259862e4bb2b,a43b0c8f-4b99-4314-b8de-c78878cfd544,2024-03-07,2025-08-01,2006-09-13,rb717,uo631,5755.48,M,42219,IA,Orthopedics,West Joshua,Approved,Inpatient
f4fa8695-2957-4919-8241-b9b54feb8c89,ea19cfa8-c276-4c51-983e-39bba122dd6d,96e94cec-f13a-4b19-b7ab-d6c064e0e9cc,2023-09-20,2025-08-09,1964-11-01,qy583,qL992,3557.17,F,01168,MN,Cardiology,North Joshua,Pending,Emergency
,c5e9af39-0325-41ee-afa6-3a8f884e58cd,ec8410fb-163b-4b2e-9f9b-9303372d1972,,2024-03-02,2007-05-02,tP442,ua302,3934.02,M,35783,MO,Orthopedics,Angelabury,Approved,
219aee23-1da1-4622-9c7a-c6c449137058,2a005e4c-0452-47d8-958f-19d629a2641d,a5677266-2827-4b59-b662-a73c37f3d803,2024-06-25,2025-08-03,,ki036,xq008,3520.26,F,40792,TN,Orthopedics,Davisborough,Approved,Routine
84b7d1ae-0171-4051-92c7-1476499a3705,,391586fa-3e03-4ae1-9c9c-850ece571422,2022-12-23,2024-05-02,1989-09-17,OA923,hP936,1927.86,F,93420,WV,Neurology,,Approved,Outpatient
68f67524-2766-4e9a-b2d4-b69c66077bfc,16067c4f-27f0-4053-9a7c-ed7c09c1005f,b61dc0b9-9a25-4ced-b3fa-2c2589080ecd,2024-03-09,2025-11-01,2000-05-23,DD856,rv172,6829.0,F,06463,RI,Neurology,Whitakerstad,Approved,Routine
a863effb-ed2f-455f-b912-ba2c0f56ebc7,1b587ece-6aad-4e2d-afc2-da8dc14356a1,d9a1da24-3dbe-4ace-b01e-6666bd111959,2023-02-01,2024-09-29,1960-08-04,KA760,nR774,9879.08,M,17420,ME,Pediatrics,West Stephenview,Denied,Inpatient
e7682210-a7dc-4748-8c4c-123111dc9b74,fa605b51-7310-4c83-954a-01d7248dfc95,833e0445-d5fa-4155-8f8a-995d33c832f8,2023-01-04,2024-08-28,2011-11-30,RA169,Ih675,9878.45,F,88167,VA,Pediatrics,Lake Allen,Pending,Inpatient
b577d6ce-6819-4c38-9c4b-1346b874db16,8e1e69a7-f895-410c-a0cd-111604dcfc08,89017a6b-8963-456e-a243-8ad4d0dbb81e,2022-10-05,2024-04-10,1959-08-17,On855,pU809,9696.1,F,02255,,Orthopedics,Port Leonardstad,Denied,
e3811f21-6248-4747-ab1c-4abef5f3ca31,e32dab55-b727-493b-bf58-6eb2e80f49d1,f2f55e32-3f39-4ffb-87d8-e3a6d0d5bde7,,2024-11-29,1971-09-20,nD005,ik167,6671.66,M,95554,VA,Orthopedics,Lake Bernardbury,Pending,Inpatient
97857346-46c6-4bb8-a4e1-746df6e2feac,fef07665-90fe-40d2-aa14-ef757565cd8b,177d255e-5402-45a2-868d-4b669e031f7b,2023-11-21,2024-10-22,1959-09-21,,fM217,6981.93,F,,NV,Neurology,Ramireztown,Denied,Routine
4eac1640-377f-41a9-bcbb-41717480625f,1033b794-dbfd-4ac3-a0b5-16de50635e28,509fbce1-a07c-48e7-b166-2566405fcfd9,2022-11-24,2024-09-15,2004-12-06,rp666,Ga268,1663.75,F,64620,OH,Orthopedics,Scottchester,Approved,Routine
cc2458a3-cfbe-4ff8-99ef-d681a532c95c,4f962bd8-5d0f-4af0-a9b7-375bc082997a,0f924fd3-e302-4c62-98e8-f6dad8b6ad82,2023-05-06,2025-05-18,1975-08-24,hT822,NY447,9625.51,F,79070,NC,Pediatrics,Jonesshire,Denied,Routine
1905b6ea-13db-4bbb-afd2-de02e8c669fd,35f1ad63-adb3-494b-9c46-ed0862ef7aed,cc89acf2-92a1-4e7f-9199-fdf2d7b34ae1,2022-08-26,2025-04-16,1962-12-23,JZ695,NE284,8821.63,M,81796,,Orthopedics,Cooperfort,Approved,Outpatient
aba224b4-a7f0-4d70-b8cf-4d26e98a4f57,eed3b792-2663-429e-92f5-79353f035753,5ec37612-ceaf-416e-ad54-f77aa400c86d,2023-12-13,2025-04-20,1951-03-31,qJ619,lB771,939.44,F,33614,TX,Cardiology,Jameston,Denied,Routine
7e525ae5-45ce-49dc-a3da-6653b7381b27,2144f838-af32-4503-9c95-f8fb5fcd22bd,871068f3-6d24-4291-bc90-67d63e759a35,2022-09-25,2025-08-02,1979-12-14,Sb633,dc792,8779.98,M,62149,MD,Cardiology,Macdonaldbury,Approved,Outpatient
1aa69ed5-24fd-4db5-a616-a1f6af03249b,55172d8a-2ad7-4e5c-a04a-a992f6da04e7,9fe57899-44d3-468a-9d0b-fdad221e798c,2024-06-19,2024-08-16,1959-01-19,VB380,Pg144,5997.23,M,50965,AL,Cardiology,Port Williamport,,Routine
f765b545-e9c6-4d10-86fb-3098c993d30c,ce5fd8a5-231f-49ac-80a5-d31585d19d64,cacf61b0-694e-43df-aadc-7d4ac330ce34,2023-08-13,2024-01-02,1956-04-04,XA506,Ui389,3942.84,M,14613,OK,Pediatrics,Michaelhaven,Denied,Inpatient
50ff6bf2-b57c-4278-8da6-7c56b099ca9f,dc058d57-c535-426a-9340-9d323fb7ab22,aea1f944-03dc-4b68-9a44-d6fde8579282,2023-04-15,2025-02-26,,ml849,Jk929,8457.29,F,28811,KY,General Practice,Murphyberg,Denied,Emergency
1ef78f63-a850-4d94-9fde-928da4ac0d72,dd227e01-62c2-41e7-83eb-47f4727fc6b3,7f39d9c4-ed83-40a9-a05f-691d09f5619e,,2025-01-30,1983-10-28,Tj344,En350,9912.57,M,95080,WY,Neurology,East Beverly,Pending,Emergency
058a7dd2-1170-4e90-9653-4c6fa8fd8b63,9a88ea68-674f-4f93-9ba8-3652e6a87176,7f9c8e9c-6ed1-4861-a428-d82c7dbe67c8,2024-02-10,2025-01-07,1939-05-04,pD340,Wq768,4864.65,F,14338,AR,Orthopedics,Philipchester,Approved,Outpatient
28649cf7-40f3-4d2c-bc22-5cc841cc5260,1b62a320-dbbc-474b-ad67-54ce660bc117,,2023-10-29,2024-06-08,1951-12-11,lT859,VX485,-1097.95,F,,MN,Neurology,Davidchester,Denied,Outpatient
3cb505f4-8b20-4e47-95f8-4e0cd9bf37f9,cf08c683-9297-47c8-9b8e-ef5ecfb9e2fd,87b7631c-80ac-42f4-91a7-8dade3d65efd,2023-03-15,2025-11-17,2004-01-18,bR972,vZ717,4803.39,M,59572,NE,Pediatrics,Johnsonville,Denied,Outpatient
80fba135-0d8e-477d-8c9d-d8b0d1cf42cd,884bf786-b431-4a32-8d47-f2015ba70690,bb703b0c-9dd7-4c88-9c92-f26ac9b53da4,2024-02-06,2025-02-10,1992-12-11,jG645,Gd548,5900.06,,73757,AZ,Cardiology,South Alexandra,Pending,Inpatient
cdf6db58-dc50-4126-906c-11f95d59c136,57db95c3-6dbf-4b72-9bea-52851e53a7f4,1c514ef2-97c5-4b75-b960-0bd67b31b6a4,2024-01-02,2024-11-08,1939-02-21,PI129,Ak444,2510.47,F,33787,NV,Orthopedics,,Approved,Routine
b904860a-dfbe-4198-ad7e-9aea0e8231ac,,581fa48c-32c2-4b92-b100-c40f5fa84924,2023-01-24,2023-12-08,1957-06-07,Tr555,hJ920,2495.12,F,94351,NM,Orthopedics,East Charlesberg,Approved,Routine
7f9735aa-f403-44c3-a99f-5d00632b0a0d,459a861b-acde-4d0e-828b-8967713d400d,9e7d2c67-59ba-4cf9-8865-29bf42510d86,2023-05-26,2025-04-03,1991-08-02,kR473,CO696,3564.38,M,31838,WA,Pediatrics,Johnsonview,Pending,Inpatient
e39bb93c-1936-4a16-bb85-d4cb2a7d07f8,1fd18c12-f2d9-4dda-bf4a-7aa04c9e5b6e,6b4257f8-f0b6-4ed5-bf02-a0a4f548e2d5,2022-10-20,2024-03-21,1978-08-24,GP450,jW378,6493.53,M,06407,OR,General Practice,Snyderhaven,Denied,Routine
c3e3d307-573a-4647-bbc6-877c27b95ebd,8747941c-8fb6-4573-8723-ec9aaf446c03,315fc6ee-7923-4da9-aec9-ea0ab317c8f8,2022-12-03,2025-11-09,2009-08-24,xA882,TA826,4412.27,F,56616,NC,Orthopedics,Lewisview,Denied,Inpatient
a3f01946-f682-4d3a-bfb3-7800a60de942,,1e316964-24cd-41d8-8fbc-0a59bf01549b,2023-08-17,2025-04-24,2005-11-20,JX373,RW692,4113.69,M,95542,DE,Orthopedics,Crystalbury,Pending,Emergency
,33b444ff-9f56-409c-b557-83e7c42fe37d,c27ed265-8013-43c1-8bd3-86a784dd866e,2022-07-25,2025-02-12,1994-06-07,mp547,Og264,-1733.69,M,76553,GU,Neurology,New Williamchester,Denied,
282a482b-c2e6-48df-ae9c-177fcbac83be,c5b81aca-37e9-44b3-9238-10d413dc9dd0,b568ac06-df52-4d23-9d89-990c08884ec4,2024-05-10,2024-01-20,1951-08-05,Bs178,pV611,207.03,M,06487,AL,Orthopedics,Perezfort,Pending,Routine
0d00a88c-b116-4e3c-b074-b3694d9a963a,2dff327d-2aff-40f4-bd3e-b46e64f0cb85,f49872e1-3600-466b-992e-d0a32b4dc199,2023-06-22,2025-09-30,1935-12-30,yl561,UI002,5917.1,M,12543,GU,General Practice,East Michelle,Pending,Emergency
bc5c2014-28d7-418b-94cf-4b88dd0aa552,e96f7fc1-0c00-4416-a202-e59de2e0768f,5790a8ca-28e8-4172-b45b-af68a5b11c5e,2023-07-24,2024-11-18,1950-10-22,Ws291,zs276,7995.84,,,NJ,Pediatrics,Rhondamouth,Approved,Inpatient
140eb430-0eab-49e9-83bc-b61490adc7ea,a60c97a5-cfce-4589-8aa0-bc6c5cd7a5bf,42e5792d-317c-4d95-b2b9-aa1b1f9f5646,2024-04-21,2025-08-12,2000-09-03,DX232,em556,3320.42,F,05734,MH,Cardiology,New Adam,Denied,Outpatient
c37abb2c-16ed-44a8-a1b3-7e4360d4e7be,4d53ca1d-309e-4855-a5e7-9d959a5821e1,74a75780-726f-4288-9334-379314d1f175,2024-03-05,2024-08-11,2012-02-16,Th729,zQ383,2282.42,M,80031,NC,Orthopedics,East Christina,Approved,Routine
bd990a5f-f2d8-4de9-a95f-ba1e9ebce46c,7c1c976d-93bf-4ba3-ba8c-7c6c70e16dca,5949e1c8-b9d9-42ed-9bfb-dc36a811f703,2023-01-18,2024-10-13,1982-11-18,KF917,YM750,5017.99,F,95466,NV,Neurology,Georgefort,Pending,Emergency
0edb44dd-15cf-416a-a467-948bec3ceca1,a12e6da7-b577-41a7-955b-d234af1e8fda,44c4da2d-0763-4fb2-a51a-32592ecec8d8,2024-01-08,2024-10-31,2014-12-23,hM587,FW199,7668.83,F,95880,AK,Cardiology,Debbiestad,Approved,Inpatient
71990327-c349-4fc2-b13c-e7a2c7a94a10,7a01fbc6-a2db-4b9b-a6ab-fe694fbebe98,5d604214-794a-4972-bcfc-b1c7f3d8ea26,2023-05-30,2024-12-02,2010-08-22,jx816,Nr646,2754.93,M,01285,OK,Orthopedics,Jesseville,Approved,Emergency
08a41b5d-5871-4439-99f1-a50651ecea86,,7d95ca93-0d84-423c-9ed8-e278c49d49ba,2024-02-26,2025-08-09,1990-12-27,Ly485,Jd330,7536.66,M,07464,KY,General Practice,North Anthonyborough,Denied,Outpatient
34993067-6b89-459d-9639-9ec6c8d3f3f9,b40c6303-0c6b-4341-92db-fa6b7d973018,7151f366-9cfb-415e-9d47-c1ae931cf2a6,2024-02-04,2024-07-25,1991-02-25,Km594,,191.05,F,21188,NE,Orthopedics,Jameshaven,Approved,Inpatient
b3c3ddd6-65b0-4873-8ca8-00939dbfa9a7,c22d6957-4d07-44ec-8c13-2a830b571172,0c8bddd4-0358-4e5a-b165-2f4d62454c06,2024-06-05,2024-07-17,1937-08-04,kb747,SS653,7160.75,F,,WA,Cardiology,North Craigmouth,Denied,Outpatient
dcea5e72-bd7b-4be4-8fdb-83c03cce925f,e6d929a0-ca58-41cc-a9b8-bf219cffa743,50bc66ee-31f7-4add-a3cb-6c03a726c81e,2022-08-23,2024-10-24,1977-04-30,Wd796,,212.4,M,42047,HI,Orthopedics,New Jamesfurt,Approved,Emergency
c75d0b29-8ea0-4cfb-aae2-bbd5c73028a9,967f0187-0537-49a8-b0af-1273374a33da,a42b1486-772a-4528-9dda-3e91f6906a7d,2023-04-14,2025-08-16,1940-07-20,YH620,qL275,8205.53,F,15592,OR,General Practice,Emilyview,Approved,Outpatient
8a1106f3-6ce8-4a87-a98c-144757db8e27,baf7e02a-24e2-43eb-83c2-d067483fe0e5,c5630506-86c6-4ba1-9f42-27a88fc9380f,2024-05-08,,1966-04-05,,hp764,8602.29,M,03421,NC,Cardiology,Travisburgh,Pending,Routine
4a6c8d1f-035d-4379-afe0-722539e48056,6a416be3-e55e-4e6a-9aa5-432133b2b4aa,6631ee0d-18ed-4842-a927-3ac5c9314842,2022-10-05,2025-09-06,2010-05-06,mj021,uI768,5821.12,F,,DC,General Practice,West Lawrenceshire,Pending,Outpatient
7475fb38-3feb-4304-8480-b6b75a38c179,07644c42-5790-42f6-97d9-8c006b8f2877,3afd8f0f-b8e4-4ea5-8e4f-14a36c2b823f,2024-03-18,2024-01-09,,xv332,gl958,6652.16,F,04304,NJ,General Practice,Lake Michaelfurt,Denied,Outpatient
7c012cb1-f003-49b7-b11e-42feb0d02872,720c713c-de19-4e41-95cb-a3771f1c9dd7,f48c2c55-9f92-4337-bded-8fa3cea01194,2023-10-15,2024-02-03,1993-08-26,fB233,gE426,,M,85560,WI,Cardiology,Lake Jenniferport,Denied,Inpatient
,172f34ce-9dab-4ae0-9c9f-7453eca77833,,2024-05-23,2025-08-23,1967-04-20,ZG521,iR501,6410.56,F,35687,TN,General Practice,Williamsside,Denied,Routine
a31e930c-2d83-4aa3-a36f-db5c18b6838a,3d325bef-e237-4a2c-839f-1348491030ad,9023b1ad-9104-4d2e-8e9c-06fb423ac2ef,2022-10-28,2024-09-11,1980-11-01,LE548,mX219,2533.89,M,54541,PA,General Practice,North Kylefurt,Pending,Inpatient
1818b666-9e68-4922-a63f-420f6bf84274,13c48608-9a00-40aa-bb8d-e056c7e20a67,03028244-f306-4f60-8522-e008566e6e96,2023-02-01,2023-12-07,1998-05-13,nN487,ou504,9513.55,M,98950,NC,Cardiology,,Approved,Routine
b6a9ed1a-b3f1-4f5e-9e11-1bdc1cd887e6,9d848d84-d05f-451f-bf04-4a7b06e33c2d,57005489-a6a0-4d12-b420-2fa6ebd2c79a,,2025-08-27,1945-06-29,Fp164,jZ754,8914.8,M,60972,NJ,General Practice,Brookehaven,Approved,Outpatient
c5830687-f19f-472e-bc2e-fb919aac007b,9d30e03f-9c30-4075-bfa7-8db22bb05928,4e1b8eb9-f49e-467b-902a-58b7c173a083,2023-05-16,2024-12-08,1994-12-23,Wp385,iy437,6395.95,M,02226,NY,Cardiology,Port Alyssamouth,Denied,Inpatient
5e0fd238-0a96-4a5f-a39b-1343987818d8,262d2161-5806-4482-9381-7067be39a798,4cb82a35-ae41-4799-98af-ced09bbf4b22,2023-04-12,2024-06-14,1998-09-16,cn629,wL732,6527.18,M,86064,ID,Neurology,Jessicashire,Pending,Inpatient
,6d707925-803e-42b8-af6e-e77d9f45dd8a,ed55392c-f9e3-469c-9367-00df827b1cf6,2024-07-07,2024-07-31,1953-02-22,Qu671,Gw549,9638.64,M,60990,GU,Pediatrics,South Jessicabury,Approved,Outpatient
45c23190-86dc-4356-b50c-e1aaf9171e01,70bb09d6-843d-4425-9540-a36fa1f7f14f,32f40c6b-f625-46ff-9cf7-6d6649a1b40d,2023-04-07,2025-01-15,1959-10-03,vC733,WV517,,F,04604,LA,Cardiology,Singhchester,Approved,Routine
d69042cb-3a1f-4144-afcd-7908a9770ea2,b6d22eb4-8907-4051-80f1-89696f4b3530,9562a29c-708d-4c40-965d-f82d6d598658,2023-08-01,2024-11-12,1945-10-15,iN562,Xk558,5108.3,M,76534,LA,Orthopedics,Leslieburgh,Denied,Routine
11483463-c251-4f08-a52a-d0e267e2d6b9,342a4e01-f7ce-4165-906e-479832a7c915,4bbc9552-49da-4467-b446-c80e1c35efda,2023-01-12,,1952-11-14,Qe524,zk841,3337.63,M,53370,NE,Orthopedics,Alexanderchester,Approved,Outpatient
32faac82-bd79-4b4e-b136-c07bf93f3537,3e06f6e0-895d-4453-bf07-fc2a5d34fc7f,0a2f09e9-bc4d-44f2-b118-9346a66cb1d8,2022-12-04,2025-09-12,1981-06-04,bD080,Qb579,2936.54,F,35720,PR,Cardiology,Holtmouth,,Emergency
3b6ac52b-9d99-4df3-9083-d5db1a07e820,673b56d2-d1fb-477e-ab96-599c16235e2d,6c739282-55b7-493e-9d28-78594424b365,2024-05-10,2024-09-01,1967-02-15,gg513,kJ480,2413.75,F,94508,MD,General Practice,Gardnerland,Pending,Routine
97a0e828-30f2-4cb9-8dc1-2735a4a61472,aa74c78a-6316-46fb-830f-02313eaeefcb,1e9c4b15-0145-417e-8013-8fbed8975da8,2023-11-16,2024-06-15,1955-11-15,Ae174,qs153,9410.99,F,54285,SD,Neurology,Kentstad,Approved,Outpatient
bad18a1c-f714-465c-9c66-b53275f6f7f3,48619fef-e28c-44a8-a178-a30ffecdbf88,3aede95c-f7d6-4746-bb0a-6d440a4d8142,2023-07-22,2024-02-02,1993-01-02,gZ282,Mu193,6177.94,M,,OR,Cardiology,West Patrickchester,Pending,Inpatient
c345afdf-429f-4e42-87ff-cd4449b0c71a,456b9fa5-49ef-4d45-865e-cfcd8fd3dd7d,645ab4c5-787e-419c-8277-62103877e4dc,2023-01-03,2025-01-02,1960-04-15,,th210,6114.69,F,63965,MH,Pediatrics,Bryantbury,Pending,Outpatient
7eb4dc7a-8d95-4e58-820f-db8097eb5a6e,654ece7a-c9c6-4f67-ab19-28efdfbc406f,53b0e3d6-44b4-48f9-a63b-96917e0e1e75,2022-09-17,2024-09-12,1939-03-19,KL797,Ir339,5611.95,,86575,VI,Orthopedics,New Breanna,Approved,Emergency
f02c22ec-7b44-46b8-9d2c-722bb4879f6c,8a2f2988-ccbb-4582-8777-72d8011b0f5e,7df00b4c-f93d-484c-802a-5d219a00086a,2022-11-30,2024-11-26,1991-09-22,JR903,Wy395,6351.44,F,10130,TN,Neurology,Cooperbury,Approved,Outpatient
0a73d145-37e5-4974-84db-10fa125b4103,17751962-fa05-43fc-b953-fdf1e212166b,2e39463c-cb9a-433b-9459-ef4a6e855579,2024-04-05,2025-03-31,1937-03-03,YB503,qK020,9648.32,M,82563,NM,Pediatrics,Kimberlyberg,Pending,Routine
b7b7bfcc-478a-4790-99f6-3aac16553b61,9792b11d-c25f-4c59-a2b1-731b58d49448,370bfd19-20cf-4904-81e2-e5fe49db31fb,2022-11-21,2025-03-19,1959-02-13,gq484,Ks974,4373.43,M,36855,WV,,Patriciastad,Approved,Inpatient
1c3d9b27-240a-4984-88c0-24570a9f6335,,7e0db8d8-e164-46a0-b149-6c7d8dcf249a,2022-12-26,2025-01-04,2025-13-40,gq742,fd370,-630.31,M,17431,TN,,Lake Deborah,Pending,Inpatient
871fd574-9250-4a98-a689-e0a562188794,5e326d1d-ca6b-4318-acf3-90474457a6f7,5e5cb0dc-2ba0-4ac8-80d8-81742e87e58e,2022-08-19,2024-09-29,1983-01-08,En192,yy980,3893.07,M,12A45,DC,,South Ryan,Pending,Emergency
d152fa09-e7b5-4c41-b784-5c7a51689ce8,0f90ca28-5640-4dd0-bd59-41e9f643e78a,8810d053-7626-4a2d-9cbd-9592673f49ca,2022-08-15,,2010-08-08,rJ067,ai583,1896.24,,83145,KY,Neurology,East Victor,Pending,Outpatient
b86151a0-c057-4910-ad40-ab562147baa8,8e257fbe-fee8-4eb1-8530-d1b26f78e34a,9a9521e9-e664-4213-bf55-6fa6aaa48b23,2023-08-31,2025-10-16,1956-06-19,hf031,QH199,3023.48,,04637,MP,Pediatrics,Lake Alan,Approved,Routine
82c053e7-feeb-4546-9464-006274c8860c,afc4969a-6d65-4fad-8455-80469ae29745,1b0b0c35-9941-471b-b4aa-6387b40fe3eb,2023-04-20,2025-05-28,1981-11-16,MX271,,8635.81,F,21619,OH,,Port Jennifershire,Pending,Emergency
9b44abbb-7893-4530-9182-f0f626fda348,156e8425-5d9b-43f1-a074-3d7440767ef3,6a918a01-9bf6-43d9-9fab-ffca8281ed2f,2022-10-31,2025-01-03,1967-11-14,KM449,sh946,,F,66887,GU,Pediatrics,Christinastad,Approved,Outpatient
36fc9be7-9895-453b-85a1-21f7847bd9de,008e2fd5-39f3-4f4f-8448-193999720366,39addc5f-9bb5-4ef8-bad3-33972cf2b9ca,,2025-10-22,1966-06-28,xS638,rt885,,M,99002,OR,General Practice,South Melissa,Denied,Outpatient
204b0f50-77cb-4a60-9e73-d23d1f8e1a7a,194fcafb-f7e3-4fb8-aa77-c372b595083c,171c0d6a-aabd-4741-9850-59bd0bd1d7da,2023-01-11,2024-11-07,1988-08-01,RD894,UJ829,1480.99,M,96145,MN,Pediatrics,Stevenhaven,Denied,Outpatient
b63e8c54-18c5-467c-8b4f-877c09b3345d,abcccb52-dab0-4d30-965f-3247abc0cdc6,1655f5f0-618e-49f2-b3af-310027642c75,,2024-02-23,2007-01-29,aF687,pP225,9849.93,F,34243,OK,Pediatrics,Kevinville,Denied,Outpatient
72a119ad-78af-4568-9423-95071d34b5e1,f2947016-c486-4322-9983-a3b8412f77ec,5ee2b1f9-ff6d-4bc3-8e56-2f725fe8ff91,2023-09-08,2025-09-24,1964-08-03,EF415,tx847,7698.92,M,46850,ND,Pediatrics,Hunterfort,Approved,Outpatient
21a5e702-be90-4db8-8a72-ac5d3eea68cd,8f7f2cf0-b6e6-4f19-9c0b-bb701b2b19ae,c5012d3a-8e18-46da-a545-114a1301dbbb,2024-01-04,2024-01-18,1946-05-22,WO899,hE751,2776.89,F,19787,NJ,Pediatrics,Wilsonberg,Denied,Outpatient
64e3a487-cb55-4b0f-80ee-59304faf9a97,2dffb0a4-0f59-42bd-8e5e-de45536e45e8,4d75716b-3c02-41e2-908f-282e002f1706,2023-10-13,,1961-06-28,iD684,Pu510,5972.89,F,12723,AS,General Practice,Riverashire,Pending,Inpatient
aa251c3f-be8e-4525-b60a-d95b26646f6c,4a1a8b2d-18ae-4504-9d4c-c4733653a179,,2023-02-17,2024-05-01,1956-01-25,Lk551,oV452,2798.98,M,87896,SD,General Practice,North Timothy,Approved,Routine
9a5babf0-1f40-4fc7-bead-daa1ef951b46,1ebbb350-0cee-4885-8f54-de83eb3bb0f6,,99/99/9999,2024-04-22,1937-10-21,kW249,Hn880,278.26,M,39178,AS,General Practice,South Gina,Approved,Outpatient
962dc896-cfc6-4f10-a162-1f283231a365,52ff4285-0c16-4ddb-a266-8fac2f099a58,1b783f6b-53f5-4711-b8d3-02bc2741734f,2022-08-15,2024-09-14,,jF294,BP959,8189.01,M,55089,IA,Neurology,Gillview,,Emergency
6a4791a5-d0ce-49d3-88d0-4559088a1564,3156977e-ccff-4a4b-95a0-cbc347b70a3a,a848acd9-917c-41b4-9ed1-0d3e381ab2e9,2022-11-22,2023-12-31,2010-10-01,xz766,Hq038,6957.0,F,55721,,Neurology,South Robert,Approved,Routine
e257dc65-c260-4eb8-a168-60df267b8bce,7b9d3ded-03d1-4ead-97e3-ad308d5cd689,cbedb87a-33cf-4000-807e-797ae212c159,2023-05-26,2025-09-01,1941-04-29,ki839,zq659,4086.77,M,24793,CA,Orthopedics,New Monicashire,Approved,Inpatient
37b90d6d-d285-4608-8c35-a3cd8a8d5b02,03ea7c3f-1942-4f5a-9283-757fc974f31d,3e8dac53-4d0b-4308-9b5b-ecd152a04e2e,2023-01-25,2025-07-01,1938-11-28,fv397,rx001,,F,,DE,Cardiology,New Marissa,Pending,Inpatient
7178ed97-4bd6-4c49-88d5-f93584302727,93f84b6d-f89b-4bfc-8d77-c5bfc5d8a5b5,c8b80209-733c-49cc-b733-c48573eddd17,2022-10-16,2025-10-26,,uJ229,Yn338,5703.58,F,23255,WV,General Practice,Millerhaven,Pending,Emergency
0dbc3d65-b7de-4974-b015-0bfb6f37c5a7,158960cb-be26-4096-9afa-b7ea72b9bb2d,1145dfba-9409-4264-87ce-ca076cb42252,2023-05-03,2024-05-05,1956-12-31,hX486,tl540,6285.36,F,75931,AZ,Orthopedics,Meganstad,Denied,Outpatient
,edabcd22-dace-488f-a40b-ae1047f3a8ab,429f2bf8-65e0-4667-90ac-70ad08c4796e,2022-11-23,2025-10-29,1938-02-22,zg819,aT493,660.2,F,58892,FL,Neurology,New Loriberg,Pending,Inpatient
6001e036-0224-4d50-b754-59b75fe8a8ab,97c2d684-ea67-4878-af29-c787f5bddc29,be0fcc9c-35a4-4c7d-b6db-087c904658f5,2023-12-29,2024-09-09,1962-10-17,nQ042,Fa423,6444.18,F,26783,TN,Pediatrics,South Kelly,Pending,Emergency
,54ca2a4f-616a-49c2-a37a-664fc454dd66,940b34a2-3371-4760-b242-1b4e4910f60d,2022-09-21,2024-12-02,1985-07-17,,kw166,3538.04,M,63611,VA,General Practice,Jamesport,Denied,Routine
f5cb22fb-1a1e-450a-9093-d2135ecf707b,7e5a789b-9f7a-4dd8-a0cd-966916cdfd16,a091b562-3bd9-463f-964f-c24178c1e6e4,2024-01-18,2024-02-16,1988-06-09,Dl743,sU702,915.57,F,59376,SD,Neurology,Dennisborough,Pending,Inpatient
df3e1030-91b6-4a30-a38e-95d6259ca0fb,7e0f2dac-0d11-403c-8a2e-3aa2da9836ee,beeb23b7-d1ca-496d-8418-baea50599c0b,2023-12-25,2025-04-05,1976-07-03,oo495,oS349,1696.07,M,53862,VT,General Practice,South John,,Outpatient
05893265-5d70-4944-a555-ff0644bb1ff3,,58c0419b-7486-4545-8d63-451c9c95be50,2022-10-23,2025-06-19,1937-02-06,lW060,hO194,9809.32,M,47336,MP,General Practice,Michaelview,Pending,Routine
587ff6e1-c4bc-424c-bfdb-df6907f2ca33,ef07a16d-def1-4f51-89cd-f521affa394f,48560e8e-3b98-441a-a752-e0cb99f829bb,2023-04-18,2025-09-28,2009-02-26,nu182,Gz067,241.72,F,15479,,Neurology,Jonathanland,Pending,Inpatient
e88bda3e-4b8c-4276-8fb5-b31d83ef1a08,f9e73fee-992c-4fab-bd2a-42f5e7f9c0a4,77a9eadd-68ce-46c3-9275-be28817b1f08,2022-11-19,2024-02-20,1981-04-06,cE154,QU136,8495.62,M,21712,IA,Pediatrics,New Jessica,Pending,Emergency
ad29c1c9-16ee-43fc-b92f-b51a12d66399,58087d81-fa77-4807-bee4-3409789b211d,,,2025-03-30,1952-06-28,Ck483,Nr399,7312.06,F,15500,NM,General Practice,East Kendra,Pending,Routine
6af2cb96-8db2-4b65-abc4-7b79689035c3,6981d335-e772-4b8b-af59-0661d2bffec6,40cef75e-fa15-448d-9937-115a06e0949f,2024-05-15,2024-08-14,1954-01-16,NB585,lc047,9949.59,F,55342,HI,Pediatrics,Thomasside,Pending,Inpatient
bfa934f6-f9e6-4d22-bf66-340c26e17ce3,71e8fe11-0a6a-4d23-8648-cab0c0a7ad3a,f165ce9c-a45d-47e9-8d36-e9379957ad28,2022-11-10,2025-03-14,2012-10-13,dD249,,7828.25,F,56239,TN,Pediatrics,,Pending,Routine
2204f563-d2a9-48dd-bcba-596f7a594242,6ff90b64-35c1-4e95-95cb-e250d3925d6c,c8a5c011-e201-433c-ba81-483ad30b11ee,2023-03-05,2025-10-20,1953-01-16,AX437,aW109,4230.21,F,,ND,Orthopedics,South Karenhaven,Approved,Outpatient
07dfed43-8da5-4dc6-b7a5-fdd967254d87,dd8e733e-d926-4e5c-9425-7118710f9554,0d3c1c36-cf1b-4a3e-83a8-839c34bb496b,2022-11-01,2024-10-24,1974-03-19,RR580,cW633,534.61,M,39365,GU,Orthopedics,Anthonyfort,Approved,Emergency
245260ff-f748-4d87-9860-9d0eea359897,01329247-f0d7-4272-90e1-ac7c64ab6e49,d9c93a3f-1c2d-42f6-a72b-d3045cfc3d08,2023-08-03,2025-05-30,1985-04-19,eM123,oW370,3222.1,F,23956,VT,General Practice,South Alyssa,,Routine
af71e0c5-23ba-4384-bc09-0a9aae67a81d,00485503-aae4-43eb-a78e-b2e8a9b920b8,3746e4cc-ba9a-45e9-b71e-9b86a0c65aea,2023-09-21,2025-06-11,1993-04-01,,bd820,9335.96,F,35404,MD,Orthopedics,New Rachelbury,Approved,Outpatient
f02c22ec-7b44-46b8-9d2c-722bb4879f6c,8a2f2988-ccbb-4582-8777-72d8011b0f5e,7df00b4c-f93d-484c-802a-5d219a00086a,,2024-11-26,1991-09-22,JR903,Wy395,6351.44,F,10130,TN,Neurology,Cooperbury,Approved,Outpatient
cca7ee93-7f6e-4e99-9d4d-07600cc4c956,e39ab2f3-6755-47fd-8a74-1f1166b3bcef,796eeb73-bd0a-4bde-b48b-406fb1f0e820,2024-04-12,2025-06-25,1986-10-27,Rf818,tg364,6264.63,M,17136,PW,Orthopedics,Brownton,,Outpatient
4cdc8196-86fa-484e-b655-1c3f8cb559a0,729b715f-ee59-4640-b013-2ceb5cd886a7,42433d85-1726-4ef7-bb5a-92688711c181,2022-11-04,,2006-09-02,ys411,Xl563,9108.44,M,08496,CO,Cardiology,Lake Brentchester,Pending,
,102125a2-837b-4aaf-ae4a-d69cc419eec4,4ee81541-4fbd-453f-971e-8ee949dfbc27,2022-07-14,2024-02-15,2005-07-24,Et995,gr914,5533.84,F,16371,LA,Orthopedics,Lake Shannonmouth,Approved,Routine
bc108e72-7b46-4738-a1c5-8fc9af54d62b,9a728d6d-a2d5-44ae-873d-e4ea0bb4fc68,35b49e17-d6cb-4a31-ae67-ac3ac5440c26,2022-11-14,2025-09-17,1956-07-25,ra107,,8073.78,M,72747,VI,Neurology,East Larrychester,Pending,Inpatient
b67d8df1-2d64-497c-8848-46f2a852357d,3cf29d7e-9f69-4ebe-858a-c7d80ff1838f,a0448565-f743-4d5b-953a-7a335c420a08,2024-04-25,2025-03-16,1996-06-29,Xr976,fw576,5175.41,F,37493,VA,Pediatrics,,Denied,Emergency
b6b6731b-f435-46cc-9b0b-96a0b983cf95,f0dbdb64-08f9-4dad-9b3d-23d3aeb2cdd7,a6fa0209-22c7-4c2c-a4a9-d81ccc263dd7,2022-09-26,2025-05-26,1945-11-22,Ce776,Sk013,307.25,F,50422,CA,General Practice,Cunninghamland,Pending,Emergency
76c41b10-a246-4a63-af62-9a7f866f7a8e,67fae494-96a2-44d4-aa8b-bb2f405e7fb5,8f3755d2-9a0d-4370-9b9a-ef9b6849a145,2023-08-28,2024-10-04,1944-09-07,Cw927,bF586,7284.62,F,70635,MI,General Practice,Theresabury,Pending,Emergency
,0ced712e-1365-4b03-884a-3447d0064909,a18eb695-54a4-4ec6-b13e-e5722c960fb8,2023-11-29,2024-04-24,1989-08-30,,KH420,6296.01,F,77358,VI,Cardiology,West Laurenstad,Approved,
c09c220f-3c8e-4269-88d8-3b659cd4ce31,dc4d6c4d-e18b-4c58-ae1a-3c2d6a1cecca,49e69887-d1e7-4489-aec0-5f0cc42a00cc,2024-01-30,2024-10-30,2000-12-29,Pn810,LL694,1896.21,F,67912,ID,General Practice,Lake Franktown,Approved,Routine
90a46d73-5aeb-41e4-9f49-5f90988fa391,a3363ad9-da3d-4d1c-9e61-6478a54b60a9,ce5dbe4b-6e38-4fbf-95c1-ede311aed81a,2024-02-19,2024-08-16,1982-05-06,yf440,oO557,8910.14,M,04097,AZ,Pediatrics,Ericland,Denied,Outpatient
33824b86-cbfd-4e9a-bf0b-1694d812b1c8,8813cc31-9d7e-4e3b-a87b-4d0a1d6b225d,09d75e42-e37f-43c9-8e37-7bf13d49150d,2022-08-17,,1945-12-28,pK103,WJ369,8114.21,M,33437,NC,Orthopedics,Lake Rhondafurt,Approved,Inpatient
9d49f8c8-8b94-4461-8daa-d2fb9495ad11,4fa8993f-d306-4cc9-a13e-602e0e115067,8514c088-1e94-41e9-b305-d26a956d66f7,2024-01-27,2024-04-09,2002-08-15,XW806,Ph038,3893.83,F,62114,PA,Pediatrics,Olsenville,Denied,Inpatient
76a28007-617f-4f80-90fb-6a5a6eedf93f,,de6cc0f7-35fc-4814-8325-52f141538b88,2023-06-22,2025-05-22,,ac668,,9961.96,F,20138,,Cardiology,Josephside,Approved,Outpatient
648ffd26-330b-4e74-872b-b9dd5f163176,029e8e92-b794-4b2e-8a04-9756ce84f28f,afde3dae-b1e2-4c30-a32c-9b327162c537,2023-01-10,2025-10-07,1991-07-01,NU023,wh200,145.86,F,80273,CA,Neurology,New Miguelton,Pending,Routine
c15f2b9d-d594-4850-ab14-44689ee246d9,2f49a81a-a8b4-459c-b0b4-518c07da96a0,cba4bf1f-0c10-4f32-9ea6-2e182e05c720,2024-01-04,2025-10-05,,qI948,YS694,9220.94,F,23327,MP,Pediatrics,South Michaelburgh,Pending,Outpatient
53b1944b-2695-4e33-bdbb-b6b048f3c59a,6090269f-9b9e-415a-9c4d-eeb8f6dcec37,5ceaed6e-75f6-46ff-8ab6-b3373f0134af,2022-10-28,2024-12-19,1972-06-24,fn834,HR107,8579.72,F,22875,ND,,Lake Amber,Pending,Inpatient
654f4fdf-f8a3-4869-94c6-171d7532e362,83494fda-e92a-4ac1-8972-f9c576aeb752,6e1bd2f3-9617-4652-8912-fd0467c43667,2024-05-05,2024-09-11,1950-05-19,qy101,cL991,2162.32,M,20435,AZ,Orthopedics,Sandraland,Pending,Routine
e9f38739-335c-47fc-9f72-fc3e3163e18f,a09d83f0-1b5a-4bc0-9978-79d4c065c548,7c2b4e0b-b8d6-43f0-81e2-81ba7a645d18,2024-02-07,2025-06-15,1975-12-01,cD484,MC930,8409.45,F,07949,MS,General Practice,Lake Amandafort,,Outpatient
d6c00d46-f7a9-40f5-b463-d5cb458b2c6a,6847cdf0-638a-4636-901a-0dc0d741b58e,1a45027f-2086-4d6d-8705-30e78e651b0e,2024-03-14,2025-05-14,1994-04-17,Pj168,Al962,2490.86,,32099,,Cardiology,South Davidberg,Denied,Inpatient
fdb7eb98-b360-4d02-9ada-27a507a1ea0d,da13f3df-ac1e-45af-9664-312679392a64,eadb54ef-97ac-4ba0-906a-5adeb212dc3b,2022-09-07,2025-10-07,1959-03-15,,TP638,2871.35,M,05067,WV,General Practice,Garrettton,Pending,Outpatient
1342ce67-8663-41c0-8cf1-3823b9c17b91,f19f926c-b5d6-49db-af6c-de42f964aa0a,a0ac66e2-7aff-462b-a0fd-446cdac69f43,2022-08-28,2024-10-14,1975-10-21,lE124,if725,2792.3,,16066,RI,Pediatrics,New Denise,Approved,Inpatient
15ace109-14f2-4bec-ba6b-92450ccaaaf0,6fb2911c-1e4e-4a2c-bec9-938bc5482a84,79dbdb6b-8c49-45cd-9d6e-415947e7fdae,2023-01-09,2024-01-08,1981-08-02,DF994,LI331,8657.15,F,15144,NY,Neurology,Beckerfort,Pending,Inpatient
c6b2d99c-0ed3-46fc-8e4b-b535e2b40449,c8673be6-d556-42c0-bf74-b176dc1bc90d,8439e9e1-2ee2-4bfd-870d-6f2661576343,2023-03-21,2024-05-04,1979-06-01,kM223,Cv499,8978.21,F,20008,MO,Cardiology,Baileyfurt,Approved,Emergency
118dfb2a-dbd7-4d50-b493-4c08b7a6e416,9ccdead0-3428-46a8-9888-375a880c4d30,1693966f-5df4-4c1a-9b42-73512851d325,2023-10-23,2024-04-26,1992-12-20,Jm240,wN496,8238.82,F,81516,CO,Cardiology,West Maxwell,Denied,Outpatient
5e370b16-fe06-408b-8193-25985fef89ae,34152141-33eb-43ca-9140-670ecf1b0d3d,13fabd20-5e37-4e38-a71e-3693a8f9881d,2023-02-23,,1968-12-01,Ut673,or501,9791.91,M,43655,MS,General Practice,East Angelamouth,,Routine
8a08ca65-2499-4448-ab48-4c28f38a5ced,a7834a28-9dc1-40e0-834e-2274c9322806,808d1889-7a13-41ab-b856-c94f5900ca8c,2023-08-23,2025-07-06,1955-11-02,Oz279,UJ733,,M,41421,AS,Orthopedics,Patrickland,Pending,
8a2fe50c-006f-487c-a025-400b4d3501c2,ca7d7cda-3c66-4e61-b709-724117671992,b9d0e89d-5761-407e-a834-52540bcfd861,2024-06-26,2024-08-27,1999-03-28,,HA966,7318.82,M,08827,IA,Cardiology,Port Stevenview,Denied,Outpatient
c52ae7df-da4d-42cc-a124-2013238d2548,96666ba0-59bb-4d02-824f-5dfb4eb36fb5,855b5afd-cd55-44de-a9f7-2c12f17e0c84,2023-07-12,2025-08-06,1949-12-20,yf060,cD578,4033.14,M,82627,ND,General Practice,Jarvisville,Approved,Inpatient
9d1d2a2b-afa8-4381-a36e-fa5002478e9a,2fe2a035-f9e1-4e96-8480-237877177df9,5f4986f7-c946-4bce-8ed5-3bc39929f4e7,2024-03-28,2025-05-10,2013-10-17,At374,OF018,5214.07,,24887,AL,Cardiology,Mckenzieside,Pending,Emergency
371b42c8-e840-438a-99b4-1fcaa4a8ead7,1a55bb23-e21f-4bb1-8bf5-c18eb3b8265d,e4ade69f-6e90-4da3-8cc7-ad2e2c9e05cb,2022-12-27,2024-02-02,1971-02-25,ua135,Zq629,6373.74,M,06553,TX,Pediatrics,New Benjaminchester,Approved,Inpatient
a6279e1d-2b15-42e6-abec-7fcbcabbc094,be0b01af-59d5-4237-83ff-086aa9f691f2,7826fc10-c9d4-46da-b92e-b685b213220b,2022-09-26,2025-03-09,1994-05-14,Qg272,,9010.23,M,02800,ME,General Practice,Port Tinashire,Denied,Emergency
d3e7d5fd-32a6-4357-a733-d2eedfe2b115,716671df-a6b6-4d07-ac72-bec2ea78e4b5,cdab9f5f-0f20-4f05-ac63-0a8606775dc7,2023-08-20,2024-11-05,,eB837,Kv576,182.37,F,47601,NJ,Orthopedics,Lindseyview,Approved,Inpatient
c62cfdf8-616e-4093-88e0-393db5acc700,64754503-1497-4d23-b079-f257a019f5b2,,2023-03-14,2024-11-27,1983-01-26,kj432,Rn356,2685.51,F,60817,VT,Cardiology,Lake Terrence,Pending,Inpatient
7d3e1751-24c9-4a52-abde-123cfe07d753,5c0aedda-03db-4bd7-8a0f-04c7434661d8,1fb04350-77e6-4c26-bc5a-2cb7c4d59427,2022-11-05,2024-09-15,1950-02-19,Wr629,Zy247,6141.23,F,44724,VT,Cardiology,East Francisco,Approved,Outpatient
a4c6887b-e774-45df-b3c3-0682cae7e597,91fb6ae4-823f-4868-b408-497be7f51ea6,1d6edf94-39df-4e5b-b9c4-e5cdf4b55f91,2023-06-03,2024-03-26,1967-08-11,Cl951,eb873,5448.94,M,22340,MO,Neurology,New Michele,Denied,Outpatient
6cd8587a-c76e-4661-bf7e-a3e3891d80ca,14db8255-7131-4610-a1d4-37d38c7045d6,04fce8ea-ee81-48b7-9b41-753f2626714e,2023-11-11,2025-02-19,1984-01-22,DB051,vh604,1816.4,F,06037,WV,Neurology,Port Tiffany,Denied,Inpatient
6792a701-b116-4c43-a62e-95ff68a298f7,a6906019-3bd4-4f89-88c4-81d545ba27f8,d909f112-00ec-4f4d-8e60-8a7f41266560,2022-07-24,2024-05-06,1992-11-27,of320,Qc995,3687.7,F,90440,LA,Cardiology,North Charlesfurt,Approved,Routine
4f55bce5-36fb-4465-be8d-aab5b21adebe,55e94496-cb89-4f88-b4c6-c39dc540c933,7b821927-de77-4e8f-86de-f1ddcab5f709,2024-03-11,2025-07-10,1935-01-06,ob291,Tr762,9493.97,F,50125,LA,Neurology,Bobbyview,Denied,Inpatient
e01d7576-64cc-4aa0-b780-6340c96b32e1,a9b307a8-f13d-407a-98a6-313ffcd922ed,4431fa75-ae7f-4aa4-af9d-73c4da40fa32,2024-05-13,2025-05-26,2005-02-11,co197,eo947,606.24,F,86946,ND,Neurology,Lutzside,Denied,Outpatient
67fe6e17-2389-4232-bd08-e335ffd4daec,ec66a616-2ffc-41ad-9acf-e218e240cd1f,42b96f3e-adf7-4c61-8058-bc468d0e7624,2023-06-12,2024-12-18,1980-02-03,Uw740,wC655,9643.89,F,16669,ND,General Practice,Port Jennifer,Approved,Outpatient
3b8fd89a-d0be-4fc7-836c-dd03ccb4c9d6,1ee14bc3-27fe-4e40-ad22-7e40ee09405d,e790177f-feb6-4cba-ab4a-07e2587c92e8,2023-08-12,2025-04-27,1956-09-17,GI816,zE588,,F,19908,HI,Orthopedics,Port Elizabethshire,Approved,Routine
350b0a5e-54d0-428a-8913-a7eb73066e6d,5f1ffd9a-5101-44a9-8108-2303f42ff394,70198e75-8818-4281-8390-7814ca5585e4,2023-10-20,2024-01-04,1965-12-28,MF717,OW338,5403.0,F,47923,IA,Cardiology,North Amandastad,,Emergency
b414fc20-86c8-4a57-87f8-75e4693f5e7c,1d3e98e8-14b6-453e-a5f1-8b1ed3356a22,6a3003ad-a621-4c04-bbc6-0dd3f929276e,2023-07-29,2024-03-13,1994-05-13,JE102,oF640,4843.9,M,45316,WY,Pediatrics,Lake William,Pending,Outpatient
